# t_s cur_mA v_mV APSS_sd APSS_xosd APSS_xopct APSS_cores LPASS_sd LPASS_xosd LPASS_xopct LPASS_cores MPSS_sd MPSS_xosd MPSS_xopct MPSS_cores PRONTO_sd PRONTO_xosd PRONTO_xopct PRONTO_cores edge_irq_per_s modem_irq_per_s
2 152 4412 70 0 0 0x1 0 0 0 0x0 10 7 83 0x0 20 20 87 0x0  193 52
4 150 4412 94 0 0 0x1 0 0 0 0x0 6 6 91 0x0 21 21 87 0x0  59 0
6 150 4412 78 0 0 0x1 0 0 0 0x0 8 8 106 0x0 20 20 88 0x0  64 1
8 151 4412 105 0 0 0x1 0 0 0 0x0 6 6 91 0x0 21 21 88 0x0  19 0
10 148 4411 96 0 0 0x1 0 0 0 0x0 7 7 106 0x0 20 20 87 0x0  46 0
12 145 4412 102 0 0 0x1 0 0 0 0x0 4 4 76 0x1 21 21 87 0x0  18 1
14 147 4412 102 0 0 0x1 0 0 0 0x0 3 3 27 0x1 20 20 87 0x0  41 0
16 147 4412 78 0 0 0x1 0 0 0 0x0 7 7 64 0x0 20 20 88 0x0  62 0
18 143 4412 102 0 0 0x1 0 0 0 0x0 3 3 43 0x1 20 20 88 0x0  11 2
20 144 4412 88 0 0 0x1 0 0 0 0x0 7 7 61 0x0 21 21 87 0x0  42 0
22 144 4412 96 0 0 0x1 0 0 0 0x0 5 5 60 0x1 20 20 88 0x0  76 0
24 142 4412 111 0 0 0x1 0 0 0 0x0 5 5 37 0x0 20 20 88 0x0  13 0
26 143 4412 95 0 0 0x1 0 0 0 0x0 6 6 60 0x0 19 19 82 0x0  25 0
28 141 4412 94 0 0 0x1 0 0 0 0x0 3 3 40 0x1 20 20 87 0x0  107 0
30 140 4412 81 0 0 0x1 0 0 0 0x0 7 7 61 0x0 20 20 88 0x0  79 0
32 140 4412 112 0 0 0x1 0 0 0 0x0 5 5 63 0x1 21 21 91 0x1  36 0
34 139 4412 92 0 0 0x1 0 0 0 0x0 5 4 22 0x0 19 19 82 0x1  45 0
36 139 4412 99 0 0 0x1 0 0 0 0x0 6 6 60 0x0 21 21 88 0x0  32 0
38 138 4413 102 0 0 0x1 0 0 0 0x0 4 4 50 0x1 20 20 87 0x0  5 0
40 139 4412 82 0 0 0x1 0 0 0 0x0 6 6 50 0x0 17 17 75 0x1  66 0
42 137 4412 93 0 0 0x1 0 0 0 0x0 5 5 60 0x1 20 20 88 0x1  16 0
44 136 4412 106 0 0 0x1 0 0 0 0x0 3 3 20 0x0 19 19 83 0x1  6 0
46 137 4412 95 0 0 0x1 0 0 0 0x0 6 6 63 0x0 21 21 86 0x0  51 0
48 135 4412 105 0 0 0x1 0 0 0 0x0 5 5 64 0x1 19 19 88 0x1  3 0
50 136 4413 90 0 0 0x1 0 0 0 0x0 5 5 42 0x0 22 22 87 0x0  22 0
52 135 4412 105 0 0 0x1 0 0 0 0x0 5 5 65 0x1 20 20 88 0x0  49 0
54 136 4412 110 0 0 0x1 0 0 0 0x0 3 3 17 0x0 20 20 88 0x0  40 0
56 133 4412 98 0 0 0x1 0 0 0 0x0 6 6 62 0x0 20 20 87 0x0  16 0
58 133 4412 98 0 0 0x1 0 0 0 0x0 8 7 67 0x0 20 20 88 0x0  82 0
60 133 4412 94 0 0 0x1 0 0 0 0x0 4 4 31 0x0 20 20 88 0x0  28 0
62 131 4412 93 0 0 0x1 0 0 0 0x0 5 5 56 0x1 21 21 87 0x0  68 0
64 135 4409 112 0 0 0x1 0 0 0 0x0 4 4 37 0x1 20 20 88 0x0  45 0
66 133 4412 99 0 0 0x1 0 0 0 0x0 3 3 20 0x1 20 20 88 0x0  15 0
68 131 4412 107 0 0 0x1 0 0 0 0x0 7 7 56 0x0 21 21 87 0x0  2 0
70 132 4412 93 0 0 0x1 0 0 0 0x0 2 2 29 0x1 20 20 88 0x0  61 0
72 132 4412 100 0 0 0x1 0 0 0 0x0 6 5 50 0x1 20 20 88 0x0  15 0
74 130 4412 97 0 0 0x1 0 0 0 0x0 6 6 50 0x0 20 20 87 0x0  17 0
76 130 4412 98 0 0 0x1 0 0 0 0x0 4 3 39 0x1 20 20 84 0x0  50 0
78 129 4412 96 0 0 0x1 0 0 0 0x0 3 3 20 0x0 20 20 88 0x0  8 0
80 131 4412 57 0 0 0x1 0 0 0 0x0 4 4 50 0x1 21 21 87 0x0  104 0
82 128 4412 98 0 0 0x1 0 0 0 0x0 7 6 50 0x0 20 20 88 0x0  18 0
84 128 4412 100 0 0 0x1 0 0 0 0x0 6 6 60 0x0 20 20 88 0x0  10 0
86 127 4412 98 0 0 0x1 0 0 0 0x0 4 4 42 0x0 20 20 87 0x0  49 0
88 127 4412 106 0 0 0x1 0 0 0 0x0 4 4 36 0x0 20 20 86 0x0  40 0
90 127 4412 110 0 0 0x1 0 0 0 0x0 6 6 70 0x1 21 21 86 0x0  21 0
92 126 4412 100 0 0 0x1 0 0 0 0x0 4 4 28 0x0 20 20 92 0x1  67 0
94 126 4412 100 0 0 0x1 0 0 0 0x0 6 6 71 0x1 20 20 87 0x1  28 0
96 123 4412 98 0 0 0x1 0 0 0 0x0 2 2 19 0x1 20 20 88 0x1  12 0
98 123 4412 94 0 0 0x1 0 0 0 0x0 4 4 27 0x0 20 20 88 0x1  51 0
100 124 4412 96 0 0 0x1 0 0 0 0x0 7 7 74 0x0 21 21 88 0x0  31 0
102 124 4411 105 0 0 0x1 0 0 0 0x0 4 4 34 0x0 20 20 87 0x0  10 0
104 125 4412 96 0 0 0x1 0 0 0 0x0 6 6 69 0x1 20 20 88 0x0  55 0
106 124 4412 104 0 0 0x1 0 0 0 0x0 6 6 60 0x1 19 19 85 0x1  17 0
108 125 4412 97 0 0 0x1 0 0 0 0x0 4 4 40 0x1 21 21 83 0x0  12 0
110 124 4412 89 0 0 0x1 0 0 0 0x0 7 7 60 0x0 20 20 88 0x0  96 0
112 124 4412 103 0 0 0x1 0 0 0 0x0 4 4 42 0x1 20 20 88 0x0  7 0
114 122 4412 98 0 0 0x1 0 0 0 0x0 7 7 60 0x0 20 20 88 0x0  14 0
116 122 4412 100 0 0 0x1 0 0 0 0x0 6 6 64 0x0 16 16 74 0x1  43 0
118 122 4412 109 0 0 0x1 0 0 0 0x0 4 4 40 0x1 13 13 52 0x0  12 0
120 121 4412 89 0 0 0x1 0 0 0 0x0 7 7 59 0x0 21 21 87 0x0  40 0
122 122 4412 102 0 0 0x1 0 0 0 0x0 4 4 49 0x1 20 20 88 0x0  84 0
124 122 4412 100 0 0 0x1 0 0 0 0x0 7 7 52 0x0 20 20 88 0x0  10 0
126 123 4412 93 0 0 0x1 0 0 0 0x0 6 6 60 0x0 20 20 88 0x0  10 0
128 121 4412 84 0 0 0x1 0 0 0 0x0 3 3 29 0x0 20 20 88 0x0  64 0
130 122 4412 76 0 0 0x1 0 0 0 0x0 6 6 59 0x0 20 20 88 0x0  17 0
132 121 4412 107 0 0 0x1 0 0 0 0x0 5 5 60 0x1 21 21 87 0x0  8 0
134 120 4412 98 0 0 0x1 0 0 0 0x0 5 5 41 0x0 20 20 88 0x0  49 0
136 120 4412 98 0 0 0x1 0 0 0 0x0 6 6 71 0x1 20 20 91 0x1  14 0
138 122 4412 72 0 0 0x1 0 0 0 0x0 0 0 0 0x1 22 22 86 0x1  46 1
140 121 4412 103 0 0 0x1 0 0 0 0x0 6 6 43 0x0 20 20 88 0x1  63 1
142 117 4412 103 0 0 0x1 0 0 0 0x0 5 5 62 0x1 21 21 88 0x0  8 0
144 120 4411 96 0 0 0x1 0 0 0 0x0 5 5 40 0x0 20 20 86 0x0  16 0
146 119 4413 100 0 0 0x1 0 0 0 0x0 6 6 74 0x1 20 20 88 0x0  43 0
148 118 4412 100 0 0 0x1 0 0 0 0x0 5 5 34 0x0 19 19 82 0x0  21 0
150 116 4411 54 0 0 0x1 0 0 0 0x0 6 6 72 0x1 21 21 87 0x0  24 0
152 119 4412 103 0 0 0x1 0 0 0 0x0 7 7 61 0x0 20 20 88 0x0  58 0
154 117 4412 101 0 0 0x1 0 0 0 0x0 3 3 30 0x0 20 20 88 0x0  35 0
156 117 4412 96 0 0 0x1 0 0 0 0x0 7 7 68 0x0 20 20 88 0x0  12 0
158 117 4412 88 0 0 0x1 0 0 0 0x0 4 4 49 0x1 19 19 83 0x0  103 0
160 115 4412 98 0 0 0x1 0 0 0 0x0 6 6 50 0x1 21 21 85 0x0  12 0
162 116 4412 105 0 0 0x1 0 0 0 0x0 7 7 59 0x0 20 20 88 0x0  5 0
164 116 4412 102 0 0 0x1 0 0 0 0x0 4 4 41 0x1 19 19 86 0x1  49 0
166 117 4412 107 0 0 0x1 0 0 0 0x0 7 7 60 0x0 21 21 87 0x1  10 0
168 116 4412 67 0 0 0x1 0 0 0 0x0 6 6 62 0x0 20 20 88 0x1  91 0
170 116 4412 89 0 0 0x1 0 0 0 0x0 4 3 41 0x1 21 21 88 0x0  49 0
172 117 4412 104 0 0 0x1 0 0 0 0x0 7 7 62 0x0 20 20 87 0x0  8 0
174 115 4412 97 0 0 0x1 0 0 0 0x0 4 4 52 0x1 20 20 87 0x0  8 0
176 113 4412 106 0 0 0x1 0 0 0 0x0 7 7 50 0x0 20 20 88 0x0  46 0
178 113 4411 99 0 0 0x1 0 0 0 0x0 6 6 73 0x1 21 21 87 0x0  27 0
180 116 4412 87 0 0 0x1 0 0 0 0x0 5 5 39 0x1 20 20 92 0x0  35 0
182 110 4412 100 0 0 0x1 0 0 0 0x0 7 7 62 0x1 21 21 88 0x0  44 0
184 116 4412 100 0 0 0x1 0 0 0 0x0 6 6 59 0x1 20 20 87 0x0  47 0
186 115 4412 100 0 0 0x1 0 0 0 0x0 4 4 38 0x1 19 19 82 0x0  18 0
188 115 4412 100 0 0 0x1 0 0 0 0x0 7 7 60 0x0 20 20 88 0x0  93 0
190 111 4412 79 0 0 0x1 0 0 0 0x0 4 3 41 0x0 20 20 80 0x0  16 0
192 114 4412 103 0 0 0x1 0 0 0 0x0 6 6 59 0x1 20 20 88 0x0  15 0
194 114 4412 85 0 0 0x1 0 0 0 0x0 7 7 63 0x0 20 20 93 0x1  55 0
196 112 4412 108 0 0 0x1 0 0 0 0x0 4 4 45 0x1 22 22 87 0x0  13 0
198 113 4412 69 0 0 0x1 0 0 0 0x0 7 7 58 0x0 20 20 88 0x0  115 0
200 114 4412 94 0 0 0x1 0 0 0 0x0 5 5 60 0x1 20 20 88 0x0  11 0
202 112 4412 98 0 0 0x1 0 0 0 0x0 6 6 41 0x0 20 20 87 0x0  46 0
204 114 4412 107 0 0 0x1 0 0 0 0x0 6 6 59 0x0 20 20 88 0x0  17 0
206 111 4412 110 0 0 0x1 0 0 0 0x0 5 5 41 0x0 20 20 88 0x0  10 0
208 114 4413 95 0 0 0x1 0 0 0 0x0 6 6 59 0x0 21 21 87 0x0  51 0
210 113 4412 105 0 0 0x1 0 0 0 0x0 7 7 69 0x1 20 20 88 0x0  7 0
212 111 4411 100 0 0 0x1 0 0 0 0x0 5 5 32 0x0 21 20 93 0x0  49 0
214 114 4412 103 0 0 0x1 0 0 0 0x0 6 6 69 0x1 20 21 87 0x0  27 0
216 115 4413 74 0 0 0x1 0 0 0 0x0 5 5 49 0x1 20 20 88 0x0  96 0
218 112 4412 100 0 0 0x1 0 0 0 0x0 5 5 46 0x1 20 20 88 0x0  51 0
220 111 4411 107 0 0 0x1 0 0 0 0x0 7 7 59 0x0 20 20 81 0x0  5 0
222 113 4412 96 0 0 0x1 0 0 0 0x0 3 3 32 0x0 20 20 88 0x0  52 0
224 112 4412 90 0 0 0x1 0 0 0 0x0 6 6 72 0x1 21 21 87 0x0  18 0
226 111 4412 100 0 0 0x1 0 0 0 0x0 7 7 61 0x0 20 20 88 0x0  11 0
228 111 4412 100 0 0 0x1 0 0 0 0x0 3 3 40 0x1 20 20 88 0x0  74 0
230 112 4412 104 0 0 0x1 0 0 0 0x0 7 7 60 0x0 18 18 81 0x1  10 0
232 111 4412 90 0 0 0x1 0 0 0 0x0 2 2 27 0x1 19 19 79 0x0  21 0
234 110 4412 95 0 0 0x1 0 0 0 0x0 5 5 41 0x0 17 17 79 0x1  50 0
# window_from=242  # samples before this mark saw a lit panel
