# t_s cur_mA v_mV APSS_sd APSS_xosd APSS_xopct APSS_cores LPASS_sd LPASS_xosd LPASS_xopct LPASS_cores MPSS_sd MPSS_xosd MPSS_xopct MPSS_cores PRONTO_sd PRONTO_xosd PRONTO_xopct PRONTO_cores
2 232 4304 22 0 0 0x1 0 0 0 0x0 4 4 52 0x0 7 7 18 0x1 
4 63 4327 17 0 0 0x1 0 0 0 0x0 3 3 36 0x0 9 9 19 0x0 
6 129 4319 35 0 0 0x1 0 0 0 0x0 7 7 92 0x0 20 20 86 0x0 
8 195 4322 25 0 0 0x1 0 0 0 0x0 2 2 27 0x0 20 20 87 0x0 
10 52 4335 22 0 0 0x1 0 0 0 0x0 3 3 35 0x0 21 21 84 0x0 
12 62 4334 33 0 0 0x1 0 0 0 0x0 7 7 97 0x0 20 20 82 0x0 
14 189 4291 14 0 0 0x1 0 0 0 0x0 4 4 70 0x1 19 19 79 0x1 
16 149 4317 34 0 0 0x1 0 0 0 0x0 5 5 52 0x0 14 14 44 0x0 
18 53 4329 31 0 0 0x1 0 0 0 0x0 5 5 61 0x0 20 20 85 0x0 
20 158 4301 34 0 0 0x1 0 0 0 0x0 2 2 40 0x1 13 13 50 0x0 
22 52 4332 16 0 0 0x1 0 0 0 0x0 7 7 72 0x0 20 20 80 0x0 
24 53 4326 22 0 0 0x1 0 0 0 0x0 7 7 98 0x0 20 19 87 0x0 
26 233 4288 18 0 0 0x1 0 0 0 0x0 0 0 14 0x1 19 20 84 0x1 
28 59 4324 29 0 0 0x1 0 0 0 0x0 6 6 76 0x1 21 21 80 0x0 
30 230 4292 29 0 0 0x1 0 0 0 0x0 5 5 67 0x1 20 20 86 0x0 
32 80 4319 21 0 0 0x1 0 0 0 0x0 4 4 40 0x0 20 20 86 0x0 
34 153 4312 24 0 0 0x1 0 0 0 0x0 6 6 93 0x1 14 14 59 0x1 
36 203 4282 27 0 0 0x1 0 0 0 0x0 4 4 39 0x0 8 8 18 0x0 
38 67 4310 29 0 0 0x1 0 0 0 0x0 6 6 78 0x0 9 9 20 0x0 
40 52 4325 33 0 0 0x1 0 0 0 0x0 7 7 93 0x0 19 19 85 0x1 
42 123 4310 20 0 0 0x1 0 0 0 0x0 3 3 40 0x0 20 20 81 0x0 
44 53 4324 20 0 0 0x1 0 0 0 0x0 6 6 80 0x0 21 21 84 0x0 
46 199 4298 25 0 0 0x1 0 0 0 0x0 5 5 84 0x1 20 20 87 0x0 
48 52 4321 17 0 0 0x1 0 0 0 0x0 5 5 52 0x0 21 21 86 0x0 
50 53 4321 28 0 0 0x1 0 0 0 0x0 6 6 79 0x0 20 20 83 0x0 
52 182 4287 21 0 0 0x1 0 0 0 0x0 4 4 53 0x0 19 19 85 0x1 
54 121 4313 35 0 0 0x1 0 0 0 0x0 6 6 79 0x0 19 19 73 0x0 
56 53 4319 29 0 0 0x1 0 0 0 0x0 6 6 79 0x0 21 21 81 0x0 
58 103 4306 25 0 0 0x1 0 0 0 0x0 4 4 53 0x0 19 19 77 0x0 
60 53 4318 25 0 0 0x1 0 0 0 0x0 6 6 80 0x0 20 20 85 0x0 
62 173 4275 32 0 0 0x1 0 0 0 0x0 5 5 84 0x1 19 19 85 0x1 
64 52 4319 29 0 0 0x1 0 0 0 0x0 5 5 54 0x0 20 20 83 0x0 
66 123 4312 8 0 0 0x1 0 0 0 0x0 6 6 84 0x0 20 20 88 0x0 
68 146 4284 28 0 0 0x1 0 0 0 0x0 3 3 56 0x1 15 15 61 0x1 
70 167 4289 28 0 0 0x1 0 0 0 0x0 7 7 81 0x0 9 9 21 0x1 
72 100 4303 34 0 0 0x1 0 0 0 0x0 6 6 82 0x0 9 9 23 0x0 
74 52 4313 30 0 0 0x1 0 0 0 0x0 3 3 54 0x1 20 20 84 0x1 
76 80 4310 20 0 0 0x1 0 0 0 0x0 7 7 84 0x0 20 20 82 0x0 
78 233 4289 27 0 0 0x1 0 0 0 0x0 5 5 85 0x1 20 20 85 0x0 
80 53 4316 31 0 0 0x1 0 0 0 0x0 4 4 51 0x1 20 20 86 0x0 
82 148 4301 17 0 0 0x1 0 0 0 0x0 7 7 81 0x0 20 20 86 0x0 
84 231 4273 31 0 0 0x1 0 0 0 0x0 3 3 55 0x1 20 20 86 0x0 
86 53 4313 24 0 0 0x1 0 0 0 0x0 6 6 75 0x1 21 21 83 0x0 
88 53 4309 19 0 0 0x1 0 0 0 0x0 7 7 80 0x0 19 19 81 0x0 
90 140 4284 33 0 0 0x1 0 0 0 0x0 3 3 39 0x0 20 20 87 0x0 
92 75 4299 16 0 0 0x1 0 0 0 0x0 6 6 92 0x1 20 20 84 0x0 
94 58 4315 32 0 0 0x1 0 0 0 0x0 6 6 83 0x1 20 20 87 0x0 
96 52 4311 31 0 0 0x1 0 0 0 0x0 4 4 40 0x0 19 19 87 0x1 
98 80 4312 29 0 0 0x1 0 0 0 0x0 7 7 98 0x0 21 21 81 0x0 
100 154 4284 40 0 0 0x1 0 0 0 0x0 3 3 56 0x1 20 20 85 0x0 
102 80 4301 20 0 0 0x1 0 0 0 0x0 6 6 68 0x0 14 14 57 0x1 
104 97 4299 20 0 0 0x1 0 0 0 0x0 6 6 95 0x1 10 10 21 0x1 
106 81 4301 23 0 0 0x1 0 0 0 0x0 4 4 38 0x0 10 10 29 0x0 
108 130 4295 18 0 0 0x1 0 0 0 0x0 6 6 80 0x0 19 19 87 0x1 
110 52 4311 26 0 0 0x1 0 0 0 0x0 6 6 93 0x1 20 20 78 0x0 
112 168 4288 11 0 0 0x1 0 0 0 0x0 4 4 40 0x0 20 20 86 0x0 
114 52 4309 31 0 0 0x1 0 0 0 0x0 6 6 79 0x0 20 20 85 0x0 
116 179 4262 20 0 0 0x1 0 0 0 0x0 4 4 66 0x1 21 21 85 0x0 
118 52 4309 19 0 0 0x1 0 0 0 0x0 6 6 65 0x0 20 20 86 0x0 
120 58 4307 32 0 0 0x1 0 0 0 0x0 6 6 83 0x0 19 19 82 0x0 
122 182 4275 4 0 0 0x1 0 0 0 0x0 3 3 41 0x0 20 20 85 0x0 
124 53 4309 35 0 0 0x1 0 0 0 0x0 6 6 80 0x0 20 20 87 0x0 
126 52 4309 12 0 0 0x1 0 0 0 0x0 6 6 93 0x1 20 20 86 0x0 
128 53 4308 26 0 0 0x1 0 0 0 0x0 4 4 38 0x0 21 21 86 0x0 
130 200 4283 16 0 0 0x1 0 0 0 0x0 5 5 79 0x1 20 20 82 0x0 
132 169 4272 25 0 0 0x1 0 0 0 0x0 3 3 39 0x1 19 19 83 0x0 
134 158 4284 31 0 0 0x1 0 0 0 0x0 6 6 70 0x0 20 20 77 0x0 
136 62 4289 24 0 0 0x1 0 0 0 0x0 6 6 84 0x0 14 14 54 0x0 
138 53 4294 40 0 0 0x1 0 0 0 0x0 3 3 54 0x1 6 6 17 0x1 
140 168 4285 33 0 0 0x1 0 0 0 0x0 8 8 84 0x0 12 12 33 0x0 
142 53 4305 23 0 0 0x1 0 0 0 0x0 6 6 82 0x0 19 19 80 0x1 
144 53 4306 36 0 0 0x1 0 0 0 0x0 3 3 51 0x1 20 20 78 0x0 
146 53 4305 18 0 0 0x1 0 0 0 0x0 7 7 83 0x0 21 21 84 0x0 
148 169 4266 36 0 0 0x1 0 0 0 0x0 5 5 60 0x1 20 20 82 0x0 
150 187 4291 16 0 0 0x1 0 0 0 0x0 5 5 65 0x1 21 21 83 0x0 
152 53 4303 28 0 0 0x1 0 0 0 0x0 7 7 80 0x0 20 20 84 0x0 
154 143 4283 32 0 0 0x1 0 0 0 0x0 3 3 39 0x0 19 19 87 0x1 
156 62 4302 21 0 0 0x1 0 0 0 0x0 7 7 91 0x0 20 20 81 0x0 
158 144 4286 32 0 0 0x1 0 0 0 0x0 7 7 73 0x0 20 20 73 0x0 
160 120 4275 35 0 0 0x1 0 0 0 0x0 0 0 13 0x1 20 20 80 0x0 
162 200 4286 32 0 0 0x1 0 0 0 0x0 7 7 80 0x1 20 20 85 0x0 
164 154 4273 31 0 0 0x1 0 0 0 0x0 3 3 41 0x1 19 18 78 0x0 
166 53 4300 11 0 0 0x1 0 0 0 0x0 6 6 62 0x0 16 16 68 0x1 
168 57 4299 29 0 0 0x1 0 0 0 0x0 6 6 98 0x1 20 20 82 0x0 
170 65 4286 26 0 0 0x1 0 0 0 0x0 3 3 13 0x0 14 13 49 0x1 
172 76 4297 29 0 0 0x1 0 0 0 0x0 6 6 84 0x0 8 8 16 0x0 
174 58 4296 25 0 0 0x1 0 0 0 0x0 7 7 85 0x1 12 12 34 0x0 
176 182 4277 30 0 0 0x1 0 0 0 0x0 4 4 38 0x0 20 20 85 0x0 
178 95 4296 28 0 0 0x1 0 0 0 0x0 6 6 92 0x1 20 20 87 0x0 
180 189 4256 20 0 0 0x1 0 0 0 0x0 2 2 22 0x1 19 19 81 0x1 
182 99 4286 28 0 0 0x1 0 0 0 0x0 6 6 66 0x0 20 20 83 0x0 
184 82 4295 22 0 0 0x1 0 0 0 0x0 6 6 92 0x1 21 21 88 0x0 
186 67 4295 17 0 0 0x1 0 0 0 0x0 4 4 37 0x0 21 21 86 0x0 
188 53 4301 29 0 0 0x1 0 0 0 0x0 6 6 79 0x0 20 20 85 0x0 
190 261 4261 19 0 0 0x1 0 0 0 0x0 4 4 63 0x1 19 19 84 0x1 
192 53 4298 31 0 0 0x1 0 0 0 0x0 4 4 37 0x0 20 20 80 0x0 
194 53 4300 27 0 0 0x1 0 0 0 0x0 6 6 79 0x0 20 20 84 0x0 
196 177 4262 13 0 0 0x1 0 0 0 0x0 4 4 66 0x1 20 20 82 0x0 
198 53 4299 36 0 0 0x1 0 0 0 0x0 6 6 66 0x0 20 20 83 0x0 
200 157 4281 36 0 0 0x1 0 0 0 0x0 4 4 49 0x0 20 20 84 0x0 
202 52 4293 31 0 0 0x1 0 0 0 0x0 4 4 52 0x0 19 19 85 0x1 
204 103 4288 29 0 0 0x1 0 0 0 0x0 6 6 79 0x0 14 14 45 0x1 
206 52 4295 14 0 0 0x1 0 0 0 0x0 6 6 84 0x0 9 9 18 0x1 
208 185 4272 28 0 0 0x1 0 0 0 0x0 3 3 51 0x1 11 11 37 0x0 
210 56 4289 27 0 0 0x1 0 0 0 0x0 5 5 49 0x0 20 20 83 0x0 
212 152 4267 37 0 0 0x1 0 0 0 0x0 4 4 66 0x1 20 20 87 0x0 
214 53 4298 28 0 0 0x1 0 0 0 0x0 6 6 63 0x0 19 19 87 0x1 
216 53 4298 14 0 0 0x1 0 0 0 0x0 6 6 80 0x0 21 21 81 0x0 
218 121 4280 31 0 0 0x1 0 0 0 0x0 3 3 39 0x0 21 21 82 0x0 
220 53 4293 26 0 0 0x1 0 0 0 0x0 5 5 62 0x0 20 20 86 0x0 
222 197 4275 28 0 0 0x1 0 0 0 0x0 6 6 80 0x0 20 20 84 0x0 
224 61 4295 32 0 0 0x1 0 0 0 0x0 3 3 40 0x0 19 19 81 0x0 
226 53 4294 12 0 0 0x1 0 0 0 0x0 7 7 97 0x0 19 19 78 0x0 
228 285 4257 31 0 0 0x1 0 0 0 0x0 4 4 70 0x1 20 20 78 0x0 
230 53 4293 23 0 0 0x1 0 0 0 0x0 3 3 33 0x1 20 20 86 0x0 
232 71 4285 33 0 0 0x1 0 0 0 0x0 7 7 79 0x0 19 19 72 0x0 
234 57 4283 27 0 0 0x1 0 0 0 0x0 3 3 40 0x0 20 20 85 0x0 
236 53 4298 27 0 0 0x1 0 0 0 0x0 6 6 92 0x1 19 19 80 0x0 
238 67 4294 36 0 0 0x1 0 0 0 0x0 8 8 73 0x0 13 13 43 0x1 
240 119 4269 28 0 0 0x1 0 0 0 0x0 2 2 22 0x0 9 9 18 0x1 
242 63 4294 19 0 0 0x1 0 0 0 0x0 7 7 93 0x0 13 13 44 0x0 
244 160 4262 9 0 0 0x1 0 0 0 0x0 4 4 65 0x1 19 19 80 0x0 
246 108 4295 19 0 0 0x1 0 0 0 0x0 5 5 52 0x0 21 21 85 0x0 
248 66 4287 26 0 0 0x1 0 0 0 0x0 7 7 92 0x0 20 20 84 0x0 
250 130 4264 19 0 0 0x1 0 0 0 0x0 3 3 39 0x0 20 20 85 0x0 
252 95 4289 30 0 0 0x1 0 0 0 0x0 6 6 79 0x0 20 20 85 0x0 
254 179 4275 28 0 0 0x1 0 0 0 0x0 7 7 97 0x0 19 19 83 0x1 
256 220 4253 28 0 0 0x1 0 0 0 0x0 2 2 38 0x1 20 20 82 0x0 
258 63 4292 25 0 0 0x1 0 0 0 0x0 5 5 52 0x0 21 21 85 0x0 
260 179 4257 23 0 0 0x1 0 0 0 0x0 3 3 53 0x1 18 18 74 0x0 
262 52 4295 30 0 0 0x1 0 0 0 0x0 6 6 56 0x0 20 20 85 0x0 
264 104 4281 32 0 0 0x1 0 0 0 0x0 6 6 79 0x0 20 20 85 0x0 
266 53 4288 28 0 0 0x1 0 0 0 0x0 4 4 51 0x0 19 19 86 0x1 
268 172 4274 25 0 0 0x1 0 0 0 0x0 6 6 80 0x0 20 20 80 0x0 
270 240 4260 36 0 0 0x1 0 0 0 0x0 4 4 66 0x1 20 20 80 0x0 
272 149 4268 23 0 0 0x1 0 0 0 0x0 5 5 46 0x0 12 12 38 0x0 
274 175 4266 12 0 0 0x1 0 0 0 0x0 6 6 79 0x0 6 6 17 0x1 
276 227 4260 23 0 0 0x1 0 0 0 0x0 3 3 55 0x1 13 13 47 0x1 
278 53 4293 31 0 0 0x1 0 0 0 0x0 7 7 77 0x0 20 20 81 0x0 
280 148 4267 10 0 0 0x1 0 0 0 0x0 4 4 67 0x1 20 20 85 0x0 
282 52 4294 31 0 0 0x1 0 0 0 0x0 3 3 32 0x1 20 20 81 0x0 
284 92 4293 22 0 0 0x1 0 0 0 0x0 7 7 79 0x0 20 20 84 0x0 
286 169 4258 21 0 0 0x1 0 0 0 0x0 4 4 66 0x1 19 19 87 0x1 
288 57 4292 36 0 0 0x1 0 0 0 0x0 5 5 65 0x1 21 21 81 0x0 
290 160 4259 26 0 0 0x1 0 0 0 0x0 5 5 69 0x1 20 20 86 0x0 
292 153 4252 32 0 0 0x1 0 0 0 0x0 2 2 24 0x1 20 20 85 0x0 
294 53 4291 23 0 0 0x1 0 0 0 0x0 5 5 54 0x1 20 20 86 0x0 
296 81 4288 20 0 0 0x1 0 0 0 0x0 7 7 84 0x0 20 20 86 0x0 
298 62 4289 8 0 0 0x1 0 0 0 0x0 3 3 38 0x0 19 19 85 0x1 
300 62 4290 16 0 0 0x1 0 0 0 0x0 6 6 98 0x1 20 20 80 0x0 
302 204 4262 32 0 0 0x1 0 0 0 0x0 5 5 70 0x1 20 20 86 0x0 
304 81 4285 26 0 0 0x1 0 0 0 0x0 4 4 42 0x0 20 20 86 0x1 
306 96 4276 30 0 0 0x1 0 0 0 0x0 6 6 94 0x1 13 13 38 0x1 
308 191 4246 30 0 0 0x1 0 0 0 0x0 3 3 41 0x1 7 7 17 0x1 
310 156 4263 20 0 0 0x1 0 0 0 0x0 5 5 53 0x0 12 12 44 0x1 
312 52 4292 33 0 0 0x1 0 0 0 0x0 7 7 92 0x0 14 14 50 0x0 
314 224 4258 11 0 0 0x1 0 0 0 0x0 3 3 39 0x0 20 19 82 0x0 
316 53 4292 32 0 0 0x1 0 0 0 0x0 6 6 79 0x0 15 15 54 0x0 
318 282 4236 30 0 0 0x1 0 0 0 0x0 5 5 80 0x1 20 20 85 0x0 
320 58 4289 28 0 0 0x1 0 0 0 0x0 5 5 53 0x0 20 20 84 0x1 
322 110 4282 20 0 0 0x1 0 0 0 0x0 7 7 73 0x0 20 20 79 0x0 
324 158 4260 17 0 0 0x1 0 0 0 0x0 4 4 53 0x0 20 20 85 0x0 
326 66 4290 29 0 0 0x1 0 0 0 0x0 4 4 49 0x0 20 20 87 0x0 
328 142 4278 30 0 0 0x1 0 0 0 0x0 6 6 79 0x0 21 21 82 0x0 
330 220 4249 26 0 0 0x1 0 0 0 0x0 2 2 38 0x1 20 20 86 0x0 
332 174 4264 25 0 0 0x1 0 0 0 0x0 4 4 31 0x0 19 19 87 0x1 
334 151 4266 30 0 0 0x1 0 0 0 0x0 5 5 80 0x1 21 21 81 0x0 
336 81 4289 27 0 0 0x1 0 0 0 0x0 6 6 42 0x0 20 20 85 0x0 
338 55 4291 35 0 0 0x1 0 0 0 0x0 6 6 79 0x0 20 20 84 0x0 
340 160 4250 25 0 0 0x1 0 0 0 0x0 3 3 53 0x1 12 12 35 0x1 
342 53 4285 16 0 0 0x1 0 0 0 0x0 6 6 57 0x0 9 9 19 0x1 
344 62 4287 16 0 0 0x1 0 0 0 0x0 6 6 80 0x0 14 14 45 0x0 
346 249 4242 26 0 0 0x1 0 0 0 0x0 2 2 38 0x1 21 21 84 0x0 
348 63 4286 14 0 0 0x1 0 0 0 0x0 6 6 66 0x0 20 20 87 0x0 
350 204 4265 10 0 0 0x1 0 0 0 0x0 5 5 79 0x1 20 20 83 0x0 
352 52 4289 39 0 0 0x1 0 0 0 0x0 4 4 51 0x1 20 20 81 0x0 
354 52 4291 34 0 0 0x1 0 0 0 0x0 7 7 83 0x0 20 20 85 0x1 
356 164 4259 18 0 0 0x1 0 0 0 0x0 3 3 56 0x1 20 20 86 0x1 
358 71 4287 16 0 0 0x1 0 0 0 0x0 6 6 77 0x1 20 20 79 0x0 
360 146 4275 25 0 0 0x1 0 0 0 0x0 7 7 80 0x0 20 20 85 0x0 
362 57 4285 28 0 0 0x1 0 0 0 0x0 3 3 29 0x0 20 20 86 0x0 
364 163 4252 29 0 0 0x1 0 0 0 0x0 7 7 92 0x0 21 21 86 0x0 
366 190 4260 27 0 0 0x1 0 0 0 0x0 4 4 67 0x1 19 19 83 0x1 
368 89 4274 14 0 0 0x1 0 0 0 0x0 5 5 53 0x0 20 20 81 0x0 
370 62 4287 20 0 0 0x1 0 0 0 0x0 7 7 92 0x0 20 20 83 0x0 
372 53 4284 28 0 0 0x1 0 0 0 0x0 2 2 19 0x0 20 20 86 0x0 
374 95 4278 37 0 0 0x1 0 0 0 0x0 6 6 84 0x0 10 10 32 0x1 
376 53 4285 22 0 0 0x1 0 0 0 0x0 6 6 97 0x1 7 7 15 0x1 
378 180 4261 26 0 0 0x1 0 0 0 0x0 4 4 38 0x0 14 14 56 0x1 
# window_from=2  # samples before this mark saw a lit panel
