# t_s cur_mA v_mV APSS_sd APSS_xosd APSS_xopct APSS_cores LPASS_sd LPASS_xosd LPASS_xopct LPASS_cores MPSS_sd MPSS_xosd MPSS_xopct MPSS_cores PRONTO_sd PRONTO_xosd PRONTO_xopct PRONTO_cores smd_irq_total_per_s modem_irq_per_s
2 53 4278 32 0 0 0x1 0 0 0 0x0 7 7 94 0x0 20 20 87 0x0  56 1
4 112 4253 36 0 0 0x1 0 0 0 0x0 4 4 49 0x0 20 20 86 0x0  46 0
6 53 4271 30 0 0 0x1 0 0 0 0x0 4 4 51 0x0 20 20 88 0x0  33 0
8 53 4272 36 0 0 0x1 0 0 0 0x0 6 6 81 0x0 20 20 88 0x0  68 0
10 177 4232 30 0 0 0x1 0 0 0 0x0 4 4 70 0x1 21 21 90 0x1  40 0
12 179 4227 28 0 0 0x1 0 0 0 0x0 6 6 64 0x0 12 12 38 0x1  17 0
14 94 4249 30 0 0 0x1 0 0 0 0x0 4 4 62 0x1 8 8 20 0x1  14 0
16 139 4238 29 0 0 0x1 0 0 0 0x0 4 4 39 0x0 14 14 51 0x0  74 1
18 54 4262 36 0 0 0x1 0 0 0 0x0 6 6 79 0x0 20 20 86 0x0  31 1
20 207 4201 16 0 0 0x1 0 0 0 0x0 6 6 97 0x1 20 20 83 0x0  54 0
22 52 4258 26 0 0 0x1 0 0 0 0x0 4 4 37 0x0 20 20 85 0x0  40 0
24 56 4254 26 0 0 0x1 0 0 0 0x0 5 5 63 0x0 20 20 83 0x0  20 0
26 179 4210 36 0 0 0x1 0 0 0 0x0 3 3 52 0x1 20 20 90 0x1  30 0
28 53 4256 26 0 0 0x1 0 0 0 0x0 6 6 79 0x1 21 21 87 0x1  40 0
30 53 4252 15 0 0 0x1 0 0 0 0x0 7 7 79 0x0 21 21 87 0x0  58 1
32 53 4253 28 0 0 0x1 0 0 0 0x0 3 3 37 0x0 20 20 85 0x0  6 0
34 115 4244 40 0 0 0x1 0 0 0 0x0 5 5 63 0x0 20 20 85 0x0  48 1
36 53 4252 37 0 0 0x1 0 0 0 0x0 5 5 83 0x1 20 20 84 0x0  25 0
38 61 4242 28 0 0 0x1 0 0 0 0x0 5 5 53 0x0 16 16 66 0x0  18 1
40 80 4249 30 0 0 0x1 0 0 0 0x0 6 6 83 0x0 21 21 85 0x0  71 0
42 155 4218 37 0 0 0x1 0 0 0 0x0 3 3 55 0x1 18 18 74 0x0  24 0
44 53 4247 32 0 0 0x1 0 0 0 0x0 6 6 40 0x0 20 20 85 0x0  21 0
46 105 4234 36 0 0 0x1 0 0 0 0x0 6 6 92 0x1 7 7 20 0x1  56 0
48 107 4229 24 0 0 0x1 0 0 0 0x0 4 4 35 0x0 7 7 19 0x1  11 0
50 131 4237 41 0 0 0x1 0 0 0 0x0 7 7 78 0x0 18 18 68 0x0  30 2
52 196 4216 38 0 0 0x1 0 0 0 0x0 5 5 79 0x1 20 20 87 0x0  45 0
54 59 4244 33 0 0 0x1 0 0 0 0x0 4 4 35 0x0 20 20 87 0x0  55 1
56 60 4246 40 0 0 0x1 0 0 0 0x0 6 6 96 0x1 20 20 80 0x0  33 1
58 158 4216 43 0 0 0x1 0 0 0 0x0 4 4 42 0x0 21 21 89 0x0  43 0
60 88 4237 29 0 0 0x1 0 0 0 0x0 6 6 89 0x1 19 19 81 0x1  51 1
62 53 4244 33 0 0 0x1 0 0 0 0x0 7 7 80 0x0 21 21 84 0x0  6 0
64 53 4246 38 0 0 0x1 0 0 0 0x0 3 3 39 0x0 20 20 88 0x0  43 0
66 63 4243 40 0 0 0x1 0 0 0 0x0 7 7 92 0x0 20 20 88 0x0  24 0
68 179 4201 29 0 0 0x1 0 0 0 0x0 4 4 66 0x1 21 21 86 0x0  8 0
70 148 4214 32 0 0 0x1 0 0 0 0x0 2 2 27 0x1 20 20 88 0x0  89 0
72 146 4228 29 0 0 0x1 0 0 0 0x0 6 6 61 0x0 20 20 88 0x0  6 0
74 53 4239 34 0 0 0x1 0 0 0 0x0 4 4 51 0x1 20 20 83 0x0  19 1
76 63 4235 36 0 0 0x1 0 0 0 0x0 7 7 79 0x0 20 20 86 0x0  58 0
78 323 4183 27 0 0 0x1 0 0 0 0x0 5 5 79 0x1 16 16 69 0x1  15 0
80 119 4208 28 0 0 0x1 0 0 0 0x0 3 3 21 0x0 8 8 19 0x1  23 0
82 147 4219 28 0 0 0x1 0 0 0 0x0 6 6 80 0x0 10 10 22 0x0  41 0
84 251 4190 26 0 0 0x1 0 0 0 0x0 4 4 52 0x0 20 20 83 0x0  72 0
86 70 4237 36 0 0 0x1 0 0 0 0x0 6 6 79 0x0 21 21 87 0x0  15 0
88 54 4238 39 0 0 0x1 0 0 0 0x0 8 8 88 0x0 20 20 87 0x0  43 0
90 154 4208 22 0 0 0x1 0 0 0 0x0 0 0 13 0x1 21 21 86 0x0  55 0
92 53 4240 22 0 0 0x1 0 0 0 0x0 7 7 78 0x1 21 21 87 0x0  13 1
94 154 4205 33 0 0 0x1 0 0 0 0x0 5 5 66 0x1 20 20 92 0x1  57 0
96 57 4235 11 0 0 0x1 0 0 0 0x0 5 5 54 0x0 20 20 86 0x1  12 0
98 153 4211 28 0 0 0x1 0 0 0 0x0 8 8 87 0x0 22 22 87 0x0  7 0
100 149 4207 23 0 0 0x1 0 0 0 0x0 3 3 39 0x0 20 20 88 0x0  60 0
102 53 4238 22 0 0 0x1 0 0 0 0x0 7 7 93 0x0 20 20 88 0x0  13 0
104 172 4208 37 0 0 0x1 0 0 0 0x0 6 6 79 0x0 20 20 87 0x0  25 0
106 94 4226 20 0 0 0x1 0 0 0 0x0 2 2 40 0x1 20 20 87 0x0  86 0
108 54 4234 41 0 0 0x1 0 0 0 0x0 7 7 80 0x0 20 20 88 0x1  46 0
110 150 4204 20 0 0 0x1 0 0 0 0x0 4 4 57 0x1 21 21 85 0x0  27 0
112 102 4223 37 0 0 0x1 0 0 0 0x0 7 7 75 0x0 13 13 47 0x1  12 0
114 106 4221 38 0 0 0x1 0 0 0 0x0 6 6 92 0x1 9 9 22 0x1  54 0
116 134 4216 28 0 0 0x1 0 0 0 0x0 4 4 39 0x0 12 12 40 0x0  13 0
118 146 4218 30 0 0 0x1 0 0 0 0x0 6 6 79 0x0 20 20 85 0x0  57 0
120 169 4207 32 0 0 0x1 0 0 0 0x0 5 5 82 0x1 20 20 85 0x0  42 0
122 111 4212 36 0 0 0x1 0 0 0 0x0 5 5 54 0x0 20 20 92 0x1  26 0
124 54 4236 26 0 0 0x1 0 0 0 0x0 7 7 97 0x0 21 21 86 0x0  48 0
126 172 4194 33 0 0 0x1 0 0 0 0x0 3 3 42 0x0 20 20 68 0x0  14 0
128 53 4234 35 0 0 0x1 0 0 0 0x0 6 6 91 0x1 19 19 81 0x0  23 0
130 100 4227 14 0 0 0x1 0 0 0 0x0 7 7 79 0x0 20 20 82 0x0  62 0
132 146 4220 25 0 0 0x1 0 0 0 0x0 3 3 39 0x0 20 20 86 0x0  5 0
134 53 4234 22 0 0 0x1 0 0 0 0x0 7 7 93 0x0 20 20 87 0x0  23 0
136 203 4181 27 0 0 0x1 0 0 0 0x0 4 4 70 0x1 20 20 87 0x0  79 0
138 66 4225 49 0 0 0x1 0 0 0 0x0 5 5 51 0x0 20 20 86 0x0  61 0
140 54 4232 31 0 0 0x1 0 0 0 0x0 6 6 80 0x0 20 20 93 0x1  15 0
142 109 4217 28 0 0 0x1 0 0 0 0x0 3 3 50 0x1 20 20 87 0x1  42 0
144 53 4233 26 0 0 0x1 0 0 0 0x0 7 7 80 0x0 22 22 87 0x0  22 0
146 105 4221 43 0 0 0x1 0 0 0 0x0 6 6 79 0x0 10 10 28 0x1  17 0
148 132 4203 32 0 0 0x1 0 0 0 0x0 4 4 52 0x0 9 9 19 0x1  57 0
150 57 4221 28 0 0 0x1 0 0 0 0x0 6 6 80 0x0 15 15 59 0x0  48 0
152 163 4200 32 0 0 0x1 0 0 0 0x0 4 4 70 0x1 20 20 88 0x0  20 0
154 87 4221 25 0 0 0x1 0 0 0 0x0 6 6 60 0x0 20 20 88 0x0  63 0
156 54 4234 27 0 0 0x1 0 0 0 0x0 7 7 93 0x0 21 21 91 0x1  13 1
158 108 4219 24 0 0 0x1 0 0 0 0x0 3 3 39 0x0 21 21 88 0x0  19 0
160 142 4215 22 0 0 0x1 0 0 0 0x0 6 6 91 0x1 20 20 84 0x0  44 0
162 228 4189 39 0 0 0x1 0 0 0 0x0 6 6 80 0x1 20 20 87 0x0  18 0
164 54 4215 32 0 0 0x1 0 0 0 0x0 4 4 40 0x0 20 20 86 0x0  28 0
166 103 4225 27 0 0 0x1 0 0 0 0x0 7 7 96 0x0 20 20 83 0x0  50 1
168 156 4202 26 0 0 0x1 0 0 0 0x0 3 3 56 0x1 21 21 83 0x0  18 0
170 96 4224 19 0 0 0x1 0 0 0 0x0 7 7 74 0x0 20 20 86 0x1  10 0
172 57 4229 38 0 0 0x1 0 0 0 0x0 6 6 84 0x0 21 21 86 0x1  80 0
174 166 4218 22 0 0 0x1 0 0 0 0x0 3 3 54 0x1 21 21 82 0x0  26 0
176 53 4232 26 0 0 0x1 0 0 0 0x0 7 7 80 0x0 20 20 86 0x0  8 0
178 285 4178 33 0 0 0x1 0 0 0 0x0 5 5 84 0x1 17 17 68 0x0  50 0
180 149 4207 30 0 0 0x1 0 0 0 0x0 5 5 49 0x0 7 7 16 0x0  45 0
182 181 4198 41 0 0 0x1 0 0 0 0x0 6 6 79 0x0 7 7 21 0x1  62 0
184 189 4195 44 0 0 0x1 0 0 0 0x0 4 4 52 0x0 20 20 72 0x0  63 0
186 97 4216 33 0 0 0x1 0 0 0 0x0 6 6 78 0x0 20 20 83 0x0  2 0
188 53 4231 19 0 0 0x1 0 0 0 0x0 7 7 93 0x0 20 20 91 0x1  20 0
190 62 4226 28 0 0 0x1 0 0 0 0x0 3 3 39 0x0 21 21 87 0x0  43 0
192 54 4231 39 0 0 0x1 0 0 0 0x0 6 6 93 0x1 20 20 87 0x0  14 0
194 160 4198 18 0 0 0x1 0 0 0 0x0 5 5 66 0x1 20 20 87 0x0  23 0
196 53 4218 28 0 0 0x1 0 0 0 0x0 5 5 53 0x0 21 21 87 0x0  44 0
198 70 4229 25 0 0 0x1 0 0 0 0x0 7 7 98 0x0 20 20 87 0x0  19 0
200 160 4193 33 0 0 0x1 0 0 0 0x0 3 3 42 0x0 20 20 87 0x0  16 0
202 106 4223 34 0 0 0x1 0 0 0 0x0 7 7 93 0x0 21 21 86 0x0  80 0
204 53 4229 21 0 0 0x1 0 0 0 0x0 6 6 84 0x0 20 20 88 0x0  27 0
206 53 4229 16 0 0 0x1 0 0 0 0x0 3 3 52 0x1 20 20 93 0x1  7 0
208 93 4221 23 0 0 0x1 0 0 0 0x0 7 7 79 0x0 20 20 78 0x0  50 0
210 180 4192 32 0 0 0x1 0 0 0 0x0 4 4 70 0x1 20 20 87 0x0  56 0
212 128 4213 40 0 0 0x1 0 0 0 0x0 6 6 69 0x0 13 13 55 0x1  64 0
214 114 4198 33 0 0 0x1 0 0 0 0x0 6 6 84 0x0 10 10 20 0x1  57 0
216 58 4208 39 0 0 0x1 0 0 0 0x0 4 4 53 0x0 12 12 33 0x0  20 1
218 53 4227 24 0 0 0x1 0 0 0 0x0 6 6 84 0x0 20 20 88 0x0  19 0
220 53 4229 15 0 0 0x1 0 0 0 0x0 6 6 95 0x1 20 20 92 0x1  50 1
222 54 4218 30 0 0 0x1 0 0 0 0x0 1 1 0 0x0 20 20 86 0x1  23 0
224 54 4222 18 0 0 0x1 0 0 0 0x0 4 4 59 0x1 21 21 88 0x0  18 0
226 167 4195 36 0 0 0x1 0 0 0 0x0 4 4 53 0x1 22 22 86 0x0  44 0
228 167 4180 37 0 0 0x1 0 0 0 0x0 4 4 50 0x1 20 20 86 0x0  30 0
230 118 4195 27 0 0 0x1 0 0 0 0x0 3 3 16 0x0 20 20 86 0x0  19 0
232 95 4210 46 0 0 0x1 0 0 0 0x0 3 3 36 0x0 20 20 87 0x0  84 0
234 53 4227 25 0 0 0x1 0 0 0 0x0 7 7 94 0x0 20 20 88 0x0  11 0
236 227 4198 30 0 0 0x1 0 0 0 0x0 5 5 79 0x1 20 20 85 0x0  6 0
238 53 4228 26 0 0 0x1 0 0 0 0x0 5 5 52 0x0 20 20 91 0x1  43 0
240 53 4225 25 0 0 0x1 0 0 0 0x0 4 4 49 0x0 21 21 88 0x0  39 0
242 166 4196 25 0 0 0x1 0 0 0 0x0 3 3 54 0x1 21 21 87 0x0  31 0
244 56 4214 27 0 0 0x1 0 0 0 0x0 7 7 77 0x0 20 20 88 0x0  79 0
246 172 4187 33 0 0 0x1 0 0 0 0x0 6 6 92 0x1 11 11 37 0x1  25 0
248 108 4208 35 0 0 0x1 0 0 0 0x0 4 4 38 0x0 8 8 16 0x1  38 0
250 53 4220 34 0 0 0x1 0 0 0 0x0 4 4 49 0x0 14 14 50 0x0  42 0
252 192 4190 28 0 0 0x1 0 0 0 0x0 5 5 79 0x1 19 19 76 0x0  21 0
254 63 4220 20 0 0 0x1 0 0 0 0x0 6 6 46 0x0 21 21 86 0x0  13 0
256 63 4224 41 0 0 0x1 0 0 0 0x0 6 6 93 0x1 20 20 88 0x1  53 0
258 54 4218 32 0 0 0x1 0 0 0 0x0 4 4 40 0x0 20 20 87 0x1  12 0
260 178 4212 27 0 0 0x1 0 0 0 0x0 4 4 48 0x0 21 21 86 0x0  8 0
262 54 4225 20 0 0 0x1 0 0 0 0x0 7 7 92 0x0 20 20 88 0x0  54 0
264 54 4221 19 0 0 0x1 0 0 0 0x0 3 3 39 0x0 20 20 88 0x0  11 0
266 221 4181 35 0 0 0x1 0 0 0 0x0 8 8 86 0x0 20 20 86 0x0  27 0
268 176 4192 34 0 0 0x1 0 0 0 0x0 4 4 67 0x1 20 20 88 0x0  48 1
270 59 4223 25 0 0 0x1 0 0 0 0x0 4 4 37 0x0 20 20 88 0x0  77 0
272 100 4218 35 0 0 0x1 0 0 0 0x0 6 6 79 0x0 20 20 85 0x1  34 1
274 54 4221 32 0 0 0x1 0 0 0 0x0 3 3 51 0x1 21 21 87 0x0  8 0
276 53 4223 32 0 0 0x1 0 0 0 0x0 7 7 79 0x0 20 20 85 0x0  95 0
278 102 4215 34 0 0 0x1 0 0 0 0x0 6 6 95 0x1 19 19 86 0x1  25 0
280 114 4203 21 0 0 0x1 0 0 0 0x0 4 4 36 0x0 10 10 20 0x1  15 0
282 106 4207 25 0 0 0x1 0 0 0 0x0 6 6 79 0x0 8 8 21 0x1  63 0
284 153 4194 36 0 0 0x1 0 0 0 0x0 4 4 66 0x1 19 19 73 0x0  14 0
286 54 4222 23 0 0 0x1 0 0 0 0x0 6 6 65 0x0 19 19 79 0x0  31 0
288 53 4225 33 0 0 0x1 0 0 0 0x0 7 7 92 0x0 20 20 88 0x0  53 1
290 53 4223 32 0 0 0x1 0 0 0 0x0 3 3 35 0x0 20 20 88 0x0  10 0
292 52 4225 24 0 0 0x1 0 0 0 0x0 7 7 98 0x0 19 19 79 0x0  21 0
294 160 4195 21 0 0 0x1 0 0 0 0x0 4 4 71 0x1 20 20 86 0x0  44 0
296 214 4196 21 0 0 0x1 0 0 0 0x0 5 5 53 0x1 21 21 92 0x1  12 0
298 54 4225 36 0 0 0x1 0 0 0 0x0 7 7 80 0x0 21 21 88 0x0  53 1
300 53 4216 35 0 0 0x1 0 0 0 0x0 2 2 32 0x0 20 20 88 0x0  39 0
302 53 4225 21 0 0 0x1 0 0 0 0x0 7 7 80 0x0 21 21 87 0x0  57 0
304 208 4194 29 0 0 0x1 0 0 0 0x0 5 5 79 0x1 20 20 88 0x0  6 0
306 53 4225 12 0 0 0x1 0 0 0 0x0 5 5 55 0x0 20 20 87 0x0  23 0
308 68 4215 42 0 0 0x1 0 0 0 0x0 6 6 84 0x0 20 20 88 0x0  85 0
310 151 4209 26 0 0 0x1 0 0 0 0x0 1 1 14 0x0 20 20 88 0x0  4 0
312 99 4212 17 0 0 0x1 0 0 0 0x0 7 7 93 0x0 16 16 64 0x0  36 1
314 220 4185 33 0 0 0x1 0 0 0 0x0 6 6 83 0x0 8 8 20 0x0  50 0
316 65 4211 36 0 0 0x1 0 0 0 0x0 4 4 49 0x0 9 9 30 0x1  34 1
318 53 4223 40 0 0 0x1 0 0 0 0x0 6 6 79 0x0 21 21 88 0x0  12 0
320 232 4184 28 0 0 0x1 0 0 0 0x0 2 2 36 0x1 20 20 88 0x0  66 1
322 54 4217 40 0 0 0x1 0 0 0 0x0 6 6 64 0x0 20 20 88 0x0  14 0
324 115 4220 28 0 0 0x1 0 0 0 0x0 6 6 93 0x1 21 21 87 0x0  17 0
326 130 4206 28 0 0 0x1 0 0 0 0x0 4 4 39 0x0 20 20 87 0x0  48 0
328 202 4195 28 0 0 0x1 0 0 0 0x0 6 6 92 0x1 20 20 88 0x0  6 0
330 160 4217 42 0 0 0x1 0 0 0 0x0 4 4 50 0x1 19 19 74 0x0  56 0
332 107 4211 38 0 0 0x1 0 0 0 0x0 4 4 39 0x0 21 21 92 0x0  48 0
334 53 4224 34 0 0 0x1 0 0 0 0x0 7 7 96 0x0 18 18 75 0x0  12 0
336 218 4185 25 0 0 0x1 0 0 0 0x0 4 4 43 0x0 20 20 87 0x0  20 0
338 58 4221 33 0 0 0x1 0 0 0 0x0 7 7 87 0x0 19 19 81 0x0  42 0
340 60 4216 26 0 0 0x1 0 0 0 0x0 4 4 49 0x0 20 20 88 0x0  15 0
342 81 4220 34 0 0 0x1 0 0 0 0x0 3 3 51 0x1 21 21 87 0x0  66 1
344 108 4209 34 0 0 0x1 0 0 0 0x0 7 7 79 0x0 20 20 91 0x1  41 0
346 218 4173 34 0 0 0x1 0 0 0 0x0 4 4 66 0x1 14 14 41 0x0  33 0
348 111 4210 39 0 0 0x1 0 0 0 0x0 6 6 66 0x0 8 8 20 0x1  13 0
350 146 4202 30 0 0 0x1 0 0 0 0x0 5 5 52 0x0 14 14 49 0x0  65 0
352 161 4190 29 0 0 0x1 0 0 0 0x0 2 2 30 0x1 21 21 84 0x0  16 0
354 53 4220 27 0 0 0x1 0 0 0 0x0 6 5 49 0x0 21 21 87 0x0  8 0
356 132 4214 26 0 0 0x1 0 0 0 0x0 6 6 93 0x1 20 20 92 0x1  62 0
358 53 4220 27 0 0 0x1 0 0 0 0x0 4 4 40 0x0 20 20 88 0x1  14 1
360 200 4181 40 0 0 0x1 0 0 0 0x0 5 5 64 0x0 22 21 86 0x0  49 0
362 205 4164 36 0 0 0x1 0 0 0 0x0 3 3 52 0x1 20 21 88 0x0  84 0
364 53 4220 24 0 0 0x1 0 0 0 0x0 6 6 79 0x1 20 20 88 0x0  11 1
366 54 4222 24 0 0 0x1 0 0 0 0x0 8 8 73 0x0 20 20 87 0x0  23 0
368 54 4219 26 0 0 0x1 0 0 0 0x0 3 3 52 0x1 20 20 88 0x0  49 0
# window_from=2  # samples before this mark saw a lit panel
