start 1788404167 4235106 90
start 1788404229 4232771 90
start 1788404291 4233160 90
start 1788404353 4184306 90
start 1788404415 4201824 90
start 1788404477 4254959 90
start 1788404539 4255154 90
start 1788404601 4244060 90
start 1788404663 4243671 90
start 1788404725 4239972 90
end 1788405865 4237637 92
end 1788405927 4237442 92
end 1788405933 4213307 92
end 1788405937 4232382 92
end 1788405939 4219341 92
end 1788406001 4232187 92
end 1788406020 4239388 92
end 1788406082 4226932 92
end 1788406144 4234523 92
end 1788406206 4154137 92
