# t_s cur_mA v_mV APSS_sd APSS_xosd APSS_xopct APSS_cores LPASS_sd LPASS_xosd LPASS_xopct LPASS_cores MPSS_sd MPSS_xosd MPSS_xopct MPSS_cores PRONTO_sd PRONTO_xosd PRONTO_xopct PRONTO_cores smd_irq_total_per_s modem_irq_per_s
2 54 4238 36 0 0 0x1 0 0 0 0x0 6 6 80 0x0 8 8 19 0x1  68 0
4 54 4234 35 0 0 0x1 0 0 0 0x0 3 3 52 0x1 15 15 52 0x0  18 0
6 59 4232 25 0 0 0x1 0 0 0 0x0 7 7 80 0x0 20 20 88 0x0  38 0
8 118 4221 31 0 0 0x1 0 0 0 0x0 6 6 92 0x1 20 20 88 0x0  17 0
10 53 4230 33 0 0 0x1 0 0 0 0x0 3 3 18 0x0 20 20 93 0x1  16 0
12 52 4227 32 0 0 0x1 0 0 0 0x0 7 7 72 0x0 21 21 86 0x0  109 0
14 151 4198 20 0 0 0x1 0 0 0 0x0 4 4 66 0x1 21 21 83 0x0  4 0
16 54 4232 29 0 0 0x1 0 0 0 0x0 6 6 65 0x0 20 20 88 0x0  7 0
18 54 4232 38 0 0 0x1 0 0 0 0x0 6 6 93 0x1 20 20 87 0x0  46 0
20 149 4200 34 0 0 0x1 0 0 0 0x0 4 4 34 0x0 19 19 77 0x0  98 0
22 53 4232 21 0 0 0x1 0 0 0 0x0 6 6 93 0x1 20 20 88 0x0  46 0
24 164 4199 29 0 0 0x1 0 0 0 0x0 5 5 70 0x1 20 20 87 0x0  48 0
26 181 4203 34 0 0 0x1 0 0 0 0x0 4 4 36 0x0 20 20 87 0x0  25 0
28 53 4230 27 0 0 0x1 0 0 0 0x0 7 7 93 0x0 20 20 88 0x0  11 0
30 106 4198 32 0 0 0x1 0 0 0 0x0 2 2 15 0x0 21 21 91 0x0  62 0
32 54 4229 32 0 0 0x1 0 0 0 0x0 7 7 93 0x0 20 20 83 0x1  52 0
34 210 4189 38 0 0 0x1 0 0 0 0x0 5 5 79 0x1 9 9 20 0x1  17 0
36 67 4218 22 0 0 0x1 0 0 0 0x0 5 5 51 0x0 9 9 21 0x1  40 0
38 53 4226 27 0 0 0x1 0 0 0 0x0 6 6 81 0x0 18 18 71 0x0  36 0
40 151 4209 27 0 0 0x1 0 0 0 0x0 1 1 19 0x1 20 20 88 0x0  27 0
42 72 4221 18 0 0 0x1 0 0 0 0x0 7 7 79 0x0 20 20 88 0x0  78 0
44 55 4223 36 0 0 0x1 0 0 0 0x0 6 6 79 0x0 20 20 91 0x1  22 0
46 53 4225 24 0 0 0x1 0 0 0 0x0 4 4 53 0x0 21 21 87 0x0  23 0
48 53 4225 31 0 0 0x1 0 0 0 0x0 6 6 79 0x0 18 18 83 0x1  50 0
50 158 4187 24 0 0 0x1 0 0 0 0x0 2 2 36 0x1 22 22 85 0x0  13 0
52 52 4226 27 0 0 0x1 0 0 0 0x0 6 6 65 0x0 20 20 86 0x0  14 0
54 197 4208 43 0 0 0x1 0 0 0 0x0 8 8 87 0x0 20 20 79 0x0  97 0
56 52 4221 17 0 0 0x1 0 0 0 0x0 3 3 40 0x0 20 20 87 0x0  21 0
58 141 4211 26 0 0 0x1 0 0 0 0x0 6 6 92 0x0 20 20 92 0x1  5 0
60 54 4224 27 0 0 0x1 0 0 0 0x0 4 4 49 0x1 20 20 84 0x0  52 0
62 53 4222 25 0 0 0x1 0 0 0 0x0 4 4 38 0x0 21 21 91 0x1  55 0
64 53 4226 38 0 0 0x1 0 0 0 0x0 7 7 93 0x0 21 21 88 0x0  18 0
66 200 4179 25 0 0 0x1 0 0 0 0x0 3 3 53 0x1 16 16 64 0x0  21 0
68 105 4210 40 0 0 0x1 0 0 0 0x0 6 6 77 0x1 9 9 19 0x0  51 0
70 96 4212 32 0 0 0x1 0 0 0 0x0 5 5 47 0x0 9 9 26 0x0  20 0
72 171 4197 30 0 0 0x1 0 0 0 0x0 3 3 32 0x0 21 21 90 0x1  80 0
74 53 4208 27 0 0 0x1 0 0 0 0x0 6 6 80 0x0 21 20 87 0x0  7 0
76 184 4184 25 0 0 0x1 0 0 0 0x0 5 5 79 0x1 20 21 88 0x0  20 0
78 96 4215 35 0 0 0x1 0 0 0 0x0 4 4 53 0x1 21 21 87 0x0  53 0
80 53 4221 20 0 0 0x1 0 0 0 0x0 5 5 46 0x0 21 21 88 0x0  20 0
82 158 4202 22 0 0 0x1 0 0 0 0x0 4 4 53 0x0 20 20 88 0x0  11 0
84 57 4221 22 0 0 0x1 0 0 0 0x0 6 6 78 0x0 20 20 87 0x0  61 0
86 113 4220 22 0 0 0x1 0 0 0 0x0 7 7 92 0x0 20 20 88 0x0  11 0
88 178 4190 31 0 0 0x1 0 0 0 0x0 2 2 38 0x1 20 20 87 0x0  20 0
90 268 4192 32 0 0 0x1 0 0 0 0x0 5 5 59 0x1 22 21 90 0x0  51 0
92 227 4176 30 0 0 0x1 0 0 0 0x0 5 5 66 0x1 20 21 88 0x0  44 0
94 144 4205 22 0 0 0x1 0 0 0 0x0 5 5 65 0x1 20 20 88 0x0  21 0
96 53 4223 25 0 0 0x1 0 0 0 0x0 7 7 79 0x0 20 20 87 0x0  44 0
98 65 4208 37 0 0 0x1 0 0 0 0x0 2 2 40 0x1 20 20 88 0x0  18 0
100 102 4206 16 0 0 0x1 0 0 0 0x0 6 6 57 0x0 14 14 44 0x0  23 0
102 153 4196 29 0 0 0x1 0 0 0 0x0 6 6 80 0x0 8 8 19 0x1  75 0
104 76 4205 26 0 0 0x1 0 0 0 0x0 1 1 13 0x0 13 13 47 0x0  20 0
106 54 4221 37 0 0 0x1 0 0 0 0x0 6 6 76 0x0 21 21 92 0x0  17 0
108 267 4169 17 0 0 0x1 0 0 0 0x0 4 4 67 0x1 21 21 87 0x0  45 0
110 53 4221 23 0 0 0x1 0 0 0 0x0 6 6 64 0x0 20 20 88 0x0  25 0
112 54 4220 32 0 0 0x1 0 0 0 0x0 6 6 92 0x1 20 20 88 0x0  13 0
114 54 4216 30 0 0 0x1 0 0 0 0x0 4 4 39 0x0 20 20 86 0x0  62 0
116 53 4221 28 0 0 0x1 0 0 0 0x0 6 6 80 0x0 20 20 88 0x0  11 0
118 53 4223 33 0 0 0x1 0 0 0 0x0 6 6 92 0x1 20 20 93 0x1  39 0
120 54 4218 16 0 0 0x1 0 0 0 0x0 4 4 38 0x0 21 21 87 0x1  88 0
122 194 4195 40 0 0 0x1 0 0 0 0x0 7 7 96 0x0 21 21 88 0x0  37 0
124 207 4173 18 0 0 0x1 0 0 0 0x0 3 3 56 0x1 20 20 88 0x0  27 0
126 53 4221 28 0 0 0x1 0 0 0 0x0 6 6 82 0x1 20 20 87 0x0  43 0
128 53 4222 31 0 0 0x1 0 0 0 0x0 7 7 83 0x0 20 20 87 0x0  7 0
130 53 4218 26 0 0 0x1 0 0 0 0x0 3 3 41 0x0 20 20 84 0x0  30 0
132 92 4214 46 0 0 0x1 0 0 0 0x0 7 7 95 0x0 21 21 86 0x0  84 0
134 222 4179 28 0 0 0x1 0 0 0 0x0 6 6 74 0x1 8 8 24 0x1  25 0
136 160 4198 31 0 0 0x1 0 0 0 0x0 5 5 53 0x0 9 9 21 0x1  8 0
138 91 4211 38 0 0 0x1 0 0 0 0x0 6 6 80 0x0 17 17 67 0x0  52 0
140 204 4185 36 0 0 0x1 0 0 0 0x0 3 3 53 0x1 20 20 88 0x0  21 0
142 132 4208 44 0 0 0x1 0 0 0 0x0 7 7 79 0x0 20 20 87 0x0  19 0
144 80 4211 28 0 0 0x1 0 0 0 0x0 6 6 93 0x1 20 20 88 0x0  48 0
146 53 4220 24 0 0 0x1 0 0 0 0x0 4 4 39 0x0 20 20 88 0x0  9 0
148 122 4204 25 0 0 0x1 0 0 0 0x0 6 6 79 0x0 21 21 84 0x0  22 0
150 218 4163 27 0 0 0x1 0 0 0 0x0 5 5 80 0x1 20 20 92 0x1  70 0
152 53 4220 45 0 0 0x1 0 0 0 0x0 5 5 49 0x0 21 21 88 0x0  33 0
154 147 4203 26 0 0 0x1 0 0 0 0x0 7 7 93 0x0 20 20 86 0x0  33 0
156 63 4210 36 0 0 0x1 0 0 0 0x0 3 3 39 0x0 20 20 88 0x0  39 0
158 252 4178 24 0 0 0x1 0 0 0 0x0 6 6 93 0x1 20 20 88 0x0  25 0
160 53 4222 19 0 0 0x1 0 0 0 0x0 7 7 82 0x0 21 21 87 0x0  17 0
162 100 4206 33 0 0 0x1 0 0 0 0x0 3 3 51 0x1 20 20 88 0x0  73 0
164 67 4210 23 0 0 0x1 0 0 0 0x0 5 5 48 0x0 20 20 88 0x0  22 0
166 158 4187 36 0 0 0x1 0 0 0 0x0 4 4 67 0x1 18 18 73 0x1  8 0
168 246 4166 41 0 0 0x1 0 0 0 0x0 2 2 25 0x1 8 8 20 0x1  63 0
170 101 4203 28 0 0 0x1 0 0 0 0x0 6 6 57 0x0 10 10 19 0x0  13 0
172 182 4182 31 0 0 0x1 0 0 0 0x0 3 3 36 0x0 20 20 86 0x0  8 0
174 54 4218 31 0 0 0x1 0 0 0 0x0 6 6 79 0x0 20 20 88 0x0  62 0
176 188 4182 22 0 0 0x1 0 0 0 0x0 5 5 80 0x1 20 20 92 0x1  10 0
178 173 4182 24 0 0 0x1 0 0 0 0x0 4 4 21 0x0 22 22 87 0x0  30 0
180 68 4209 25 0 0 0x1 0 0 0 0x0 6 6 91 0x1 20 20 88 0x0  42 0
182 154 4187 31 0 0 0x1 0 0 0 0x0 4 4 42 0x0 20 20 88 0x0  43 0
184 54 4218 30 0 0 0x1 0 0 0 0x0 6 6 79 0x0 20 20 88 0x0  38 0
186 147 4202 37 0 0 0x1 0 0 0 0x0 8 8 92 0x0 20 20 88 0x0  45 0
188 54 4209 22 0 0 0x1 0 0 0 0x0 1 1 13 0x0 20 20 88 0x0  19 0
190 176 4189 28 0 0 0x1 0 0 0 0x0 7 7 89 0x0 21 21 87 0x0  8 0
192 280 4171 30 0 0 0x1 0 0 0 0x0 4 4 66 0x1 20 20 93 0x1  81 0
194 52 4192 41 0 0 0x1 0 0 0 0x0 6 6 66 0x0 21 21 88 0x0  21 0
196 54 4218 27 0 0 0x1 0 0 0 0x0 4 4 53 0x0 20 20 87 0x0  5 0
198 53 4203 25 0 0 0x1 0 0 0 0x0 3 3 50 0x1 20 20 88 0x0  60 0
200 120 4203 41 0 0 0x1 0 0 0 0x0 7 7 80 0x0 11 11 46 0x1  9 0
202 58 4207 21 0 0 0x1 0 0 0 0x0 6 6 93 0x1 8 8 20 0x1  33 0
204 183 4190 32 0 0 0x1 0 0 0 0x0 4 4 37 0x0 12 12 47 0x1  52 0
206 53 4218 39 0 0 0x1 0 0 0 0x0 6 6 80 0x0 21 21 77 0x0  9 0
208 167 4183 22 0 0 0x1 0 0 0 0x0 4 4 68 0x1 20 20 88 0x0  30 0
210 115 4207 27 0 0 0x1 0 0 0 0x0 6 6 68 0x0 20 20 88 0x0  43 0
212 56 4211 42 0 0 0x1 0 0 0 0x0 7 7 98 0x0 20 20 87 0x0  63 0
214 53 4213 25 0 0 0x1 0 0 0 0x0 3 3 38 0x0 20 20 88 0x0  45 0
216 53 4216 29 0 0 0x1 0 0 0 0x0 6 6 92 0x1 20 20 88 0x0  53 0
218 175 4180 34 0 0 0x1 0 0 0 0x0 4 4 52 0x1 21 21 87 0x0  33 0
220 54 4217 30 0 0 0x1 0 0 0 0x0 5 5 48 0x0 20 20 93 0x1  7 0
222 189 4187 27 0 0 0x1 0 0 0 0x0 8 8 89 0x0 21 21 88 0x0  61 0
224 109 4200 15 0 0 0x1 0 0 0 0x0 3 3 40 0x0 18 18 83 0x1  8 0
226 99 4205 38 0 0 0x1 0 0 0 0x0 7 7 92 0x0 12 12 52 0x1  7 0
228 126 4193 30 0 0 0x1 0 0 0 0x0 4 4 53 0x0 18 18 74 0x0  89 0
230 131 4200 29 0 0 0x1 0 0 0 0x0 4 4 48 0x0 20 20 91 0x1  14 0
232 53 4217 31 0 0 0x1 0 0 0 0x0 6 6 79 0x0 21 21 83 0x0  21 0
234 198 4169 38 0 0 0x1 0 0 0 0x0 4 4 66 0x1 8 8 25 0x1  44 0
236 256 4178 32 0 0 0x1 0 0 0 0x0 4 4 27 0x0 10 10 19 0x1  15 0
238 54 4214 29 0 0 0x1 0 0 0 0x0 6 6 91 0x1 12 12 45 0x0  37 0
240 99 4194 38 0 0 0x1 0 0 0 0x0 4 4 31 0x0 10 10 47 0x1  45 0
242 99 4203 33 0 0 0x1 0 0 0 0x0 6 6 80 0x0 18 18 73 0x0  65 0
244 223 4176 38 0 0 0x1 0 0 0 0x0 6 6 92 0x1 17 17 78 0x1  11 0
246 65 4210 31 0 0 0x1 0 0 0 0x0 4 4 40 0x0 20 20 86 0x1  88 0
248 53 4216 36 0 0 0x1 0 0 0 0x0 7 7 93 0x0 22 22 86 0x0  17 0
250 188 4171 34 0 0 0x1 0 0 0 0x0 3 3 55 0x1 19 19 80 0x0  10 0
252 53 4216 37 0 0 0x1 0 0 0 0x0 7 7 81 0x0 20 20 87 0x0  73 0
254 124 4199 20 0 0 0x1 0 0 0 0x0 6 6 84 0x0 20 20 87 0x0  10 0
256 57 4208 26 0 0 0x1 0 0 0 0x0 4 4 55 0x0 20 20 88 0x0  23 0
258 120 4212 39 0 0 0x1 0 0 0 0x0 6 6 83 0x0 20 20 92 0x1  69 0
260 246 4186 34 0 0 0x1 0 0 0 0x0 5 5 82 0x1 22 22 87 0x0  27 0
262 73 4214 26 0 0 0x1 0 0 0 0x0 5 5 49 0x0 20 20 88 0x0  21 0
264 212 4184 29 0 0 0x1 0 0 0 0x0 6 6 80 0x0 20 20 84 0x1  32 0
266 225 4167 27 0 0 0x1 0 0 0 0x0 4 4 53 0x0 12 12 49 0x1  45 0
268 201 4183 46 0 0 0x1 0 0 0 0x0 6 6 78 0x0 6 6 16 0x1  24 0
270 132 4198 27 0 0 0x1 0 0 0 0x0 6 6 93 0x1 7 7 15 0x0  40 0
272 201 4182 31 0 0 0x1 0 0 0 0x0 4 4 39 0x0 20 20 86 0x0  54 0
274 53 4217 31 0 0 0x1 0 0 0 0x0 6 6 92 0x1 20 20 88 0x0  9 0
276 162 4183 21 0 0 0x1 0 0 0 0x0 5 5 66 0x1 21 21 91 0x1  62 0
278 151 4198 42 0 0 0x1 0 0 0 0x0 6 6 45 0x0 20 20 88 0x1  19 0
280 151 4200 30 0 0 0x1 0 0 0 0x0 7 7 93 0x0 21 21 82 0x0  8 0
282 158 4185 24 0 0 0x1 0 0 0 0x0 3 3 40 0x0 20 20 87 0x0  49 0
284 105 4202 29 0 0 0x1 0 0 0 0x0 7 7 91 0x0 20 20 81 0x0  5 0
286 193 4181 19 0 0 0x1 0 0 0 0x0 6 6 80 0x0 20 20 87 0x0  29 0
288 103 4204 39 0 0 0x1 0 0 0 0x0 4 4 51 0x0 21 21 87 0x0  80 0
290 54 4214 32 0 0 0x1 0 0 0 0x0 6 6 79 0x0 19 19 87 0x1  14 0
292 155 4185 22 0 0 0x1 0 0 0 0x0 4 4 70 0x1 21 21 88 0x0  23 0
294 98 4207 24 0 0 0x1 0 0 0 0x0 6 6 66 0x0 21 21 87 0x0  25 0
296 134 4205 13 0 0 0x1 0 0 0 0x0 6 6 84 0x0 20 20 88 0x0  45 0
298 53 4208 41 0 0 0x1 0 0 0 0x0 4 4 53 0x0 20 20 88 0x0  10 0
300 247 4174 33 0 0 0x1 0 0 0 0x0 6 6 83 0x0 16 16 53 0x0  43 0
302 106 4200 25 0 0 0x1 0 0 0 0x0 6 6 92 0x1 7 7 15 0x0  38 0
304 54 4210 28 0 0 0x1 0 0 0 0x0 4 4 38 0x0 11 11 35 0x0  21 0
306 54 4213 32 0 0 0x1 0 0 0 0x0 7 7 93 0x0 22 22 91 0x0  102 0
308 164 4183 41 0 0 0x1 0 0 0 0x0 3 3 55 0x1 20 20 88 0x0  12 0
310 79 4212 36 0 0 0x1 0 0 0 0x0 6 6 77 0x1 20 20 88 0x0  25 0
312 75 4213 33 0 0 0x1 0 0 0 0x0 7 7 79 0x0 20 20 88 0x0  45 0
314 147 4199 25 0 0 0x1 0 0 0 0x0 3 3 36 0x0 21 21 87 0x0  8 0
316 111 4214 31 0 0 0x1 0 0 0 0x0 7 7 93 0x0 20 20 88 0x0  30 0
318 179 4190 19 0 0 0x1 0 0 0 0x0 5 5 79 0x1 21 21 87 0x0  44 0
320 54 4212 24 0 0 0x1 0 0 0 0x0 5 5 51 0x0 20 20 91 0x1  20 0
322 54 4209 28 0 0 0x1 0 0 0 0x0 4 4 50 0x0 21 21 84 0x0  3 0
324 180 4178 38 0 0 0x1 0 0 0 0x0 3 3 54 0x1 21 20 86 0x0  59 0
326 54 4212 34 0 0 0x1 0 0 0 0x0 7 7 77 0x0 20 20 87 0x0  57 0
328 53 4211 28 0 0 0x1 0 0 0 0x0 2 2 21 0x0 20 20 87 0x0  7 0
330 59 4211 28 0 0 0x1 0 0 0 0x0 4 4 53 0x0 20 20 88 0x0  51 0
332 123 4195 28 0 0 0x1 0 0 0 0x0 6 6 79 0x0 20 20 92 0x1  24 0
334 297 4162 36 0 0 0x1 0 0 0 0x0 5 5 80 0x1 12 12 30 0x0  33 0
336 324 4166 38 0 0 0x1 0 0 0 0x0 5 5 53 0x0 7 7 21 0x1  69 0
338 54 4212 30 0 0 0x1 0 0 0 0x0 5 5 61 0x0 15 15 52 0x0  11 0
340 187 4171 26 0 0 0x1 0 0 0 0x0 3 3 39 0x0 20 20 87 0x0  32 0
342 59 4212 43 0 0 0x1 0 0 0 0x0 7 7 91 0x0 20 20 92 0x1  51 0
344 129 4199 43 0 0 0x1 0 0 0 0x0 6 6 79 0x0 19 19 79 0x0  53 0
346 53 4214 34 0 0 0x1 0 0 0 0x0 3 3 52 0x1 21 21 87 0x0  20 0
348 66 4213 30 0 0 0x1 0 0 0 0x0 5 5 49 0x0 20 20 88 0x0  10 0
350 175 4177 31 0 0 0x1 0 0 0 0x0 4 4 68 0x1 20 20 88 0x0  68 0
352 138 4201 34 0 0 0x1 0 0 0 0x0 6 6 64 0x0 20 20 87 0x0  13 0
354 245 4152 23 0 0 0x1 0 0 0 0x0 6 6 80 0x0 20 20 88 0x0  64 0
356 61 4207 31 0 0 0x1 0 0 0 0x0 4 4 50 0x0 20 20 93 0x1  24 0
358 53 4211 32 0 0 0x1 0 0 0 0x0 4 4 50 0x0 21 21 87 0x0  25 0
360 53 4214 34 0 0 0x1 0 0 0 0x0 6 6 93 0x1 20 20 87 0x0  36 0
362 53 4211 35 0 0 0x1 0 0 0 0x0 4 4 40 0x0 20 20 87 0x0  59 0
364 55 4212 25 0 0 0x1 0 0 0 0x0 6 6 94 0x1 21 21 86 0x0  41 0
366 305 4163 38 0 0 0x1 0 0 0 0x0 4 4 44 0x1 18 18 76 0x0  11 0
368 271 4161 33 0 0 0x1 0 0 0 0x0 4 4 49 0x1 8 8 20 0x1  85 0
370 104 4192 38 0 0 0x1 0 0 0 0x0 7 7 78 0x0 9 9 19 0x1  88 0
# window_from=2  # samples before this mark saw a lit panel
