# t_s cur_mA v_mV APSS_sd APSS_xosd APSS_xopct APSS_cores LPASS_sd LPASS_xosd LPASS_xopct LPASS_cores MPSS_sd MPSS_xosd MPSS_xopct MPSS_cores PRONTO_sd PRONTO_xosd PRONTO_xopct PRONTO_cores smd_irq_total_per_s modem_irq_per_s
2 52 4326 37 0 0 0x1 0 0 0 0x0 5 5 49 0x0 20 20 87 0x1  65 0
4 202 4298 39 0 0 0x1 0 0 0 0x0 6 6 79 0x0 8 8 20 0x1  7 0
6 205 4279 31 0 0 0x1 0 0 0 0x0 3 3 52 0x1 8 8 17 0x0  40 0
8 173 4299 26 0 0 0x1 0 0 0 0x0 7 7 79 0x0 17 17 75 0x1  15 0
10 52 4322 38 0 0 0x1 0 0 0 0x0 7 7 85 0x1 20 20 87 0x1  14 0
12 52 4320 35 0 0 0x1 0 0 0 0x0 4 4 38 0x0 21 21 85 0x0  51 1
14 100 4316 31 0 0 0x1 0 0 0 0x0 6 6 79 0x0 21 21 84 0x0  9 0
16 206 4279 30 0 0 0x1 0 0 0 0x0 5 5 80 0x1 20 20 83 0x0  10 0
18 103 4307 35 0 0 0x1 0 0 0 0x0 5 5 52 0x0 20 20 85 0x0  48 0
20 128 4304 30 0 0 0x1 0 0 0 0x0 7 7 92 0x0 20 20 85 0x0  65 0
22 185 4288 23 0 0 0x1 0 0 0 0x0 3 3 40 0x0 21 21 90 0x0  17 0
24 53 4320 30 0 0 0x1 0 0 0 0x0 6 6 93 0x1 20 20 86 0x0  36 0
26 55 4313 34 0 0 0x1 0 0 0 0x0 7 7 79 0x0 21 21 82 0x0  31 0
28 170 4289 37 0 0 0x1 0 0 0 0x0 2 2 38 0x1 20 20 84 0x0  14 1
30 53 4315 34 0 0 0x1 0 0 0 0x0 6 6 64 0x0 20 20 85 0x0  122 0
32 173 4284 24 0 0 0x1 0 0 0 0x0 4 4 66 0x1 21 21 86 0x0  8 0
34 124 4302 34 0 0 0x1 0 0 0 0x0 6 6 67 0x0 20 20 84 0x0  41 0
36 96 4306 39 0 0 0x1 0 0 0 0x0 6 6 80 0x0 16 16 64 0x0  78 0
38 104 4294 26 0 0 0x1 0 0 0 0x0 4 4 51 0x0 9 9 22 0x0  12 0
40 156 4293 24 0 0 0x1 0 0 0 0x0 6 6 79 0x0 9 9 22 0x0  19 0
42 53 4315 13 0 0 0x1 0 0 0 0x0 6 6 94 0x1 20 20 83 0x0  42 0
44 64 4304 13 0 0 0x1 0 0 0 0x0 4 4 37 0x0 20 20 77 0x0  17 0
46 101 4315 27 0 0 0x1 0 0 0 0x0 6 6 92 0x1 20 20 87 0x0  21 0
48 154 4281 29 0 0 0x1 0 0 0 0x0 4 4 52 0x1 20 20 85 0x0  42 0
50 81 4312 27 0 0 0x1 0 0 0 0x0 6 6 67 0x0 20 20 84 0x0  22 0
52 132 4306 30 0 0 0x1 0 0 0 0x0 7 7 93 0x0 20 20 90 0x1  17 0
54 64 4308 33 0 0 0x1 0 0 0 0x0 3 3 40 0x0 21 21 87 0x0  52 0
56 113 4303 21 0 0 0x1 0 0 0 0x0 7 7 93 0x0 21 21 84 0x0  26 0
58 199 4278 31 0 0 0x1 0 0 0 0x0 5 5 72 0x1 20 20 85 0x0  6 0
60 109 4301 26 0 0 0x1 0 0 0 0x0 5 5 61 0x1 20 20 86 0x0  55 0
62 54 4311 25 0 0 0x1 0 0 0 0x0 5 5 49 0x0 20 20 85 0x0  12 0
64 209 4268 23 0 0 0x1 0 0 0 0x0 2 2 39 0x1 21 21 89 0x1  51 0
66 149 4280 26 0 0 0x1 0 0 0 0x0 4 4 40 0x1 22 22 86 0x0  96 1
68 119 4305 31 0 0 0x1 0 0 0 0x0 4 4 34 0x0 20 20 87 0x0  9 0
70 127 4291 39 0 0 0x1 0 0 0 0x0 4 4 53 0x0 12 12 40 0x0  28 0
72 106 4298 40 0 0 0x1 0 0 0 0x0 6 6 81 0x0 7 7 18 0x0  49 0
74 151 4282 30 0 0 0x1 0 0 0 0x0 4 4 70 0x1 13 13 45 0x0  11 0
76 177 4278 32 0 0 0x1 0 0 0 0x0 4 4 50 0x1 20 20 85 0x0  11 0
78 53 4309 42 0 0 0x1 0 0 0 0x0 7 7 72 0x0 18 18 70 0x0  42 0
80 54 4305 28 0 0 0x1 0 0 0 0x0 3 3 40 0x0 18 18 82 0x1  24 0
82 53 4310 32 0 0 0x1 0 0 0 0x0 6 6 93 0x1 18 18 69 0x0  26 1
84 245 4276 29 0 0 0x1 0 0 0 0x0 6 6 79 0x1 22 22 86 0x0  53 0
86 173 4280 34 0 0 0x1 0 0 0 0x0 3 3 38 0x1 20 20 86 0x0  16 1
88 56 4308 46 0 0 0x1 0 0 0 0x0 6 6 61 0x0 20 20 87 0x0  15 0
90 150 4278 34 0 0 0x1 0 0 0 0x0 4 4 47 0x1 20 20 86 0x0  50 0
92 53 4308 25 0 0 0x1 0 0 0 0x0 6 6 55 0x0 20 20 84 0x0  12 0
94 188 4283 21 0 0 0x1 0 0 0 0x0 6 6 80 0x0 21 21 90 0x0  17 0
96 172 4275 32 0 0 0x1 0 0 0 0x0 2 2 38 0x1 20 20 85 0x0  96 0
98 53 4306 37 0 0 0x1 0 0 0 0x0 6 6 62 0x0 20 20 86 0x0  12 0
100 159 4278 22 0 0 0x1 0 0 0 0x0 5 5 80 0x1 20 20 84 0x0  21 0
102 54 4304 16 0 0 0x1 0 0 0 0x0 5 5 53 0x0 21 21 85 0x0  53 0
104 103 4292 24 0 0 0x1 0 0 0 0x0 7 7 85 0x1 9 9 22 0x1  19 0
106 296 4247 30 0 0 0x1 0 0 0 0x0 3 3 40 0x1 9 9 22 0x1  17 0
108 145 4290 33 0 0 0x1 0 0 0 0x0 6 6 62 0x0 18 18 69 0x0  47 0
110 54 4307 25 0 0 0x1 0 0 0 0x0 5 5 66 0x0 20 20 87 0x0  16 0
112 177 4281 36 0 0 0x1 0 0 0 0x0 3 3 40 0x0 20 20 86 0x0  27 0
114 85 4299 38 0 0 0x1 0 0 0 0x0 7 7 92 0x0 21 21 83 0x0  56 0
116 153 4279 28 0 0 0x1 0 0 0 0x0 4 4 67 0x1 21 21 89 0x1  14 0
118 96 4300 30 0 0 0x1 0 0 0 0x0 5 5 66 0x1 20 20 86 0x1  7 0
120 97 4297 30 0 0 0x1 0 0 0 0x0 7 7 79 0x0 21 21 85 0x0  55 0
122 64 4300 27 0 0 0x1 0 0 0 0x0 3 3 52 0x1 20 20 83 0x0  18 0
124 111 4291 13 0 0 0x1 0 0 0 0x0 7 7 80 0x0 20 20 85 0x0  25 0
126 217 4283 29 0 0 0x1 0 0 0 0x0 5 5 79 0x1 20 20 86 0x0  79 0
128 54 4305 24 0 0 0x1 0 0 0 0x0 5 5 48 0x0 20 20 86 0x0  12 0
130 72 4297 32 0 0 0x1 0 0 0 0x0 6 6 83 0x0 20 20 85 0x0  25 0
132 153 4274 44 0 0 0x1 0 0 0 0x0 4 3 55 0x0 20 20 88 0x1  45 0
134 56 4304 22 0 0 0x1 0 0 0 0x0 6 7 82 0x0 21 21 83 0x0  19 0
136 221 4263 32 0 0 0x1 0 0 0 0x0 5 5 83 0x1 16 15 62 0x0  19 1
138 110 4282 32 0 0 0x1 0 0 0 0x0 4 4 31 0x0 9 10 19 0x1  55 0
140 52 4301 42 0 0 0x1 0 0 0 0x0 6 6 94 0x1 10 10 22 0x0  29 1
142 226 4262 43 0 0 0x1 0 0 0 0x0 4 4 56 0x1 21 21 86 0x0  6 0
144 182 4283 29 0 0 0x1 0 0 0 0x0 6 6 69 0x0 21 21 89 0x0  48 0
146 151 4281 31 0 0 0x1 0 0 0 0x0 5 5 84 0x1 20 20 85 0x0  9 0
148 102 4295 24 0 0 0x1 0 0 0 0x0 3 3 20 0x0 20 20 86 0x0  19 1
150 53 4305 43 0 0 0x1 0 0 0 0x0 7 7 96 0x0 21 21 84 0x0  50 0
152 167 4270 32 0 0 0x1 0 0 0 0x0 4 4 68 0x1 20 20 87 0x0  8 0
154 52 4304 30 0 0 0x1 0 0 0 0x0 6 5 64 0x0 21 21 86 0x0  33 1
156 196 4264 35 0 0 0x1 0 0 0 0x0 4 5 66 0x1 20 20 85 0x0  47 0
158 54 4297 32 0 0 0x1 0 0 0 0x0 3 3 34 0x1 20 20 87 0x1  26 0
160 141 4294 39 0 0 0x1 0 0 0 0x0 7 7 79 0x0 22 22 85 0x0  59 0
162 93 4284 31 0 0 0x1 0 0 0 0x0 6 6 81 0x0 20 20 87 0x0  80 0
164 105 4293 27 0 0 0x1 0 0 0 0x0 4 4 56 0x0 20 20 85 0x0  23 0
166 168 4271 28 0 0 0x1 0 0 0 0x0 4 4 69 0x1 20 20 85 0x0  9 0
168 167 4266 27 0 0 0x1 0 0 0 0x0 4 4 52 0x1 20 20 84 0x0  63 0
170 101 4289 39 0 0 0x1 0 0 0 0x0 6 6 68 0x0 13 13 47 0x1  17 0
172 105 4288 28 0 0 0x1 0 0 0 0x0 6 6 96 0x1 9 9 20 0x1  6 0
174 51 4298 37 0 0 0x1 0 0 0 0x0 4 4 39 0x0 13 12 44 0x0  55 0
176 279 4258 28 0 0 0x1 0 0 0 0x0 4 4 66 0x1 20 21 85 0x0  7 0
178 54 4254 31 0 0 0x1 0 0 0 0x0 4 4 50 0x1 20 20 81 0x0  19 0
180 99 4285 37 0 0 0x1 0 0 0 0x0 4 4 36 0x0 20 20 82 0x0  38 0
182 122 4302 27 0 0 0x1 0 0 0 0x0 7 7 92 0x0 20 20 89 0x1  30 0
184 163 4268 33 0 0 0x1 0 0 0 0x0 3 3 53 0x1 21 21 81 0x0  13 0
186 188 4265 34 0 0 0x1 0 0 0 0x0 4 4 53 0x1 20 20 90 0x1  43 1
188 54 4299 28 0 0 0x1 0 0 0 0x0 7 7 76 0x0 22 22 84 0x0  29 0
190 53 4297 48 0 0 0x1 0 0 0 0x0 4 4 53 0x0 20 20 85 0x0  52 1
192 64 4295 33 0 0 0x1 0 0 0 0x0 6 6 79 0x0 20 20 85 0x0  91 0
194 362 4255 30 0 0 0x1 0 0 0 0x0 6 6 74 0x1 21 21 84 0x0  21 0
196 120 4296 36 0 0 0x1 0 0 0 0x0 3 3 15 0x0 20 20 87 0x0  24 1
198 52 4297 32 0 0 0x1 0 0 0 0x0 4 4 63 0x1 20 20 87 0x0  57 1
200 89 4280 28 0 0 0x1 0 0 0 0x0 4 4 40 0x0 21 21 89 0x1  12 0
202 52 4297 33 0 0 0x1 0 0 0 0x0 6 6 80 0x0 20 20 76 0x0  29 0
204 54 4295 33 0 0 0x1 0 0 0 0x0 8 8 86 0x0 7 7 20 0x1  62 0
206 53 4293 25 0 0 0x1 0 0 0 0x0 3 3 39 0x0 10 10 20 0x1  9 0
208 56 4292 29 0 0 0x1 0 0 0 0x0 7 7 93 0x0 17 17 62 0x0  28 0
210 196 4261 32 0 0 0x1 0 0 0 0x0 4 4 66 0x1 20 20 87 0x0  28 1
212 211 4267 30 0 0 0x1 0 0 0 0x0 5 5 58 0x1 21 21 85 0x0  46 0
214 60 4297 32 0 0 0x1 0 0 0 0x0 7 7 81 0x0 20 20 90 0x1  17 0
216 53 4288 25 0 0 0x1 0 0 0 0x0 3 3 54 0x1 21 21 83 0x0  42 0
218 66 4292 25 0 0 0x1 0 0 0 0x0 7 7 80 0x0 21 21 85 0x0  29 1
220 203 4263 27 0 0 0x1 0 0 0 0x0 4 4 65 0x1 20 20 86 0x0  9 0
222 53 4296 37 0 0 0x1 0 0 0 0x0 5 5 47 0x0 20 20 84 0x0  91 0
224 52 4298 36 0 0 0x1 0 0 0 0x0 6 6 79 0x0 20 20 83 0x0  14 0
226 59 4286 32 0 0 0x1 0 0 0 0x0 3 3 28 0x0 20 20 87 0x0  6 0
228 108 4289 25 0 0 0x1 0 0 0 0x0 6 6 80 0x0 19 19 82 0x1  76 0
230 53 4264 37 0 0 0x1 0 0 0 0x0 6 6 98 0x1 22 22 84 0x0  18 0
232 52 4298 32 0 0 0x1 0 0 0 0x0 4 4 41 0x0 20 20 86 0x0  26 1
234 68 4289 34 0 0 0x1 0 0 0 0x0 6 6 83 0x0 20 20 86 0x0  42 0
236 203 4253 28 0 0 0x1 0 0 0 0x0 2 2 42 0x1 17 17 70 0x1  22 1
238 98 4286 34 0 0 0x1 0 0 0 0x0 7 7 79 0x0 8 8 19 0x1  31 0
240 132 4273 33 0 0 0x1 0 0 0 0x0 7 7 97 0x0 8 8 17 0x0  82 0
242 55 4297 26 0 0 0x1 0 0 0 0x0 3 3 41 0x0 21 21 87 0x1  26 0
244 128 4298 28 0 0 0x1 0 0 0 0x0 7 7 98 0x0 20 20 87 0x1  7 0
246 201 4248 21 0 0 0x1 0 0 0 0x0 2 2 38 0x1 20 20 86 0x1  44 0
248 220 4270 41 0 0 0x1 0 0 0 0x0 5 5 64 0x1 21 21 84 0x0  33 0
250 53 4298 33 0 0 0x1 0 0 0 0x0 7 7 81 0x0 20 20 85 0x0  6 0
252 148 4266 31 0 0 0x1 0 0 0 0x0 3 3 41 0x0 20 20 85 0x0  82 0
254 53 4298 26 0 0 0x1 0 0 0 0x0 7 7 90 0x0 20 20 86 0x0  9 0
256 58 4288 27 0 0 0x1 0 0 0 0x0 4 4 49 0x0 20 20 87 0x0  23 0
258 88 4286 38 0 0 0x1 0 0 0 0x0 4 4 52 0x0 21 21 86 0x0  86 0
260 53 4295 27 0 0 0x1 0 0 0 0x0 6 6 79 0x0 20 20 90 0x1  55 0
262 154 4266 35 0 0 0x1 0 0 0 0x0 4 4 66 0x1 20 20 85 0x1  32 0
264 177 4278 38 0 0 0x1 0 0 0 0x0 6 6 66 0x0 21 21 84 0x0  14 0
266 53 4291 28 0 0 0x1 0 0 0 0x0 4 4 50 0x0 20 20 86 0x0  66 0
268 54 4290 24 0 0 0x1 0 0 0 0x0 4 4 52 0x0 20 20 85 0x0  11 1
270 137 4274 40 0 0 0x1 0 0 0 0x0 6 6 80 0x0 14 14 53 0x1  39 0
272 104 4282 39 0 0 0x1 0 0 0 0x0 6 6 93 0x1 9 9 15 0x0  64 1
274 53 4292 34 0 0 0x1 0 0 0 0x0 4 4 40 0x0 11 11 39 0x0  14 0
276 68 4284 32 0 0 0x1 0 0 0 0x0 5 5 63 0x0 20 20 86 0x0  20 0
278 152 4264 29 0 0 0x1 0 0 0 0x0 3 3 54 0x1 20 20 90 0x1  30 0
280 182 4286 31 0 0 0x1 0 0 0 0x0 6 6 82 0x1 20 20 85 0x1  20 0
282 59 4288 35 0 0 0x1 0 0 0 0x0 5 5 55 0x0 20 20 85 0x1  61 0
284 59 4287 32 0 0 0x1 0 0 0 0x0 3 3 42 0x0 20 20 85 0x1  41 0
286 52 4294 25 0 0 0x1 0 0 0 0x0 5 5 66 0x0 19 19 73 0x0  25 0
288 166 4266 29 0 0 0x1 0 0 0 0x0 5 5 83 0x1 20 20 84 0x0  8 0
290 53 4293 38 0 0 0x1 0 0 0 0x0 4 4 53 0x1 20 20 85 0x0  46 0
292 66 4285 34 0 0 0x1 0 0 0 0x0 7 7 80 0x0 20 20 85 0x0  69 0
294 208 4256 22 0 0 0x1 0 0 0 0x0 3 3 53 0x1 20 20 85 0x0  11 0
296 53 4291 32 0 0 0x1 0 0 0 0x0 5 5 49 0x0 20 20 83 0x0  58 1
298 52 4292 27 0 0 0x1 0 0 0 0x0 7 7 72 0x0 20 20 87 0x0  11 1
300 99 4276 44 0 0 0x1 0 0 0 0x0 4 4 52 0x0 21 21 86 0x0  37 0
302 53 4293 24 0 0 0x1 0 0 0 0x0 6 6 79 0x0 20 20 91 0x1  68 0
304 241 4233 40 0 0 0x1 0 0 0 0x0 5 5 79 0x1 11 11 30 0x0  10 0
306 105 4277 19 0 0 0x1 0 0 0 0x0 4 4 35 0x0 8 8 20 0x1  23 0
308 53 4293 33 0 0 0x1 0 0 0 0x0 6 6 93 0x1 16 16 55 0x0  46 0
310 86 4281 46 0 0 0x1 0 0 0 0x0 4 4 39 0x0 20 20 84 0x0  32 0
312 119 4281 28 0 0 0x1 0 0 0 0x0 6 6 92 0x1 21 21 84 0x0  14 0
314 52 4294 29 0 0 0x1 0 0 0 0x0 7 7 81 0x0 20 20 91 0x1  77 0
316 140 4270 17 0 0 0x1 0 0 0 0x0 3 3 42 0x0 21 21 86 0x1  25 1
318 53 4294 31 0 0 0x1 0 0 0 0x0 7 7 97 0x0 21 21 84 0x0  9 0
320 201 4253 40 0 0 0x1 0 0 0 0x0 4 4 71 0x1 20 20 86 0x0  64 1
322 53 4293 39 0 0 0x1 0 0 0 0x0 6 6 70 0x0 19 19 80 0x0  45 0
324 57 4284 32 0 0 0x1 0 0 0 0x0 6 6 81 0x0 20 20 86 0x0  19 0
326 228 4251 31 0 0 0x1 0 0 0 0x0 1 1 26 0x1 19 19 77 0x0  64 0
328 100 4290 34 0 0 0x1 0 0 0 0x0 6 6 63 0x0 21 21 89 0x0  12 0
330 74 4281 23 0 0 0x1 0 0 0 0x0 5 5 80 0x1 20 20 86 0x1  33 0
332 52 4291 30 0 0 0x1 0 0 0 0x0 4 4 36 0x0 20 20 83 0x1  58 0
334 82 4285 20 0 0 0x1 0 0 0 0x0 6 6 80 0x0 21 21 84 0x0  18 1
336 207 4250 35 0 0 0x1 0 0 0 0x0 4 4 52 0x0 17 17 78 0x1  30 0
338 105 4278 48 0 0 0x1 0 0 0 0x0 6 6 79 0x0 8 8 20 0x1  53 1
340 105 4278 26 0 0 0x1 0 0 0 0x0 7 6 92 0x0 8 8 20 0x1  18 0
342 62 4287 20 0 0 0x1 0 0 0 0x0 3 4 39 0x0 19 19 77 0x0  21 1
344 135 4279 36 0 0 0x1 0 0 0 0x0 7 7 85 0x1 20 20 87 0x0  80 0
346 223 4249 35 0 0 0x1 0 0 0 0x0 5 5 66 0x1 21 21 89 0x1  32 1
348 53 4290 30 0 0 0x1 0 0 0 0x0 5 5 51 0x0 21 21 85 0x0  6 0
350 53 4288 23 0 0 0x1 0 0 0 0x0 7 7 93 0x0 20 20 86 0x1  48 0
352 54 4283 22 0 0 0x1 0 0 0 0x0 3 3 39 0x0 21 21 85 0x0  11 0
354 208 4271 38 0 0 0x1 0 0 0 0x0 6 6 92 0x1 20 20 84 0x0  47 0
356 58 4290 31 0 0 0x1 0 0 0 0x0 5 5 50 0x0 20 20 86 0x0  68 0
358 96 4281 37 0 0 0x1 0 0 0 0x0 3 3 52 0x1 21 21 84 0x0  19 0
360 57 4290 32 0 0 0x1 0 0 0 0x0 7 7 81 0x0 20 20 87 0x0  59 0
362 204 4243 32 0 0 0x1 0 0 0 0x0 5 5 61 0x1 20 20 84 0x0  41 0
364 53 4291 34 0 0 0x1 0 0 0 0x0 6 6 66 0x0 20 20 85 0x0  26 0
366 101 4288 31 0 0 0x1 0 0 0 0x0 6 6 79 0x0 20 20 85 0x0  16 0
368 97 4276 33 0 0 0x1 0 0 0 0x0 4 4 53 0x0 19 19 80 0x1  44 1
# window_from=2  # samples before this mark saw a lit panel
