# t_s cur_mA v_mV APSS_sd APSS_xosd APSS_xopct APSS_cores LPASS_sd LPASS_xosd LPASS_xopct LPASS_cores MPSS_sd MPSS_xosd MPSS_xopct MPSS_cores PRONTO_sd PRONTO_xosd PRONTO_xopct PRONTO_cores edge_irq_per_s modem_irq_per_s
2 176 4294 11 0 0 0x1 0 0 0 0x0 3 3 39 0x0 20 20 83 0x0  106 0
4 61 4317 17 0 0 0x1 0 0 0 0x0 6 6 93 0x1 20 20 85 0x0  15 0
6 158 4283 16 0 0 0x1 0 0 0 0x0 5 5 66 0x1 19 19 75 0x0  76 0
8 96 4302 29 0 0 0x1 0 0 0 0x0 5 5 53 0x0 14 14 48 0x1  20 0
10 172 4281 28 0 0 0x1 0 0 0 0x0 7 7 92 0x0 7 7 19 0x1  12 0
12 154 4278 37 0 0 0x1 0 0 0 0x0 3 3 40 0x0 11 11 34 0x0  49 0
14 52 4311 31 0 0 0x1 0 0 0 0x0 7 7 91 0x0 20 20 85 0x0  16 1
16 231 4278 25 0 0 0x1 0 0 0 0x0 6 6 83 0x0 20 20 87 0x0  15 0
18 52 4307 28 0 0 0x1 0 0 0 0x0 3 3 53 0x1 20 20 84 0x0  55 1
20 209 4263 33 0 0 0x1 0 0 0 0x0 7 7 79 0x0 21 21 90 0x1  52 1
22 157 4270 34 0 0 0x1 0 0 0 0x0 4 4 66 0x1 20 20 85 0x1  41 0
24 62 4300 29 0 0 0x1 0 0 0 0x0 6 6 66 0x0 19 19 80 0x1  89 0
26 115 4293 20 0 0 0x1 0 0 0 0x0 6 6 79 0x0 21 21 85 0x0  21 0
28 109 4277 25 0 0 0x1 0 0 0 0x0 4 4 53 0x0 20 20 87 0x0  10 0
30 171 4285 22 0 0 0x1 0 0 0 0x0 6 6 79 0x0 20 20 83 0x0  59 0
32 52 4301 29 0 0 0x1 0 0 0 0x0 6 6 92 0x1 20 20 85 0x0  9 1
34 189 4271 34 0 0 0x1 0 0 0 0x0 4 4 40 0x0 19 19 79 0x0  56 0
36 56 4298 21 0 0 0x1 0 0 0 0x0 6 6 79 0x0 21 21 86 0x0  66 0
38 223 4254 28 0 0 0x1 0 0 0 0x0 4 4 70 0x1 20 20 86 0x0  9 0
40 122 4285 33 0 0 0x1 0 0 0 0x0 4 3 25 0x0 20 20 86 0x0  32 0
42 115 4278 34 0 0 0x1 0 0 0 0x0 7 7 93 0x0 11 11 31 0x0  49 0
44 116 4273 25 0 0 0x1 0 0 0 0x0 3 3 40 0x0 7 7 18 0x1  18 0
46 82 4292 26 0 0 0x1 0 0 0 0x0 6 6 98 0x1 15 15 60 0x1  35 0
48 73 4293 24 0 0 0x1 0 0 0 0x0 6 6 84 0x1 22 22 84 0x0  49 0
50 57 4288 23 0 0 0x1 0 0 0 0x0 4 4 40 0x0 20 20 86 0x0  26 0
52 189 4268 30 0 0 0x1 0 0 0 0x0 7 7 94 0x0 20 20 87 0x0  7 0
54 166 4261 15 0 0 0x1 0 0 0 0x0 3 3 56 0x1 20 20 85 0x0  52 0
56 99 4285 22 0 0 0x1 0 0 0 0x0 7 7 82 0x0 20 20 85 0x0  29 0
58 109 4275 33 0 0 0x1 0 0 0 0x0 4 4 52 0x0 20 20 86 0x0  4 0
60 52 4285 33 0 0 0x1 0 0 0 0x0 3 3 52 0x1 20 20 85 0x0  56 0
62 175 4260 38 0 0 0x1 0 0 0 0x0 5 5 70 0x1 20 20 83 0x0  43 0
64 164 4261 21 0 0 0x1 0 0 0 0x0 3 3 30 0x1 20 20 83 0x0  65 0
66 101 4278 32 0 0 0x1 0 0 0 0x0 5 5 53 0x0 17 17 64 0x0  104 0
68 53 4289 34 0 0 0x1 0 0 0 0x0 6 6 80 0x0 21 21 89 0x0  6 0
70 158 4256 28 0 0 0x1 0 0 0 0x0 3 3 56 0x1 17 17 68 0x0  25 0
72 181 4237 26 0 0 0x1 0 0 0 0x0 6 6 77 0x1 20 20 85 0x0  50 0
74 81 4279 16 0 0 0x1 0 0 0 0x0 5 5 62 0x1 17 17 77 0x1  21 0
76 107 4271 29 0 0 0x1 0 0 0 0x0 4 4 40 0x0 6 6 15 0x1  21 0
78 52 4280 29 0 0 0x1 0 0 0 0x0 6 6 80 0x0 9 9 20 0x1  44 0
80 194 4239 34 0 0 0x1 0 0 0 0x0 5 5 79 0x1 18 18 68 0x0  25 0
82 181 4256 29 0 0 0x1 0 0 0 0x0 4 4 53 0x1 20 20 87 0x0  12 0
84 104 4276 16 0 0 0x1 0 0 0 0x0 6 6 64 0x0 20 20 83 0x0  64 0
86 153 4269 32 0 0 0x1 0 0 0 0x0 3 3 42 0x0 20 20 86 0x0  13 0
88 290 4249 31 0 0 0x1 0 0 0 0x0 6 6 90 0x1 20 20 84 0x1  11 0
90 53 4282 26 0 0 0x1 0 0 0 0x0 7 7 79 0x0 21 21 83 0x1  65 0
92 170 4239 31 0 0 0x1 0 0 0 0x0 2 2 40 0x1 20 20 84 0x1  36 0
94 68 4276 21 0 0 0x1 0 0 0 0x0 6 6 61 0x0 21 21 87 0x1  117 0
96 192 4245 36 0 0 0x1 0 0 0 0x0 4 4 67 0x1 21 21 86 0x0  52 0
98 53 4283 31 0 0 0x1 0 0 0 0x0 6 6 64 0x0 20 20 85 0x0  7 0
100 56 4282 13 0 0 0x1 0 0 0 0x0 6 6 80 0x0 19 19 80 0x0  60 0
102 181 4245 32 0 0 0x1 0 0 0 0x0 2 2 40 0x1 20 20 87 0x0  12 0
104 67 4278 18 0 0 0x1 0 0 0 0x0 6 6 63 0x0 20 20 87 0x0  70 0
106 53 4279 39 0 0 0x1 0 0 0 0x0 6 6 79 0x0 21 21 77 0x0  5 0
108 97 4266 17 0 0 0x1 0 0 0 0x0 4 4 51 0x0 16 16 63 0x1  8 0
110 106 4263 33 0 0 0x1 0 0 0 0x0 6 6 79 0x0 10 10 21 0x1  57 0
112 169 4241 29 0 0 0x1 0 0 0 0x0 4 4 66 0x1 10 10 26 0x0  21 0
114 52 4277 24 0 0 0x1 0 0 0 0x0 6 6 63 0x0 20 20 87 0x0  32 0
116 52 4281 31 0 0 0x1 0 0 0 0x0 7 7 97 0x1 19 19 80 0x0  42 0
118 72 4276 30 0 0 0x1 0 0 0 0x0 4 4 29 0x0 21 21 86 0x0  4 0
120 53 4247 28 0 0 0x1 0 0 0 0x0 6 6 93 0x1 20 20 85 0x0  22 0
122 195 4241 24 0 0 0x1 0 0 0 0x0 5 5 66 0x1 18 18 80 0x1  69 0
124 62 4274 14 0 0 0x1 0 0 0 0x0 5 5 49 0x0 21 21 79 0x0  58 0
126 52 4279 35 0 0 0x1 0 0 0 0x0 7 7 93 0x0 20 20 91 0x1  7 0
128 92 4269 29 0 0 0x1 0 0 0 0x0 3 3 39 0x0 21 21 84 0x0  24 0
130 53 4279 28 0 0 0x1 0 0 0 0x0 7 7 92 0x0 19 19 87 0x1  40 0
132 201 4240 26 0 0 0x1 0 0 0 0x0 4 4 68 0x1 21 21 83 0x0  15 0
134 108 4261 31 0 0 0x1 0 0 0 0x0 4 4 45 0x1 19 19 74 0x0  74 0
136 63 4275 36 0 0 0x1 0 0 0 0x0 7 7 80 0x0 21 21 79 0x0  13 0
138 150 4246 33 0 0 0x1 0 0 0 0x0 3 3 54 0x1 20 20 83 0x0  26 0
140 56 4274 24 0 0 0x1 0 0 0 0x0 7 7 80 0x0 20 20 85 0x0  43 0
142 213 4231 37 0 0 0x1 0 0 0 0x0 4 4 66 0x1 13 13 43 0x1  14 0
144 105 4259 22 0 0 0x1 0 0 0 0x0 4 4 35 0x0 9 9 18 0x0  24 0
146 104 4263 28 0 0 0x1 0 0 0 0x0 7 7 75 0x0 12 12 48 0x1  47 0
148 164 4240 22 0 0 0x1 0 0 0 0x0 4 4 67 0x1 22 22 85 0x0  26 0
150 103 4272 31 0 0 0x1 0 0 0 0x0 6 6 65 0x0 20 20 82 0x0  11 0
152 183 4238 35 0 0 0x1 0 0 0 0x0 4 4 67 0x1 20 20 85 0x0  92 0
154 105 4256 25 0 0 0x1 0 0 0 0x0 4 4 28 0x0 21 21 86 0x0  70 0
156 54 4271 28 0 0 0x1 0 0 0 0x0 6 6 80 0x0 20 20 85 0x0  9 0
158 91 4264 19 0 0 0x1 0 0 0 0x0 6 6 95 0x1 20 20 86 0x0  93 0
160 53 4272 23 0 0 0x1 0 0 0 0x0 4 4 40 0x0 20 20 85 0x0  12 0
162 166 4250 24 0 0 0x1 0 0 0 0x0 5 5 84 0x1 20 20 87 0x0  15 0
164 183 4238 35 0 0 0x1 0 0 0 0x0 3 3 38 0x1 21 21 88 0x1  71 0
166 53 4275 39 0 0 0x1 0 0 0 0x0 6 6 66 0x0 20 20 86 0x1  13 0
168 57 4247 28 0 0 0x1 0 0 0 0x0 7 7 97 0x0 21 21 85 0x0  23 0
170 187 4233 18 0 0 0x1 0 0 0 0x0 1 1 26 0x1 21 21 84 0x0  51 0
172 53 4270 30 0 0 0x1 0 0 0 0x0 7 7 66 0x0 18 18 75 0x0  17 0
174 185 4250 25 0 0 0x1 0 0 0 0x0 5 5 81 0x1 20 20 86 0x0  27 0
176 104 4258 39 0 0 0x1 0 0 0 0x0 5 5 49 0x0 10 10 24 0x1  42 0
178 106 4256 23 0 0 0x1 0 0 0 0x0 6 6 80 0x0 8 8 18 0x1  21 0
180 85 4248 37 0 0 0x1 0 0 0 0x0 3 3 53 0x1 16 16 59 0x0  19 0
182 128 4248 33 0 0 0x1 0 0 0 0x0 7 7 80 0x0 20 20 86 0x1  75 0
184 129 4267 28 0 0 0x1 0 0 0 0x0 6 6 80 0x0 19 19 79 0x1  43 0
186 53 4268 32 0 0 0x1 0 0 0 0x0 4 4 53 0x0 20 20 85 0x1  18 0
188 53 4266 13 0 0 0x1 0 0 0 0x0 6 6 84 0x0 21 21 84 0x0  80 1
190 259 4237 35 0 0 0x1 0 0 0 0x0 5 5 84 0x1 19 19 87 0x1  4 0
192 66 4267 30 0 0 0x1 0 0 0 0x0 5 5 54 0x0 21 21 84 0x0  4 0
194 75 4267 30 0 0 0x1 0 0 0 0x0 6 6 95 0x1 21 21 82 0x0  98 0
196 190 4232 36 0 0 0x1 0 0 0 0x0 4 4 41 0x0 20 20 85 0x0  14 0
198 102 4258 24 0 0 0x1 0 0 0 0x0 6 6 75 0x0 20 20 86 0x0  31 1
200 53 4266 36 0 0 0x1 0 0 0 0x0 7 7 92 0x0 20 20 83 0x0  40 0
202 185 4245 27 0 0 0x1 0 0 0 0x0 3 3 39 0x0 20 20 87 0x0  25 1
204 54 4270 31 0 0 0x1 0 0 0 0x0 7 7 93 0x0 20 20 86 0x0  10 0
206 185 4225 21 0 0 0x1 0 0 0 0x0 4 4 66 0x1 21 21 85 0x0  51 0
208 53 4264 32 0 0 0x1 0 0 0 0x0 5 5 65 0x1 17 17 69 0x1  33 1
210 53 4264 34 0 0 0x1 0 0 0 0x0 7 7 79 0x0 7 7 19 0x1  14 0
212 111 4244 17 0 0 0x1 0 0 0 0x0 3 3 42 0x0 8 8 18 0x1  103 0
214 106 4256 29 0 0 0x1 0 0 0 0x0 7 7 96 0x0 21 21 81 0x0  11 0
216 148 4246 21 0 0 0x1 0 0 0 0x0 5 5 84 0x1 20 20 88 0x0  57 0
218 128 4259 20 0 0 0x1 0 0 0 0x0 5 5 49 0x0 20 20 84 0x0  67 0
220 219 4247 26 0 0 0x1 0 0 0 0x0 7 7 72 0x0 20 20 87 0x0  10 0
222 218 4222 22 0 0 0x1 0 0 0 0x0 2 2 40 0x1 21 21 83 0x0  36 2
224 54 4265 35 0 0 0x1 0 0 0 0x0 8 8 74 0x0 21 21 84 0x0  76 0
226 52 4268 20 0 0 0x1 0 0 0 0x0 6 6 78 0x0 20 20 85 0x0  22 1
228 122 4247 15 0 0 0x1 0 0 0 0x0 4 4 50 0x0 20 20 91 0x1  24 0
230 52 4269 18 0 0 0x1 0 0 0 0x0 6 6 83 0x0 20 20 85 0x1  31 0
232 183 4236 16 0 0 0x1 0 0 0 0x0 3 3 56 0x1 21 21 87 0x0  54 1
234 176 4247 21 0 0 0x1 0 0 0 0x0 6 6 60 0x0 21 21 84 0x0  17 0
236 53 4268 31 0 0 0x1 0 0 0 0x0 6 6 97 0x1 19 19 85 0x1  39 0
238 102 4263 31 0 0 0x1 0 0 0 0x0 4 4 39 0x0 21 21 83 0x0  24 0
240 53 4268 28 0 0 0x1 0 0 0 0x0 6 6 79 0x0 19 19 77 0x0  21 0
242 284 4204 28 0 0 0x1 0 0 0 0x0 3 3 54 0x1 13 13 55 0x1  85 0
244 53 4262 38 0 0 0x1 0 0 0 0x0 6 6 60 0x0 8 8 14 0x1  20 0
246 53 4264 28 0 0 0x1 0 0 0 0x0 8 8 88 0x0 11 11 33 0x0  18 0
248 146 4255 19 0 0 0x1 0 0 0 0x0 3 3 39 0x0 19 19 78 0x0  76 0
250 53 4265 29 0 0 0x1 0 0 0 0x0 6 6 92 0x1 20 20 89 0x1  17 0
252 234 4215 22 0 0 0x1 0 0 0 0x0 3 3 40 0x1 21 21 84 0x1  20 0
254 52 4266 32 0 0 0x1 0 0 0 0x0 5 5 47 0x0 21 21 86 0x0  45 0
256 58 4264 26 0 0 0x1 0 0 0 0x0 7 7 95 0x0 20 20 85 0x0  27 0
258 205 4233 18 0 0 0x1 0 0 0 0x0 3 3 41 0x0 20 20 84 0x0  20 0
260 54 4266 31 0 0 0x1 0 0 0 0x0 7 7 92 0x0 20 20 86 0x0  76 0
262 82 4255 14 0 0 0x1 0 0 0 0x0 4 4 49 0x0 20 20 87 0x0  24 0
264 53 4264 33 0 0 0x1 0 0 0 0x0 3 3 47 0x1 20 20 79 0x0  18 0
266 258 4232 29 0 0 0x1 0 0 0 0x0 7 7 80 0x0 20 20 84 0x0  54 0
268 168 4233 18 0 0 0x1 0 0 0 0x0 4 4 69 0x1 20 20 85 0x0  16 0
270 167 4234 10 0 0 0x1 0 0 0 0x0 6 6 63 0x0 21 21 89 0x0  16 0
272 53 4261 26 0 0 0x1 0 0 0 0x0 4 4 49 0x0 19 19 86 0x1  54 0
274 115 4253 24 0 0 0x1 0 0 0 0x0 4 4 51 0x0 21 21 86 0x0  9 0
276 197 4230 25 0 0 0x1 0 0 0 0x0 6 6 80 0x0 9 9 33 0x1  32 0
278 112 4247 24 0 0 0x1 0 0 0 0x0 6 6 93 0x1 7 7 18 0x1  83 0
280 52 4264 23 0 0 0x1 0 0 0 0x0 4 4 38 0x0 15 15 52 0x0  11 0
282 162 4232 14 0 0 0x1 0 0 0 0x0 2 2 39 0x1 19 19 80 0x0  21 0
284 157 4234 37 0 0 0x1 0 0 0 0x0 4 4 52 0x1 20 20 87 0x0  40 0
286 63 4260 17 0 0 0x1 0 0 0 0x0 6 6 64 0x0 19 19 81 0x0  34 0
288 63 4258 18 0 0 0x1 0 0 0 0x0 8 8 87 0x0 20 20 86 0x0  19 0
290 124 4246 25 0 0 0x1 0 0 0 0x0 3 3 39 0x0 20 20 88 0x1  49 0
292 53 4260 21 0 0 0x1 0 0 0 0x0 4 4 62 0x1 20 20 87 0x1  18 0
294 52 4265 27 0 0 0x1 0 0 0 0x0 6 6 80 0x1 20 20 77 0x0  11 0
296 63 4258 25 0 0 0x1 0 0 0 0x0 4 4 51 0x1 20 20 83 0x0  97 0
298 63 4262 11 0 0 0x1 0 0 0 0x0 7 7 79 0x0 20 20 83 0x0  25 0
300 176 4232 17 0 0 0x1 0 0 0 0x0 3 3 53 0x1 20 20 84 0x0  18 0
302 152 4242 29 0 0 0x1 0 0 0 0x0 4 4 39 0x1 20 20 85 0x0  49 0
304 52 4263 23 0 0 0x1 0 0 0 0x0 7 7 78 0x0 20 20 82 0x0  6 0
306 155 4221 21 0 0 0x1 0 0 0 0x0 3 3 50 0x1 20 20 87 0x0  28 0
308 53 4261 21 0 0 0x1 0 0 0 0x0 7 7 79 0x0 19 19 87 0x1  48 0
310 343 4209 14 0 0 0x1 0 0 0 0x0 5 5 80 0x1 8 8 17 0x1  24 0
312 115 4243 16 0 0 0x1 0 0 0 0x0 5 5 53 0x0 7 7 15 0x0  30 0
314 83 4254 26 0 0 0x1 0 0 0 0x0 6 6 79 0x0 17 17 74 0x1  52 0
316 148 4232 26 0 0 0x1 0 0 0 0x0 3 3 56 0x1 21 21 84 0x0  24 0
318 54 4264 22 0 0 0x1 0 0 0 0x0 7 7 76 0x0 20 20 86 0x0  6 0
320 286 4217 30 0 0 0x1 0 0 0 0x0 7 7 92 0x0 20 20 87 0x0  62 0
322 94 4251 12 0 0 0x1 0 0 0 0x0 3 3 38 0x0 21 21 85 0x0  16 0
324 72 4259 26 0 0 0x1 0 0 0 0x0 6 6 93 0x1 20 20 86 0x0  11 0
326 220 4221 29 0 0 0x1 0 0 0 0x0 5 5 68 0x1 20 20 87 0x0  55 0
328 70 4254 19 0 0 0x1 0 0 0 0x0 5 5 51 0x0 20 20 86 0x0  17 0
330 56 4260 23 0 0 0x1 0 0 0 0x0 7 7 92 0x0 20 20 86 0x0  25 0
332 97 4247 29 0 0 0x1 0 0 0 0x0 3 3 40 0x0 20 20 85 0x0  58 0
334 73 4263 23 0 0 0x1 0 0 0 0x0 6 6 93 0x1 21 21 85 0x0  27 1
336 97 4256 28 0 0 0x1 0 0 0 0x0 7 7 79 0x0 20 20 87 0x0  12 0
338 103 4248 22 0 0 0x1 0 0 0 0x0 3 3 40 0x0 19 19 80 0x0  52 1
340 66 4259 29 0 0 0x1 0 0 0 0x0 7 7 92 0x0 20 20 84 0x0  48 1
342 244 4215 33 0 0 0x1 0 0 0 0x0 4 4 66 0x1 15 15 66 0x1  22 0
344 110 4245 32 0 0 0x1 0 0 0 0x0 5 5 67 0x1 7 7 19 0x1  46 0
346 63 4253 12 0 0 0x1 0 0 0 0x0 7 7 80 0x0 9 9 22 0x0  50 1
348 54 4258 29 0 0 0x1 0 0 0 0x0 3 3 50 0x1 20 20 87 0x0  9 0
350 132 4246 26 0 0 0x1 0 0 0 0x0 7 7 79 0x0 20 20 86 0x0  52 0
352 194 4231 25 0 0 0x1 0 0 0 0x0 6 6 79 0x0 20 20 84 0x0  16 0
354 64 4258 31 0 0 0x1 0 0 0 0x0 4 4 50 0x0 20 20 84 0x0  15 1
356 102 4239 10 0 0 0x1 0 0 0 0x0 4 4 53 0x0 21 21 85 0x0  76 1
358 188 4225 23 0 0 0x1 0 0 0 0x0 4 4 67 0x1 18 18 73 0x0  22 0
360 83 4254 16 0 0 0x1 0 0 0 0x0 6 6 69 0x0 20 20 86 0x0  35 0
362 58 4258 40 0 0 0x1 0 0 0 0x0 6 6 83 0x0 18 18 66 0x0  60 0
364 70 4245 33 0 0 0x1 0 0 0 0x0 4 4 54 0x0 21 21 83 0x0  35 1
366 62 4259 17 0 0 0x1 0 0 0 0x0 6 6 84 0x0 20 20 86 0x0  32 0
368 53 4261 35 0 0 0x1 0 0 0 0x0 6 6 95 0x1 20 20 85 0x0  46 0
370 175 4237 31 0 0 0x1 0 0 0 0x0 4 4 38 0x0 20 20 85 0x0  24 0
372 53 4259 29 0 0 0x1 0 0 0 0x0 6 6 96 0x1 19 19 80 0x0  15 1
374 194 4210 20 0 0 0x1 0 0 0 0x0 4 4 56 0x1 20 20 89 0x1  56 1
# window_from=2  # samples before this mark saw a lit panel
