# idle-ab Tue Aug 25 16:38:58 CEST 2026 os=pmos window=1800s
# kernel=7.1.3-postmarketos-qcom-msm8953 #77-fp3 SMP PREEMPT Tue Aug 25 07:29:14 UTC 2026
# asking for the panel off, then waiting up to 240s for the hardware to say it is
/tmp/idle-ab.sh: line 167: can't create /sys/class/drm/card0-DSI-1/dpms: Permission denied
# panel: bl_power='4' dpms='Off' brightness='40' waited=0s blanked: /sys/class/graphics/fb0/blank
# on battery: v=4316854
# t_s current_uA voltage_uV
0 -100250 4316854 -
5 -101623 4284350 -
10 -55847 4310042 -
15 -160064 4283376 -
20 -210724 4270725 -
25 -223541 4268195 -
30 -191803 4272866 -
35 -164642 4277148 -
40 -231628 4270530 -
45 -177765 4271114 -
50 -112304 4302256 -
55 -216980 4269363 -
60 -70343 4303424 -
65 -158844 4278511 -
70 -56304 4304008 -
75 -189056 4261382 -
81 -56152 4298169 -
86 -235748 4266443 -
91 -171966 4266054 -
96 -189666 4262745 -
101 -55847 4298558 -
106 -166931 4272671 -
111 -200958 4264302 -
116 -57067 4297001 -
121 -115203 4287269 -
126 -56304 4296028 -
131 -56762 4292135 -
136 -56304 4293108 -
141 -56610 4292914 -
146 -90332 4276370 -
151 -98877 4281041 -
156 -95062 4267805 -
161 -152740 4259825 -
166 -200500 4251651 -
171 -251465 4228878 -
176 -193481 4261188 -
181 -56762 4287853 -
186 -74005 4282403 -
191 -57220 4287658 -
196 -59967 4285517 -
201 -59967 4282987 -
206 -106811 4275202 -
211 -60119 4278511 -
216 -103607 4276175 -
221 -152588 4254376 -
226 -56610 4279094 -
231 -182495 4248147 -
236 -149841 4254376 -
241 -365295 4240556 -
246 -131836 4268779 -
251 -56304 4283571 -
256 -55389 4283182 -
261 -73547 4280652 -
267 -65765 4279873 -
272 -55847 4283571 -
277 -77972 4280068 -
282 -194091 4244254 -
287 -100250 4264691 -
292 -56457 4276564 -
297 -180816 4246006 -
302 -153350 4247174 -
307 -159759 4249510 -
312 -193939 4226542 -
317 -59051 4272282 -
322 -159607 4241335 -
327 -55389 4276953 -
332 -181884 4243087 -
337 -99639 4270920 -
342 -182190 4248147 -
347 -56915 4276370 -
352 -211181 4236858 -
357 -104217 4262745 -
362 -55999 4272866 -
367 -189209 4249510 -
372 -202484 4236858 -
377 -158233 4244644 -
382 -252990 4201824 -
387 -78430 4268389 -
392 -130615 4244838 -
397 -56610 4271114 -
402 -145874 4259825 -
407 -57678 4274229 -
412 -56304 4273645 -
417 -55236 4272477 -
422 -66223 4266832 -
427 -204315 4244838 -
432 -252990 4234912 -
437 -101318 4252235 -
442 -180053 4233939 -
447 -289001 4233549 -
452 -65918 4270530 -
457 -106201 4257684 -
463 -57067 4270920 -
468 -57220 4270920 -
473 -103302 4264107 -
478 -56610 4270920 -
483 -57220 4269363 -
488 -56610 4268584 -
493 -205536 4224401 -
498 -119018 4255543 -
503 -198364 4218173 -
508 -166015 4237247 -
513 -170593 4234133 -
518 -158233 4234717 -
523 -99182 4262940 -
528 -56762 4265470 -
533 -56304 4268779 -
538 -55999 4269168 -
543 -106353 4256711 -
548 -57220 4268195 -
553 -57373 4267805 -
558 -149688 4242503 -
563 -235138 4227516 -
568 -151519 4253402 -
573 -56762 4265275 -
578 -90332 4255154 -
583 -204315 4227516 -
588 -222168 4219925 -
593 -56304 4268195 -
598 -104370 4249899 -
603 -163116 4234912 -
608 -176696 4224401 -
613 -56610 4253402 -
618 -56610 4265081 -
623 -57067 4262161 -
628 -181579 4238999 -
633 -125732 4253597 -
638 -56762 4263913 -
643 -57220 4262356 -
648 -56762 4258852 -
654 -202026 4225959 -
659 -206451 4224401 -
664 -190124 4233939 -
669 -55999 4263329 -
674 -62713 4262356 -
679 -61492 4262745 -
684 -192718 4244644 -
689 -57525 4261966 -
694 -187530 4237053 -
699 -113830 4246979 -
704 -57067 4262161 -
709 -197143 4234523 -
714 -127716 4237053 -
719 -100860 4252624 -
724 -153045 4231992 -
729 -284271 4212334 -
734 -108642 4246006 -
739 -57220 4261966 -
744 -56152 4261577 -
749 -105590 4250677 -
754 -246277 4225569 -
759 -183105 4235496 -
764 -179596 4236858 -
769 -108795 4246006 -
774 -55542 4258463 -
779 -107269 4248926 -
784 -55999 4255543 -
789 -57220 4253986 -
794 -162506 4228489 -
799 -157928 4219730 -
804 -209503 4205132 -
809 -197143 4226737 -
814 -56915 4253597 -
819 -56457 4257684 -
824 -224609 4222650 -
829 -181579 4235690 -
834 -223999 4223623 -
840 -110168 4243087 -
845 -191040 4215254 -
850 -56304 4255933 -
855 -177002 4227516 -
860 -61950 4254376 -
865 -153808 4225959 -
870 -251617 4171849 -
875 -171051 4227710 -
880 -56915 4254181 -
885 -239715 4230241 -
890 -150299 4247758 -
895 -55694 4257490 -
900 -92010 4247174 -
905 -101776 4241919 -
910 -56915 4255933 -
915 -130462 4242697 -
920 -70648 4251651 -
925 -56457 4254376 -
930 -56610 4251845 -
935 -138244 4227126 -
940 -219879 4201629 -
945 -207061 4226737 -
950 -56915 4252235 -
955 -242462 4222066 -
960 -220337 4229462 -
965 -75225 4246785 -
970 -96435 4244060 -
975 -108642 4238026 -
980 -56915 4252624 -
985 -76904 4243087 -
990 -57067 4244449 -
995 -57373 4250872 -
1000 -55542 4248147 -
1005 -56457 4248147 -
1010 -248108 4196179 -
1015 -188446 4216227 -
1020 -114441 4242503 -
1025 -151214 4234717 -
1031 -107727 4241140 -
1036 -67443 4248342 -
1041 -55542 4252818 -
1046 -57220 4245812 -
1051 -57067 4251067 -
1056 -112762 4238221 -
1061 -57525 4249899 -
1066 -56915 4248731 -
1071 -56610 4246590 -
1076 -56610 4240362 -
1081 -206298 4209025 -
1086 -171203 4221677 -
1091 -149994 4234328 -
1096 -56304 4246395 -
1101 -169830 4216811 -
1106 -56152 4241919 -
1111 -108795 4236664 -
1116 -61950 4248926 -
1121 -60272 4248147 -
1126 -137176 4236858 -
1131 -56457 4248147 -
1136 -86212 4240167 -
1141 -57373 4243087 -
1146 -102844 4229267 -
1151 -209961 4209609 -
1156 -195160 4196763 -
1161 -189819 4217005 -
1166 -70343 4243087 -
1171 -55542 4248536 -
1176 -63934 4247174 -
1181 -108032 4233549 -
1186 -108184 4239388 -
1191 -56152 4247953 -
1196 -114135 4239583 -
1201 -137024 4235496 -
1206 -56610 4245812 -
1211 -56915 4243865 -
1217 -200348 4197347 -
1222 -202484 4207468 -
1227 -165557 4203381 -
1232 -57220 4248147 -
1237 -55542 4247369 -
1242 -57220 4247758 -
1247 -56457 4244644 -
1252 -108642 4213502 -
1257 -107421 4235496 -
1262 -59814 4242892 -
1267 -100708 4239194 -
1272 -56762 4245228 -
1277 -107727 4235690 -
1282 -178070 4221287 -
1287 -108795 4226737 -
1292 -88195 4231798 -
1297 -174865 4209220 -
1302 -152435 4202213 -
1307 -310821 4187615 -
1312 -124664 4235106 -
1317 -137939 4228294 -
1322 -56152 4241919 -
1327 -55847 4243671 -
1332 -108184 4234912 -
1337 -57373 4242503 -
1342 -79040 4242503 -
1347 -57067 4240556 -
1352 -103759 4235885 -
1357 -60272 4237831 -
1362 -131683 4231603 -
1367 -157165 4213502 -
1372 -215454 4203965 -
1377 -56152 4244449 -
1382 -57220 4243865 -
1387 -199279 4216227 -
1392 -57220 4242308 -
1397 -56915 4243671 -
1403 -56762 4239778 -
1408 -76599 4229851 -
1413 -57067 4240167 -
1418 -184784 4214280 -
1423 -219879 4215059 -
1428 -102996 4229462 -
1433 -266571 4205132 -
1438 -245208 4206495 -
1443 -57067 4241530 -
1448 -60272 4238415 -
1453 -56457 4241724 -
1458 -136718 4216421 -
1463 -56457 4240751 -
1468 -56457 4238610 -
1473 -55847 4240751 -
1478 -56915 4238999 -
1483 -129089 4213502 -
1488 -149688 4224012 -
1493 -119018 4217589 -
1498 -178527 4209804 -
1503 -261383 4184696 -
1508 -55847 4242113 -
1513 -56152 4241140 -
1518 -55847 4241724 -
1523 -67901 4240362 -
1528 -168914 4213696 -
1533 -55847 4238026 -
1538 -57220 4235301 -
1543 -67138 4230241 -
1548 -149078 4222844 -
1553 -148925 4218562 -
1558 -104827 4221287 -
1563 -130157 4206884 -
1568 -181274 4202602 -
1573 -231781 4199683 -
1578 -109253 4230824 -
1583 -57067 4239583 -
1589 -57220 4237637 -
1594 -155944 4202018 -
1599 -58441 4226348 -
1604 -180053 4202991 -
1609 -57525 4232382 -
1614 -152435 4204548 -
1619 -151672 4226737 -
1624 -57678 4232187 -
1629 -187988 4190924 -
1634 -204315 4190924 -
1639 -306854 4196568 -
1644 -88043 4230435 -
1649 -103454 4226542 -
1654 -110015 4228294 -
1659 -57678 4233744 -
1664 -108490 4220509 -
1669 -239410 4197152 -
1674 -230102 4204938 -
1679 -181274 4210971 -
1684 -149841 4219730 -
1689 -183105 4201629 -
1694 -105133 4231992 -
1699 -110321 4213307 -
1704 -153198 4205132 -
1709 -221405 4192092 -
1714 -318145 4173212 -
1719 -66986 4233160 -
1724 -57983 4231603 -
1729 -106811 4224791 -
1734 -55847 4227321 -
1739 -264435 4196374 -
1744 -209655 4203575 -
1749 -201416 4209414 -
1754 -55847 4234717 -
1759 -56915 4234912 -
1764 -121765 4223818 -
1770 -67596 4226542 -
1775 -57220 4226542 -
1780 -173492 4198515 -
1785 -211639 4189561 -
1790 -56152 4233939 -
1795 -56457 4235106 -
# WINDOW=1800s v 4316854 -> 4217005
# DONE Tue Aug 25 17:09:18 CEST 2026
# output: /tmp/idle-ab-1787668738.txt
# restored: input=1 status=Charging
