# idle-ab Tue Aug 25 06:34:45 CEST 2026 os=pmos window=3600s
# kernel=7.1.3-postmarketos-qcom-msm8953 #74-fp3 SMP PREEMPT Sun Aug 23 13:20:02 UTC 2026
# stopped compositor: greetd
/tmp/idle-ab.sh: line 108: can't create /sys/class/drm/card0-DSI-1/dpms: Permission denied
# panel: dpms='Off' backlight='40' blanked: /sys/class/graphics/fb0/blank
# on battery: v=4170487
# t_s current_uA voltage_uV
0 -161132 4170487 -
5 -295105 4139929 -
10 -166015 4165621 -
15 -152893 4153943 -
20 -185852 4157836 -
25 -231475 4142265 -
30 -189056 4156668 -
35 -183258 4153748 -
40 -212555 4130392 -
45 -184784 4146157 -
50 -105743 4170292 -
55 -87432 4163675 -
60 -54168 4173017 -
65 -53710 4170487 -
70 -54779 4168930 -
75 -117340 4158225 -
80 -205688 4123579 -
85 -174560 4129029 -
90 -54168 4163285 -
95 -70953 4150439 -
100 -59509 4105868 -
105 -231170 4124163 -
110 -205078 4132727 -
115 -235138 4117935 -
120 -185241 4106257 -
125 -184784 4136231 -
130 -150451 4142265 -
135 -53710 4160171 -
141 -110473 4143043 -
146 -175476 4125720 -
151 -218506 4107425 -
156 -184021 4122022 -
161 -153503 4135452 -
166 -54321 4154721 -
171 -53253 4154916 -
176 -54321 4153359 -
181 -54473 4150829 -
186 -282898 4092438 -
191 -82092 4131170 -
196 -173339 4115015 -
201 -144195 4125915 -
206 -250854 4115210 -
211 -172577 4120660 -
216 -345764 4099444 -
221 -212555 4104310 -
226 -421905 4090880 -
231 -53863 4151802 -
236 -54016 4151413 -
241 -53710 4151023 -
246 -54168 4148493 -
251 -59967 4147520 -
256 -54473 4142265 -
261 -54168 4146352 -
266 -88653 4141681 -
271 -55694 4101586 -
276 -63018 4129613 -
281 -232544 4101391 -
286 -120391 4117546 -
291 -399933 4103727 -
296 -183563 4120271 -
301 -176544 4122606 -
306 -149383 4127667 -
311 -138702 4138177 -
316 -54473 4145573 -
321 -127716 4128445 -
326 -77209 4134090 -
331 -131988 4134090 -
337 -103759 4136426 -
342 -54168 4141681 -
347 -54626 4141097 -
352 -54626 4139929 -
357 -100250 4120076 -
362 -204620 4104894 -
367 -224304 4097303 -
372 -161743 4113458 -
377 -207061 4109760 -
382 -208130 4111317 -
387 -195160 4112874 -
392 -179290 4113069 -
397 -267639 4092048 -
402 -54473 4141875 -
407 -77056 4140124 -
412 -60424 4138956 -
417 -54473 4139150 -
422 -55236 4137399 -
427 -240173 4089518 -
432 -205078 4105673 -
437 -185394 4102169 -
442 -54473 4117546 -
447 -54626 4136036 -
452 -54473 4135842 -
457 -234069 4101002 -
462 -284881 4077645 -
467 -188751 4109955 -
472 -184936 4110928 -
477 -184936 4111512 -
482 -315399 4089907 -
487 -154266 4121438 -
492 -151214 4107619 -
497 -178985 4099055 -
502 -225830 4082900 -
507 -70343 4130392 -
512 -124816 4117156 -
518 -54779 4135842 -
523 -57525 4134868 -
528 -100555 4107814 -
533 -98266 4124942 -
538 -53558 4132533 -
543 -92315 4115599 -
548 -252838 4090491 -
553 -177154 4104116 -
558 -218658 4104505 -
563 -244293 4073752 -
568 -185089 4081733 -
573 -150756 4118130 -
578 -61340 4136036 -
583 -57525 4136036 -
588 -54779 4137009 -
593 -88348 4119881 -
598 -111847 4117546 -
603 -54779 4133701 -
608 -55389 4126304 -
613 -146179 4115599 -
618 -53710 4132338 -
623 -174102 4124553 -
628 -159912 4100028 -
633 -241699 4086793 -
638 -57525 4125526 -
643 -175171 4103143 -
648 -184021 4102948 -
653 -190124 4101196 -
658 -187530 4106451 -
663 -184784 4109176 -
668 -54168 4128445 -
673 -184173 4106841 -
678 -131073 4116767 -
683 -74462 4131365 -
688 -99945 4121244 -
693 -54779 4131170 -
698 -103454 4120076 -
704 -82244 4104894 -
709 -173797 4095552 -
714 -249481 4101391 -
719 -122528 4111123 -
724 -125579 4100807 -
729 -98266 4117740 -
734 -100097 4118130 -
739 -191803 4099834 -
744 -139770 4096525 -
749 -187072 4098471 -
754 -157013 4121438 -
759 -53405 4130392 -
764 -147857 4118130 -
769 -107879 4110733 -
774 -156555 4096525 -
779 -169067 4095941 -
784 -226135 4084068 -
789 -174713 4096525 -
794 -364837 4065188 -
799 -58136 4116573 -
804 -246429 4069081 -
809 -54473 4123579 -
814 -179138 4098082 -
819 -191497 4088350 -
824 -186004 4100028 -
829 -191497 4097109 -
834 -184021 4099639 -
839 -149994 4101586 -
844 -55084 4124553 -
849 -186615 4098861 -
854 -55084 4119881 -
859 -165863 4070054 -
864 -176849 4094384 -
869 -54016 4124942 -
874 -102691 4109371 -
879 -54168 4124163 -
885 -54168 4123385 -
890 -158691 4093021 -
895 -137481 4121633 -
900 -67749 4115015 -
905 -92926 4104310 -
910 -242004 4075310 -
915 -236511 4077061 -
920 -160522 4093800 -
925 -218200 4079786 -
930 -199890 4077256 -
935 -161895 4095357 -
940 -79956 4123190 -
945 -54016 4123774 -
950 -97961 4115794 -
955 -92926 4123385 -
960 -54626 4124747 -
965 -54168 4122996 -
970 -53558 4121633 -
975 -100250 4104894 -
980 -91400 4107814 -
985 -63781 4114821 -
990 -54626 4115210 -
995 -184631 4088739 -
1000 -244445 4070249 -
1005 -192566 4092827 -
1010 -237884 4078424 -
1015 -184326 4094773 -
1020 -114441 4118130 -
1025 -170135 4099055 -
1030 -216064 4101002 -
1035 -54168 4122606 -
1040 -53405 4123579 -
1045 -171966 4083484 -
1050 -53710 4122412 -
1055 -54016 4120660 -
1060 -54168 4119687 -
1066 -111236 4103337 -
1071 -193939 4085236 -
1076 -219574 4077840 -
1081 -114441 4090102 -
1086 -251770 4074531 -
1091 -218658 4091464 -
1096 -222931 4078034 -
1101 -185241 4093800 -
1106 -184631 4094968 -
1111 -187683 4110539 -
1116 -170898 4098666 -
1121 -97808 4110733 -
1126 -54626 4118714 -
1131 -155639 4107230 -
1136 -258484 4084457 -
1141 -165557 4082900 -
1146 -215454 4081538 -
1151 -284576 4071417 -
1156 -160064 4088545 -
1161 -53710 4117156 -
1166 -60119 4105284 -
1171 -109405 4111512 -
1176 -62255 4109176 -
1181 -243835 4072001 -
1186 -174560 4090491 -
1191 -185089 4091464 -
1196 -111694 4111123 -
1201 -268707 4077061 -
1206 -177002 4086793 -
1211 -208282 4072195 -
1216 -312195 4024315 -
1221 -98114 4111123 -
1226 -54321 4119687 -
1231 -206909 4094773 -
1236 -211639 4084652 -
1241 -54779 4117156 -
1246 -67138 4115989 -
1251 -107727 4101780 -
1257 -92468 4102753 -
1262 -59051 4110150 -
1267 -229034 4079592 -
1272 -252533 4068886 -
1277 -185089 4087182 -
1282 -204467 4083290 -
1287 -215606 4064021 -
1292 -264587 4072974 -
1297 -99639 4104700 -
1302 -53710 4113458 -
1307 -55236 4115405 -
1312 -70495 4113848 -
1317 -77209 4111901 -
1322 -141296 4088156 -
1327 -55084 4114821 -
1332 -55236 4114821 -
1337 -101623 4102559 -
1342 -106659 4102364 -
1347 -54931 4107425 -
1352 -172729 4077451 -
1357 -251159 4057987 -
1362 -301971 4046114 -
1367 -192108 4083484 -
1372 -186767 4090686 -
1377 -186767 4090686 -
1382 -90484 4105868 -
1387 -215301 4082511 -
1392 -103759 4106257 -
1397 -54626 4114626 -
1402 -54016 4113848 -
1407 -162658 4089713 -
1412 -55084 4110150 -
1417 -208435 4077645 -
1422 -209198 4061101 -
1427 -229034 4056040 -
1432 -54168 4108203 -
1437 -77056 4105673 -
1442 -67291 4108787 -
1448 -249328 4072585 -
1453 -184326 4085431 -
1458 -238495 4069665 -
1463 -185241 4084847 -
1468 -182953 4091270 -
1473 -187072 4083095 -
1478 -55236 4111123 -
1483 -139465 4094189 -
1488 -74615 4105089 -
1493 -149994 4057598 -
1498 -311279 4064604 -
1503 -68054 4111123 -
1508 -53710 4110150 -
1513 -112609 4092632 -
1518 -54321 4110150 -
1523 -53253 4108982 -
1528 -117034 4082122 -
1533 -179748 4081538 -
1538 -226288 4073363 -
1543 -58441 4099055 -
1548 -304260 4053899 -
1553 -287018 4049034 -
1558 -224304 4066551 -
1563 -257721 4052732 -
1568 -181274 4096720 -
1573 -54931 4112096 -
1578 -115509 4089518 -
1583 -54168 4110539 -
1588 -56762 4104310 -
1593 -234375 4041832 -
1598 -58898 4104116 -
1603 -54626 4102559 -
1608 -54626 4107230 -
1613 -54931 4105284 -
1618 -55084 4101196 -
1623 -230713 4070249 -
1629 -336761 4054094 -
1634 -236816 4061490 -
1639 -86822 4096525 -
1644 -198364 4092048 -
1649 -190124 4082122 -
1654 -157928 4091659 -
1659 -105743 4106841 -
1664 -107574 4092438 -
1669 -54473 4108592 -
1674 -54626 4108009 -
1679 -54473 4105478 -
1684 -57525 4106257 -
1689 -190887 4091464 -
1694 -54931 4102753 -
1699 -107421 4083874 -
1704 -159607 4075504 -
1709 -250396 4053899 -
1714 -206604 4075115 -
1719 -187530 4080565 -
1724 -184021 4081343 -
1729 -285492 4073947 -
1734 -318451 4060128 -
1739 -70800 4098082 -
1744 -54473 4106646 -
1749 -54779 4107230 -
1754 -103149 4096136 -
1759 -54473 4104700 -
1764 -55084 4105089 -
1769 -53710 4098277 -
1774 -181121 4088934 -
1779 -221252 4063047 -
1784 -161132 4068108 -
1789 -380096 4060322 -
1794 -242920 4058960 -
1799 -185852 4075310 -
1804 -240326 4051564 -
1809 -236969 4064604 -
1815 -185547 4077840 -
1820 -198211 4077256 -
1825 -173492 4082316 -
1830 -68664 4102169 -
1835 -102081 4081733 -
1840 -167694 4070054 -
1845 -173950 4060517 -
1850 -160217 4069470 -
1855 -195770 4064799 -
1860 -129089 4093021 -
1865 -54321 4104505 -
1870 -54168 4096914 -
1875 -54779 4100028 -
1880 -110321 4077061 -
1885 -54016 4099834 -
1890 -209350 4071611 -
1895 -186462 4075893 -
1900 -186462 4074726 -
1905 -188446 4067913 -
1910 -185699 4073752 -
1915 -169830 4072390 -
1920 -155792 4070638 -
1925 -238495 4057792 -
1930 -54473 4103727 -
1935 -55389 4103727 -
1940 -109253 4069081 -
1945 -110473 4093216 -
1950 -89263 4090491 -
1955 -54779 4101975 -
1960 -53710 4101391 -
1965 -54931 4100028 -
1970 -194549 4075699 -
1975 -108184 4080370 -
1980 -183715 4069665 -
1985 -202942 4070249 -
1990 -243530 4051564 -
1996 -186462 4075504 -
2001 -235290 4099250 -
2006 -151367 4084068 -
2011 -181274 4075893 -
2016 -90484 4100612 -
2021 -73242 4100418 -
2026 -89111 4089907 -
2031 -55084 4101780 -
2036 -53863 4101002 -
2041 -54931 4098082 -
2046 -55542 4089323 -
2051 -158081 4063631 -
2056 -215759 4056819 -
2061 -54168 4098471 -
2066 -54779 4097887 -
2071 -54626 4094189 -
2076 -285186 4048644 -
2081 -184631 4070054 -
2086 -165557 4067135 -
2091 -92468 4091464 -
2096 -108337 4087572 -
2101 -57830 4091464 -
2106 -186615 4059544 -
2111 -229950 4068692 -
2116 -240173 4050396 -
2121 -337372 4055651 -
2126 -54016 4097303 -
2131 -53863 4098082 -
2136 -54931 4097303 -
2141 -254059 4050396 -
2146 -110473 4080565 -
2151 -193481 4067135 -
2156 -193328 4066940 -
2161 -240173 4059933 -
2166 -189666 4070833 -
2171 -191497 4072585 -
2176 -184936 4079397 -
2182 -55084 4091075 -
2187 -192871 4060128 -
2192 -259552 4051953 -
2197 -54931 4098471 -
2202 -53863 4096914 -
2207 -125885 4084652 -
2212 -55084 4096136 -
2217 -54321 4090102 -
2222 -54168 4095357 -
2227 -53710 4095162 -
2232 -54779 4093411 -
2237 -54473 4091464 -
2242 -93536 4073947 -
2247 -265655 4054094 -
2252 -228119 4040469 -
2257 -177612 4062074 -
2262 -303955 4055457 -
2267 -226135 4059349 -
2272 -152130 4078034 -
2277 -86822 4094189 -
2282 -54321 4093021 -
2287 -55084 4095552 -
2292 -106811 4086404 -
2297 -53710 4094384 -
2302 -54931 4092827 -
2307 -54016 4093216 -
2312 -169372 4069081 -
2317 -106201 4078424 -
2322 -173034 4057208 -
2327 -199890 4062658 -
2332 -247497 4034825 -
2337 -191497 4064215 -
2342 -188141 4061490 -
2347 -189056 4067719 -
2352 -208130 4053510 -
2357 -95367 4093021 -
2362 -54779 4094579 -
2368 -58288 4092827 -
2373 -53710 4093800 -
2378 -101318 4080759 -
2383 -55236 4092827 -
2388 -109863 4072974 -
2393 -183868 4058960 -
2398 -196685 4053705 -
2403 -54779 4092243 -
2408 -179138 4075893 -
2413 -229492 4051175 -
2418 -89111 4083679 -
2423 -109100 4075115 -
2428 -54473 4090297 -
2433 -184478 4064215 -
2438 -198364 4066745 -
2443 -347290 4041832 -
2448 -184784 4067719 -
2453 -58593 4092243 -
2458 -109558 4075115 -
2463 -112609 4083290 -
2468 -55389 4081733 -
2473 -157470 4061490 -
2478 -185699 4060322 -
2483 -138092 4067719 -
2488 -105438 4070444 -
2493 -61950 4083095 -
2498 -118866 4082122 -
2503 -178222 4063242 -
2508 -177459 4057014 -
2513 -197143 4054873 -
2518 -186157 4063631 -
2523 -186004 4064215 -
2528 -181427 4071027 -
2533 -164947 4060517 -
2538 -58593 4081733 -
2543 -197143 4057987 -
2548 -361175 4024704 -
2554 -54473 4091659 -
2559 -99334 4084068 -
2564 -55084 4091659 -
2569 -55084 4089323 -
2574 -54931 4089323 -
2579 -55542 4086404 -
2584 -108337 4076088 -
2589 -101471 4071222 -
2594 -78430 4076867 -
2599 -192108 4055067 -
2604 -186767 4059739 -
2609 -189819 4060128 -
2614 -109405 4068497 -
2619 -191497 4046698 -
2624 -54321 4091270 -
2629 -54473 4090102 -
2634 -109558 4064215 -
2639 -54473 4091270 -
2644 -54016 4091075 -
2649 -71411 4078813 -
2654 -99945 4080370 -
2659 -56152 4088545 -
2664 -54931 4087182 -
2669 -55084 4086793 -
2674 -55084 4085041 -
2679 -204467 4046309 -
2684 -220794 4042221 -
2689 -209808 4059349 -
2694 -184784 4064410 -
2699 -252990 4043194 -
2704 -187225 4064215 -
2709 -84838 4088350 -
2714 -141296 4074726 -
2719 -133361 4073168 -
2724 -91095 4076867 -
2729 -72174 4082511 -
2734 -93536 4087572 -
2739 -118103 4069860 -
2744 -158844 4056819 -
2750 -182953 4051564 -
2755 -214386 4048839 -
2760 -121765 4066745 -
2765 -55084 4085820 -
2770 -55389 4084847 -
2775 -98114 4061685 -
2780 -244293 4049812 -
2785 -242614 4056430 -
2790 -189514 4050201 -
2795 -183715 4060906 -
2800 -217743 4062269 -
2805 -139923 4059544 -
2810 -70343 4078424 -
2815 -203247 4053705 -
2820 -247039 4036577 -
2825 -99334 4075310 -
2830 -100402 4079008 -
2835 -54473 4086015 -
2840 -54931 4086793 -
2845 -54473 4084652 -
2850 -54321 4084263 -
2855 -68512 4082511 -
2860 -54321 4081149 -
2865 -178222 4056430 -
2870 -314483 4047866 -
2875 -222778 4037745 -
2880 -172729 4049034 -
2885 -191650 4045919 -
2890 -149231 4072585 -
2895 -145568 4078424 -
2900 -236969 4030932 -
2905 -164337 4057208 -
2910 -126342 4081149 -
2915 -98571 4073168 -
2920 -54626 4083484 -
2926 -79345 4074142 -
2931 -54779 4084263 -
2936 -94909 4074142 -
2941 -77209 4076867 -
2946 -195922 4050785 -
2951 -223999 4038328 -
2956 -370483 4019059 -
2961 -228576 4052342 -
2966 -259857 4044362 -
2971 -225982 4043778 -
2976 -229950 4051758 -
2981 -192566 4067913 -
2986 -54779 4082511 -
2991 -54016 4084457 -
2996 -54321 4083484 -
3001 -154419 4064994 -
3006 -58746 4080565 -
3011 -71106 4077061 -
3016 -89721 4079202 -
3021 -217743 4047282 -
3026 -172119 4051758 -
3031 -166626 4037161 -
3036 -178985 4045725 -
3041 -172729 4047282 -
3046 -194244 4053316 -
3051 -187378 4053510 -
3056 -187225 4055067 -
3061 -186157 4055262 -
3066 -198974 4059155 -
3071 -156555 4060712 -
3076 -57983 4082316 -
3081 -53710 4081927 -
3086 -148162 4065383 -
3091 -55084 4078813 -
3096 -99792 4071417 -
3101 -54779 4068886 -
3107 -161743 4049034 -
3112 -261841 4039496 -
3117 -181274 4046114 -
3122 -102844 4061296 -
3127 -116119 4061101 -
3132 -225677 4040080 -
3137 -201568 4048060 -
3142 -173034 4044946 -
3147 -184936 4053510 -
3152 -224762 4040080 -
3157 -356750 4036966 -
3162 -210113 4044362 -
3167 -85601 4066551 -
3172 -59051 4069081 -
3177 -165557 4050980 -
3182 -159759 4049617 -
3187 -289306 4026845 -
3192 -229339 4044362 -
3197 -60424 4076477 -
3202 -124359 4071806 -
3207 -54473 4078618 -
3212 -54321 4076672 -
3217 -295410 4039886 -
3222 -190124 4050201 -
3227 -195617 4052148 -
3232 -185394 4052926 -
3237 -181732 4057208 -
3242 -180664 4057403 -
3247 -95214 4072779 -
3252 -100555 4071417 -
3257 -191650 4042805 -
3262 -60119 4029764 -
3267 -55236 4078229 -
3272 -245208 4035993 -
3277 -53710 4077451 -
3282 -212860 4051953 -
3287 -99945 4067524 -
3293 -58288 4073168 -
3298 -66528 4071027 -
3303 -317230 4029181 -
3308 -196380 4047476 -
3313 -184173 4049423 -
3318 -182037 4049228 -
3323 -187683 4051758 -
3328 -183715 4030543 -
3333 -175628 4038134 -
3338 -54321 4078618 -
3343 -58746 4076088 -
3348 -173187 4063242 -
3353 -54626 4077256 -
3358 -107269 4069081 -
3363 -54931 4076088 -
3368 -55389 4075893 -
3373 -54779 4074531 -
3378 -54321 4074726 -
3383 -79956 4069470 -
3388 -170898 4047087 -
3393 -247650 4021006 -
3398 -159301 4044751 -
3403 -280304 4034825 -
3408 -178985 4042221 -
3413 -165405 4067524 -
3418 -153045 4059155 -
3423 -55542 4074920 -
3428 -54321 4076867 -
3433 -60119 4076672 -
3438 -54626 4076672 -
3443 -53405 4075699 -
3448 -57220 4070833 -
3453 -55999 4070444 -
3458 -55542 4074142 -
3463 -54016 4072974 -
3468 -54931 4070833 -
3474 -179138 4041053 -
3479 -233459 4021979 -
3484 -262146 4042416 -
3489 -188141 4048255 -
3494 -187530 4051564 -
3499 -117492 4057987 -
3504 -196533 4048450 -
3509 -54626 4076867 -
3514 -54321 4075115 -
3519 -54779 4075504 -
3524 -88043 4065188 -
3529 -189819 4063047 -
3534 -55389 4074336 -
3539 -54168 4071806 -
3544 -99487 4051953 -
3549 -160827 4041443 -
3554 -302124 4037939 -
