# idle-ab Tue Aug 25 16:01:04 CEST 2026 os=pmos window=1800s
# kernel=7.1.3-postmarketos-qcom-msm8953 #77-fp3 SMP PREEMPT Tue Aug 25 07:29:14 UTC 2026
# asking for the panel off, then waiting up to 240s for the hardware to say it is
/tmp/idle-ab.sh: line 167: can't create /sys/class/drm/card0-DSI-1/dpms: Permission denied
# panel: bl_power='4' dpms='Off' brightness='40' waited=0s blanked: /sys/class/graphics/fb0/blank
# on battery: v=4314518
# t_s current_uA voltage_uV
0 -97961 4314518 -
5 -52642 4326002 -
10 -52490 4324445 -
15 -52490 4322304 -
20 -53405 4320163 -
25 -53100 4313156 -
30 -249023 4281819 -
35 -183105 4282014 -
40 -54321 4318995 -
45 -146484 4302840 -
50 -52032 4320747 -
55 -53710 4318800 -
60 -113067 4309652 -
65 -100708 4311404 -
70 -143280 4293692 -
75 -53558 4316465 -
80 -99639 4304008 -
85 -127716 4302256 -
90 -160522 4279678 -
95 -156860 4282987 -
100 -190887 4276759 -
105 -221862 4256517 -
110 -90637 4305954 -
115 -53863 4307511 -
120 -52795 4313934 -
125 -56304 4299921 -
130 -54016 4311404 -
135 -214080 4263718 -
140 -148620 4295055 -
145 -152130 4278121 -
150 -53253 4307122 -
155 -177002 4274229 -
161 -119934 4294665 -
166 -151825 4279094 -
171 -225372 4245617 -
176 -106659 4293887 -
181 -215454 4279289 -
186 -54321 4308485 -
191 -171508 4284544 -
196 -51422 4307122 -
201 -52795 4307706 -
206 -198059 4286491 -
211 -54016 4304008 -
216 -53100 4304008 -
221 -179138 4280262 -
226 -145721 4289605 -
231 -101776 4291162 -
236 -158081 4273839 -
241 -220642 4257295 -
246 -263519 4257879 -
251 -52032 4304981 -
256 -93994 4293692 -
261 -52490 4303424 -
266 -52642 4304592 -
271 -53863 4298364 -
276 -101013 4289216 -
281 -53253 4298947 -
286 -188903 4271893 -
291 -57678 4299337 -
296 -100402 4300115 -
301 -101776 4284934 -
306 -52032 4298947 -
311 -53710 4290967 -
316 -155029 4269168 -
321 -172729 4262940 -
326 -249481 4256127 -
331 -66986 4298364 -
336 -54016 4298169 -
341 -53558 4292719 -
346 -52795 4299337 -
352 -120239 4290967 -
357 -52032 4300310 -
362 -52795 4299726 -
367 -67596 4298947 -
372 -53405 4299142 -
377 -154266 4282987 -
382 -156097 4266443 -
387 -150299 4269363 -
392 -171508 4271504 -
397 -117492 4281041 -
402 -181579 4273061 -
407 -144806 4281625 -
412 -146179 4278121 -
417 -52948 4292135 -
422 -157013 4267416 -
427 -53253 4297585 -
432 -53405 4297001 -
437 -53710 4294081 -
442 -53863 4288826 -
447 -106659 4276953 -
452 -180664 4258268 -
457 -189209 4265081 -
462 -53558 4296223 -
467 -193481 4270920 -
472 -259094 4284934 -
477 -59814 4295639 -
482 -95062 4288242 -
487 -52948 4295444 -
492 -105438 4283766 -
497 -53253 4295249 -
502 -52948 4293303 -
507 -54016 4289799 -
512 -194091 4259241 -
517 -195160 4253986 -
522 -219116 4258268 -
527 -104827 4286296 -
532 -162048 4284544 -
538 -52795 4295639 -
543 -143890 4281625 -
548 -52642 4293887 -
553 -52948 4294471 -
558 -53100 4287853 -
563 -81481 4285128 -
568 -83618 4282403 -
573 -53558 4286296 -
578 -157470 4259436 -
583 -149688 4260215 -
588 -186615 4239388 -
593 -101318 4274423 -
598 -174713 4264886 -
603 -105133 4280068 -
608 -53863 4289021 -
613 -122833 4282403 -
618 -53253 4288437 -
623 -97198 4283766 -
628 -104827 4274034 -
633 -53100 4288048 -
638 -111541 4274618 -
643 -52948 4278316 -
648 -167083 4253986 -
653 -152740 4256906 -
658 -254364 4251261 -
663 -225219 4260020 -
668 -52642 4287658 -
673 -98571 4276564 -
678 -65307 4286685 -
683 -121765 4274423 -
688 -52185 4287075 -
693 -53405 4281235 -
698 -105133 4268779 -
703 -119323 4266248 -
708 -88958 4273839 -
713 -181427 4250288 -
718 -194091 4251456 -
723 -238647 4254376 -
729 -147400 4281235 -
734 -153808 4260604 -
739 -60730 4283182 -
744 -53253 4285712 -
749 -52795 4285323 -
754 -114135 4271309 -
759 -55236 4285128 -
764 -104217 4269363 -
769 -70648 4273645 -
774 -54016 4281819 -
779 -102691 4261772 -
784 -158233 4251067 -
789 -159759 4252429 -
794 -224304 4255543 -
799 -97656 4268195 -
804 -53558 4281430 -
809 -57067 4278316 -
814 -52948 4281625 -
819 -133056 4268000 -
824 -112152 4266054 -
829 -96740 4274229 -
834 -62561 4273255 -
839 -54626 4280262 -
844 -55694 4278316 -
849 -123596 4264107 -
854 -193023 4241530 -
859 -164642 4242308 -
864 -170898 4239194 -
869 -108490 4264691 -
874 -53405 4280262 -
879 -53558 4280846 -
884 -54626 4278316 -
889 -51574 4279678 -
894 -96435 4270725 -
899 -53253 4277927 -
904 -125427 4263329 -
909 -52337 4274812 -
915 -150909 4247758 -
920 -279998 4239778 -
925 -166168 4245228 -
930 -147552 4249120 -
935 -171508 4246590 -
940 -457916 4219341 -
945 -157318 4253402 -
950 -54016 4277148 -
955 -284118 4245617 -
960 -52795 4277927 -
965 -52948 4246785 -
970 -124359 4266054 -
975 -54321 4275591 -
980 -95672 4268973 -
985 -223846 4239388 -
990 -151062 4251456 -
995 -146484 4258852 -
1000 -75683 4272282 -
1005 -167389 4235885 -
1010 -215912 4229073 -
1015 -210876 4231214 -
1020 -52948 4275980 -
1025 -52948 4276564 -
1030 -84228 4268195 -
1035 -63171 4274423 -
1040 -53863 4269557 -
1045 -63018 4271698 -
1050 -53863 4274034 -
1055 -107116 4266443 -
1060 -197143 4243865 -
1065 -53405 4272866 -
1070 -53405 4271309 -
1075 -210571 4224985 -
1080 -151672 4247369 -
1085 -64086 4271309 -
1090 -78430 4265275 -
1095 -54321 4271114 -
1100 -130310 4263329 -
1106 -56304 4266832 -
1111 -110626 4251067 -
1116 -153503 4249510 -
1121 -178680 4246395 -
1126 -229187 4255933 -
1131 -64392 4269947 -
1136 -161590 4247369 -
1141 -182495 4229657 -
1146 -268860 4222260 -
1151 -329132 4225959 -
1156 -53558 4272671 -
1161 -53710 4271893 -
1166 -53558 4272671 -
1171 -109253 4260215 -
1176 -53405 4272477 -
1181 -53253 4268779 -
1186 -194549 4245228 -
1191 -167083 4253208 -
1196 -132904 4259047 -
1201 -84686 4268389 -
1206 -71716 4258658 -
1211 -107116 4249704 -
1216 -152893 4238221 -
1221 -264282 4231798 -
1226 -99639 4264107 -
1231 -52795 4271114 -
1236 -62561 4269363 -
1241 -160980 4255543 -
1246 -97961 4256711 -
1251 -69274 4258852 -
1256 -202484 4244644 -
1261 -53100 4270336 -
1266 -67138 4262550 -
1271 -53863 4269752 -
1276 -54168 4263718 -
1281 -53558 4263329 -
1286 -94299 4262550 -
1292 -176696 4236080 -
1297 -165710 4233939 -
1302 -170898 4233549 -
1307 -156860 4243476 -
1312 -102996 4259047 -
1317 -101318 4251067 -
1322 -160064 4242892 -
1327 -145568 4252235 -
1332 -53253 4268973 -
1337 -130920 4256906 -
1342 -95367 4259825 -
1347 -98724 4254570 -
1352 -106811 4250677 -
1357 -87127 4262161 -
1362 -183258 4232771 -
1367 -165710 4230046 -
1372 -175628 4238415 -
1377 -56457 4259436 -
1382 -221557 4230824 -
1387 -112762 4241335 -
1392 -230407 4243865 -
1397 -54321 4268000 -
1402 -53253 4266443 -
1407 -153045 4234912 -
1412 -53710 4261188 -
1417 -111541 4253986 -
1422 -53710 4260604 -
1427 -91705 4244838 -
1432 -152588 4236080 -
1437 -286255 4231019 -
1442 -66680 4261966 -
1447 -54168 4263913 -
1452 -248108 4218173 -
1457 -223236 4231992 -
1462 -146484 4247369 -
1467 -52948 4265275 -
1473 -77362 4262940 -
1478 -123291 4255154 -
1483 -52948 4263718 -
1488 -105285 4246395 -
1493 -52795 4256127 -
1498 -160064 4235301 -
1503 -167083 4236469 -
1508 -53863 4264107 -
1513 -51879 4262550 -
1518 -57220 4260409 -
1523 -262451 4213502 -
1528 -171051 4245617 -
1533 -102844 4255543 -
1538 -53863 4262356 -
1543 -54016 4263523 -
1548 -113372 4246590 -
1553 -98571 4248926 -
1558 -52948 4248342 -
1563 -161132 4228683 -
1568 -151519 4230435 -
1573 -202179 4221093 -
1578 -85754 4258658 -
1583 -52948 4259825 -
1588 -435791 4196763 -
1593 -198211 4235106 -
1598 -53405 4247758 -
1603 -54321 4260604 -
1608 -104370 4253013 -
1613 -57525 4259241 -
1618 -137634 4233160 -
1623 -53710 4257879 -
1628 -96130 4243865 -
1633 -53253 4253208 -
1638 -54168 4246201 -
1643 -198059 4209414 -
1648 -233917 4202991 -
1654 -180664 4217395 -
1659 -190887 4228489 -
1664 -57525 4249510 -
1669 -53710 4259631 -
1674 -175171 4224596 -
1679 -53558 4256517 -
1684 -54168 4251845 -
1689 -96435 4244449 -
1694 -106659 4243671 -
1699 -54016 4256322 -
1704 -66680 4243671 -
1709 -53863 4246590 -
1714 -324096 4213696 -
1719 -199127 4230824 -
1724 -188903 4234133 -
1729 -244445 4209998 -
1734 -180206 4229657 -
1739 -53253 4257879 -
1744 -70037 4255933 -
1749 -54016 4255933 -
1754 -53863 4256711 -
1759 -128479 4233744 -
1764 -106201 4239972 -
1769 -52795 4253986 -
1774 -52948 4251067 -
1779 -54473 4242308 -
1784 -209655 4211750 -
1789 -92163 4249315 -
1794 -104675 4246785 -
1799 -104522 4242892 -
# WINDOW=1804s v 4314518 -> 4231603
# DONE Tue Aug 25 16:31:28 CEST 2026
# output: /tmp/idle-ab-1787666464.txt
# restored: input=1 status=Charging
