# idle-ab Tue Aug 25 12:38:31 CEST 2026 os=ut window=1800s
# kernel=4.9.218-perf-ubuntutouch+ #1 SMP PREEMPT Wed Jul 1 23:32:52 CEST 2026
# asking for the panel off, then waiting up to 240s for the hardware to say it is
# panel: bl_power='' dpms='' brightness='' waited=0s blanked: /sys/class/graphics/fb0/blank /sys/class/graphics/fb1/blank
# on battery: v=4307900
# t_s current_uA voltage_uV cc_soc
0 -64086 4307900 9941
6 -98266 4298558 9941
11 -58136 4299920 9941
16 -31433 4295443 9941
21 -59356 4287269 9941
26 -30670 4304786 9941
31 -59356 4296806 9941
36 -51879 4299920 9941
41 -35400 4270725 9938
46 -174102 4249898 9938
51 -78125 4267610 9938
56 -45776 4286296 9938
61 -50506 4291940 9938
66 -135345 4257684 9938
71 -65307 4282403 9938
76 -39215 4267610 9938
81 -36926 4291356 9938
86 -42114 4273644 9938
91 -167846 4282208 9938
96 -47760 4265275 9938
101 -40740 4270725 9938
106 -30670 4289410 9934
112 -141601 4259046 9934
117 -91705 4253596 9934
122 -31280 4264691 9934
127 -113830 4266637 9934
132 -102233 4273449 9934
137 -171661 4278315 9934
142 -55236 4267026 9934
147 -48675 4276564 9934
152 -30670 4272087 9934
157 -31280 4267026 9934
162 -30059 4285517 9934
167 -52490 4251845 9934
172 -262909 4213112 9930
177 -200958 4259436 9930
182 -54016 4254764 9930
187 -54931 4262355 9930
192 -74768 4269557 9930
197 -64086 4273839 9930
202 -40740 4280651 9930
207 -39215 4258073 9930
212 -30670 4279872 9930
217 -31433 4261382 9930
223 -30212 4280067 9930
228 -36621 4262550 9930
233 -193786 4215253 9926
238 -67138 4250093 9926
243 -37689 4251650 9926
248 -56304 4276564 9926
253 -36621 4256516 9926
258 -45623 4259241 9926
263 -98571 4231603 9926
268 -39672 4255543 9926
273 -54779 4270725 9926
278 -30212 4260020 9926
283 -32043 4276174 9926
288 -53863 4243865 9926
293 -115814 4243475 9926
298 -109100 4250482 9921
303 -126190 4251066 9921
308 -102233 4240167 9921
313 -72326 4257100 9921
318 -65002 4260798 9921
323 -37231 4254375 9921
329 -132904 4268973 9921
334 -58593 4248536 9921
339 -58288 4268973 9921
344 -60424 4266443 9921
349 -48675 4254959 9921
354 -36468 4272671 9921
359 -236358 4218951 9921
364 -88043 4256127 9917
369 -69274 4263912 9917
374 -94757 4246784 9917
379 -43792 4273255 9917
384 -31890 4258657 9917
389 -39062 4265469 9917
394 -81329 4263718 9917
399 -36621 4273839 9917
404 -31127 4250482 9917
409 -58136 4265275 9917
414 -93231 4255932 9917
419 -173492 4226931 9917
424 -70648 4244838 9913
429 -50506 4262355 9913
435 -50964 4240556 9913
440 -109710 4215642 9913
445 -75378 4239193 9913
450 -88195 4265469 9913
455 -117340 4242502 9913
460 -131073 4247368 9913
465 -58288 4269751 9913
470 -73547 4250288 9913
475 -32806 4263523 9913
480 -43792 4265664 9913
485 -63018 4246979 9913
490 -48217 4258462 9909
495 -36621 4241724 9909
500 -76599 4246200 9909
505 -188751 4250288 9909
510 -46234 4252039 9909
515 -32959 4260603 9909
520 -30670 4269946 9909
525 -29754 4251066 9909
531 -144500 4248925 9909
536 -52185 4249314 9909
541 -60730 4252039 9909
546 -153503 4229656 9909
551 -68206 4238220 9909
556 -31738 4264885 9904
561 -63324 4266248 9904
566 -70648 4260020 9904
571 -121460 4256516 9904
576 -30975 4246784 9904
581 -47607 4267805 9904
586 -40588 4239388 9904
591 -30975 4267026 9904
596 -73547 4209025 9904
601 -117187 4233354 9904
606 -269622 4199293 9904
611 -132598 4235495 9904
616 -30975 4266443 9904
621 -37536 4249314 9900
626 -82092 4249314 9900
631 -37689 4246395 9900
636 -124359 4257879 9900
642 -159454 4210971 9900
647 -76446 4249898 9900
652 -40435 4245811 9900
657 -103302 4242113 9900
662 -71868 4263328 9900
667 -79803 4247563 9900
672 -49438 4255932 9900
677 -35705 4246200 9900
682 -120391 4228099 9896
687 -30517 4266637 9896
692 -30212 4248536 9896
697 -186157 4223817 9896
702 -72326 4252818 9896
707 -53710 4256127 9896
712 -44403 4251066 9896
717 -44097 4235885 9896
722 -112915 4259825 9896
727 -62103 4245422 9896
732 -59051 4242502 9896
737 -45928 4248147 9896
742 -214538 4226737 9896
747 -71716 4251261 9891
753 -32653 4244643 9891
758 -32348 4244838 9891
763 -30822 4261966 9891
768 -69885 4229462 9891
773 -105438 4247757 9891
778 -58136 4240361 9891
783 -95367 4254375 9891
788 -63781 4248536 9891
793 -40130 4262550 9891
798 -72326 4253402 9891
803 -52032 4247952 9891
808 -41809 4254375 9891
813 -30822 4263523 9887
818 -64239 4257879 9887
823 -31585 4245616 9887
828 -31585 4262744 9887
833 -343323 4166594 9887
838 -69274 4230824 9887
843 -110015 4234911 9887
848 -30822 4243281 9887
854 -46386 4253791 9887
859 -30670 4221092 9887
864 -30822 4232381 9887
869 -74462 4244643 9887
874 -41198 4261187 9883
879 -31738 4241724 9883
884 -34484 4254959 9883
889 -38909 4241724 9883
894 -48065 4255738 9883
899 -101318 4253013 9883
904 -213623 4187420 9883
909 -176544 4203575 9883
914 -31127 4233160 9883
919 -78430 4252818 9883
924 -242614 4200266 9883
929 -120391 4229851 9883
934 -69122 4253986 9883
939 -46997 4238804 9879
944 -62561 4222649 9879
949 -30517 4258657 9879
954 -30517 4245616 9879
960 -50506 4249120 9879
965 -87280 4242697 9879
970 -74615 4240361 9879
975 -63171 4247563 9879
980 -53710 4248147 9879
985 -61492 4180218 9879
990 -111999 4224012 9879
995 -75378 4243670 9879
1000 -56152 4238999 9879
1005 -151825 4229656 9875
1010 -37994 4256711 9875
1015 -73089 4237442 9875
1020 -68359 4239777 9875
1025 -31433 4254180 9875
1030 -51727 4249704 9875
1035 -32043 4256711 9875
1040 -84228 4246979 9875
1045 -113525 4254570 9875
1050 -92620 4240167 9875
1055 -32501 4256711 9875
1060 -31280 4238804 9875
1065 -56152 4252234 9870
1070 -63018 4244449 9870
1075 -69427 4231797 9870
1081 -63476 4250093 9870
1086 -86822 4236663 9870
1091 -187530 4224790 9870
1096 -32196 4240556 9870
1101 -99029 4234327 9870
1106 -111541 4216615 9870
1111 -123443 4209025 9870
1116 -109710 4225763 9870
1121 -47149 4242891 9870
1126 -31890 4252818 9870
1131 -236663 4228683 9865
1136 -67291 4243475 9865
1141 -68817 4253402 9865
1146 -48217 4236079 9865
1151 -63629 4243281 9865
1156 -36621 4251845 9865
1161 -55999 4247368 9865
1166 -130157 4248341 9865
1171 -137786 4235301 9865
1176 -47454 4254570 9865
1181 -92620 4232965 9865
1186 -73700 4235301 9865
1191 -31433 4253013 9865
1197 -31585 4223428 9862
1202 -157013 4210582 9862
1207 -112609 4229656 9862
1212 -77514 4226931 9862
1217 -97656 4238220 9862
1222 -50659 4229267 9862
1227 -52948 4225763 9862
1232 -80261 4236079 9862
1237 -77056 4179440 9862
1242 -31433 4233549 9862
1247 -83770 4248536 9862
1252 -30670 4234327 9862
1257 -211944 4197930 9857
1262 -31433 4228099 9857
1267 -31280 4254764 9857
1272 -30670 4233938 9857
1277 -36621 4234717 9857
1282 -54473 4253013 9857
1287 -81176 4236858 9857
1292 -209961 4205910 9857
1297 -263977 4216421 9857
1302 -89721 4227710 9857
1307 -74005 4240945 9857
1313 -45013 4226931 9857
1318 -48980 4232381 9857
1323 -31585 4251650 9852
1328 -42724 4233938 9852
1333 -74615 4231603 9852
1338 -114288 4245616 9852
1343 -54473 4231213 9852
1348 -90332 4236079 9852
1353 -76446 4238220 9852
1358 -163879 4218562 9852
1363 -52642 4239972 9852
1368 -40740 4248925 9852
1373 -38147 4231019 9852
1378 -74462 4238415 9852
1383 -52948 4224596 9852
1388 -106201 4218562 9848
1393 -53253 4239193 9848
1398 -169525 4229072 9848
1403 -52795 4229072 9848
1408 -38147 4250482 9848
1413 -30670 4233160 9848
1418 -30975 4249898 9848
1423 -37231 4207468 9848
1428 -41656 4224985 9848
1433 -30975 4250482 9848
1439 -60577 4230824 9848
1444 -58746 4240750 9848
1449 -32196 4234717 9848
1454 -81634 4237247 9844
1459 -36621 4224596 9844
1464 -55084 4227710 9844
1469 -34637 4251455 9844
1474 -75988 4221481 9844
1479 -199279 4196373 9844
1484 -304413 4180413 9844
1489 -106201 4205910 9844
1494 -83465 4234911 9844
1499 -103149 4222844 9844
1504 -74615 4235885 9844
1509 -31127 4222455 9844
1514 -38604 4248147 9839
1519 -50659 4230435 9839
1524 -33874 4230435 9839
1529 -109405 4220897 9839
1534 -45471 4239777 9839
1540 -41961 4223428 9839
1545 -30975 4247563 9839
1550 -156402 4221481 9839
1555 -53253 4246979 9839
1560 -202331 4212917 9839
1565 -59661 4242502 9839
1570 -187835 4191313 9839
1575 -90942 4175352 9839
1580 -59967 4231797 9834
1585 -50201 4240167 9834
1590 -54168 4240556 9834
1595 -107574 4229267 9834
1600 -30517 4233160 9834
1605 -37231 4247563 9834
1610 -30822 4228099 9834
1615 -36468 4227710 9834
1620 -55389 4239777 9834
1625 -191345 4209414 9834
1630 -38299 4230045 9834
1635 -156097 4246590 9834
1640 -46386 4241918 9834
1645 -30975 4213891 9830
1650 -69274 4246006 9830
1655 -269928 4238415 9830
1661 -156250 4214280 9830
1666 -90637 4215448 9830
1671 -76599 4224985 9830
1676 -52032 4235301 9830
1681 -123138 4202407 9830
1686 -39672 4243865 9830
1691 -191345 4216810 9830
1696 -112152 4207857 9830
1701 -54016 4219730 9830
1706 -71411 4240556 9826
1711 -36621 4224790 9826
1716 -31585 4224206 9826
1721 -67291 4231797 9826
1726 -30365 4249704 9826
1731 -58441 4241529 9826
1736 -92620 4241529 9826
1741 -74310 4246395 9826
1746 -92468 4236663 9826
1752 -36773 4242697 9826
1757 -250244 4204937 9826
1762 -31127 4241918 9826
1767 -32501 4242891 9826
1772 -32501 4223428 9822
1777 -90179 4235885 9822
1782 -30670 4228488 9822
1787 -83007 4232576 9822
1792 -181274 4233744 9822
1797 -45166 4227515 9822
# WINDOW=1802s v 4307900 -> 4226347
# cc_soc 9941 -> 9822 d=119 full_uAh=3060000
# integrated mA = (d/10000)*full_uAh/1000 * 3600/W  -- compute offline
# DONE Tue Aug 25 13:08:53 CEST 2026
# output: /tmp/idle-ab-1787654311.txt
# restored: input=0 status=Not charging
