# idle-ab Tue Aug 25 09:45:16 CEST 2026 os=pmos window=3600s
# kernel=7.1.3-postmarketos-qcom-msm8953 #77-fp3 SMP PREEMPT Tue Aug 25 07:29:14 UTC 2026
# locked session c1
# asking for the panel off, then waiting up to 240s for the hardware to say it is
/tmp/idle-ab.sh: line 142: can't create /sys/class/drm/card0-DSI-1/dpms: Permission denied
# panel: bl_power='4' dpms='Off' brightness='40' waited=0s blanked: /sys/class/graphics/fb0/blank
# on battery: v=4294276
# t_s current_uA voltage_uV
0 -107879 4294276 -
5 -253753 4280846 -
10 -182037 4274229 -
15 -155639 4271309 -
20 -246734 4258658 -
25 -96283 4291162 -
30 -96740 4293692 -
35 -161743 4272671 -
40 -52948 4305760 -
45 -178375 4272477 -
50 -294494 4259436 -
55 -205536 4268973 -
60 -154113 4284934 -
65 -102386 4291551 -
70 -120849 4288048 -
75 -64392 4293498 -
80 -163574 4261188 -
85 -175781 4262745 -
90 -186157 4275786 -
95 -65155 4295639 -
101 -52642 4295055 -
106 -52185 4299921 -
111 -53405 4298169 -
116 -246582 4263523 -
121 -53405 4297390 -
126 -170745 4282209 -
131 -231781 4271309 -
136 -171661 4274229 -
141 -53710 4290967 -
146 -152893 4264886 -
151 -157775 4262161 -
156 -210113 4254376 -
161 -53558 4287075 -
166 -53405 4296612 -
171 -105285 4278900 -
176 -100860 4287658 -
181 -104522 4286491 -
186 -62255 4292330 -
191 -52337 4289994 -
196 -70343 4279289 -
201 -97808 4282598 -
206 -53405 4281235 -
211 -52185 4290578 -
216 -66375 4278900 -
221 -175171 4257295 -
226 -200042 4246785 -
231 -171356 4260604 -
236 -100860 4270920 -
241 -59967 4288437 -
246 -52642 4291551 -
251 -160980 4272671 -
256 -149688 4264107 -
261 -52795 4289994 -
266 -60730 4277927 -
271 -217285 4260409 -
276 -219574 4261382 -
281 -53100 4289410 -
287 -53405 4283766 -
292 -237274 4246395 -
297 -247497 4242308 -
302 -53100 4289994 -
307 -52642 4281430 -
312 -52032 4289021 -
317 -53100 4286101 -
322 -52795 4288632 -
327 -184326 4262745 -
332 -53100 4287269 -
337 -55084 4282598 -
342 -162201 4247563 -
347 -186004 4263523 -
352 -125122 4278316 -
357 -53863 4281625 -
362 -163116 4252235 -
367 -180969 4247369 -
372 -52642 4286491 -
377 -106659 4270141 -
382 -52795 4284739 -
387 -160675 4258658 -
392 -52642 4284544 -
397 -53405 4284155 -
402 -69580 4281819 -
407 -54016 4280652 -
412 -52795 4276564 -
417 -92163 4267416 -
422 -232544 4235496 -
427 -150604 4251845 -
432 -183105 4245033 -
437 -53405 4283960 -
442 -98571 4271698 -
447 -53558 4281625 -
452 -122985 4269168 -
457 -51879 4281430 -
462 -52185 4280652 -
467 -52795 4282598 -
472 -53100 4282793 -
478 -109863 4257490 -
483 -55847 4276564 -
488 -61340 4273255 -
493 -155639 4246006 -
498 -188141 4234523 -
503 -188598 4242308 -
508 -96893 4272477 -
513 -104065 4264302 -
518 -91400 4271114 -
523 -92773 4265081 -
528 -100555 4273645 -
533 -52642 4279094 -
538 -52490 4279873 -
543 -53405 4279873 -
548 -105590 4260215 -
553 -53100 4274423 -
558 -52795 4273061 -
563 -152740 4247563 -
568 -230713 4233160 -
573 -182647 4250677 -
578 -52948 4280457 -
583 -112915 4263134 -
588 -106201 4268000 -
593 -52337 4278900 -
598 -53253 4276175 -
603 -52337 4277148 -
608 -52185 4277537 -
613 -117950 4261772 -
618 -52948 4269947 -
623 -53405 4271893 -
628 -150451 4246395 -
633 -149231 4246979 -
638 -263519 4247563 -
643 -157928 4270141 -
648 -95062 4276370 -
653 -164184 4259241 -
658 -52642 4232771 -
663 -53253 4276370 -
669 -53253 4275786 -
674 -63934 4268584 -
679 -137634 4260799 -
684 -97351 4257295 -
689 -52642 4272671 -
694 -52490 4270920 -
699 -54016 4268000 -
704 -155181 4241335 -
709 -175476 4240362 -
714 -187072 4246395 -
719 -197906 4236858 -
724 -222625 4236469 -
729 -56610 4270725 -
734 -54016 4265664 -
739 -95977 4262745 -
744 -143432 4253792 -
749 -171203 4249510 -
754 -104980 4251261 -
759 -53100 4267805 -
764 -60730 4265275 -
769 -185089 4230630 -
774 -151825 4238026 -
779 -150909 4237442 -
784 -183258 4238805 -
789 -191040 4219341 -
794 -153656 4247369 -
799 -149231 4249315 -
804 -129852 4259047 -
809 -52642 4269557 -
814 -53558 4268584 -
819 -176849 4233939 -
824 -223846 4215059 -
829 -53253 4266638 -
834 -212249 4220898 -
839 -158844 4235106 -
844 -177154 4219925 -
849 -161743 4244060 -
854 -130462 4258268 -
859 -52337 4260799 -
865 -52795 4265859 -
870 -267791 4229462 -
875 -199585 4242503 -
880 -64697 4257490 -
885 -95520 4255543 -
890 -102081 4253013 -
895 -52795 4265470 -
900 -52795 4264497 -
905 -52795 4262745 -
910 -206756 4213307 -
915 -194549 4225375 -
920 -161590 4228489 -
925 -433044 4250094 -
930 -52642 4261966 -
935 -53405 4260020 -
940 -57067 4261966 -
945 -237884 4237637 -
950 -143890 4247174 -
955 -218963 4237247 -
960 -131683 4240556 -
965 -52642 4260409 -
970 -53100 4255154 -
975 -53405 4255738 -
980 -271911 4213502 -
985 -227050 4209804 -
990 -63171 4253597 -
995 -104980 4245033 -
1000 -52032 4259241 -
1005 -52948 4261382 -
1010 -53253 4258463 -
1015 -53405 4259825 -
1020 -89569 4236080 -
1025 -213318 4228294 -
1030 -248108 4210193 -
1035 -173187 4233939 -
1040 -53100 4250483 -
1045 -255890 4206495 -
1050 -272216 4216032 -
1055 -67749 4257295 -
1061 -52795 4260993 -
1066 -228424 4216421 -
1071 -55999 4259436 -
1076 -52642 4258463 -
1081 -52948 4257879 -
1086 -52337 4259241 -
1091 -128631 4250483 -
1096 -53558 4258074 -
1101 -84533 4244644 -
1106 -53558 4250677 -
1111 -159149 4231408 -
1116 -208282 4215448 -
1121 -53253 4260604 -
1126 -65612 4257684 -
1131 -106201 4173796 -
1136 -84991 4249899 -
1141 -52185 4259241 -
1146 -90026 4255154 -
1151 -65307 4255349 -
1156 -123901 4247953 -
1161 -52948 4257879 -
1166 -98571 4242308 -
1171 -53558 4255154 -
1176 -98724 4244449 -
1181 -204467 4214280 -
1186 -183563 4226737 -
1191 -174560 4219341 -
1196 -240478 4224791 -
1201 -174560 4237053 -
1206 -52948 4257295 -
1211 -53558 4258268 -
1216 -53405 4255543 -
1221 -105438 4240167 -
1226 -54016 4255543 -
1231 -82550 4255738 -
1236 -53558 4255154 -
1242 -53710 4254376 -
1247 -137176 4242503 -
1252 -53558 4251456 -
1257 -103607 4228100 -
1262 -153503 4220314 -
1267 -288696 4201629 -
1272 -182037 4235301 -
1277 -153198 4240946 -
1282 -56610 4255349 -
1287 -97656 4243087 -
1292 -101013 4244449 -
1297 -63171 4252235 -
1302 -59661 4254765 -
1307 -52642 4253792 -
1312 -129852 4233549 -
1317 -165405 4212334 -
1322 -97656 4233744 -
1327 -53558 4240751 -
1332 -161743 4212529 -
1337 -185089 4215059 -
1342 -158691 4216227 -
1347 -153198 4224596 -
1352 -145874 4237053 -
1357 -209503 4217978 -
1362 -52795 4252235 -
1367 -52032 4253792 -
1372 -52948 4253013 -
1377 -111847 4242308 -
1382 -52795 4252818 -
1387 -51879 4251261 -
1392 -105285 4234523 -
1397 -160217 4227710 -
1402 -158996 4210971 -
1407 -223999 4215837 -
1412 -181274 4216421 -
1417 -53253 4248147 -
1422 -114746 4235106 -
1427 -181274 4219341 -
1432 -145263 4233939 -
1438 -52642 4250872 -
1443 -129547 4240946 -
1448 -53253 4250288 -
1453 -52948 4248147 -
1458 -53405 4248926 -
1463 -160369 4224012 -
1468 -79040 4244254 -
1473 -53405 4240946 -
1478 -152282 4217395 -
1483 -152740 4215254 -
1488 -53100 4202991 -
1493 -68359 4246201 -
1498 -163574 4214086 -
1503 -197296 4214280 -
1508 -207061 4221871 -
1513 -122070 4242113 -
1518 -53863 4247758 -
1523 -53558 4241919 -
1528 -106506 4231603 -
1533 -119476 4235106 -
1538 -63476 4234328 -
1543 -174408 4215059 -
1548 -151672 4215254 -
1553 -197906 4196763 -
1558 -152588 4221677 -
1563 -203399 4201824 -
1568 -52795 4246979 -
1573 -235748 4195401 -
1578 -62255 4244060 -
1583 -242462 4203381 -
1588 -58898 4244254 -
1593 -52032 4246201 -
1598 -105285 4230824 -
1603 -51574 4246201 -
1608 -53100 4245422 -
1613 -53558 4244838 -
1618 -92163 4232382 -
1624 -149688 4216032 -
1629 -152282 4214280 -
1634 -168457 4211361 -
1639 -52795 4246201 -
1644 -102386 4243281 -
1649 -53863 4244838 -
1654 -53100 4245033 -
1659 -53100 4243671 -
1664 -95062 4227126 -
1669 -232391 4211555 -
1674 -53100 4244838 -
1679 -98266 4233744 -
1684 -105438 4233744 -
1689 -53253 4241140 -
1694 -53710 4238415 -
1699 -158081 4210777 -
1704 -205688 4196763 -
1709 -237884 4196763 -
1714 -53253 4242113 -
1719 -53558 4242113 -
1724 -53100 4241335 -
1729 -105743 4233355 -
1734 -54016 4243281 -
1739 -205230 4204354 -
1744 -59509 4243087 -
1749 -70190 4237831 -
1754 -53405 4241140 -
1759 -53100 4238221 -
1764 -193939 4201240 -
1769 -272827 4178662 -
1774 -225677 4203770 -
1779 -51574 4242892 -
1784 -53253 4244060 -
1789 -55694 4239972 -
1794 -71411 4235496 -
1799 -96740 4236469 -
1804 -52948 4233549 -
1809 -150451 4205716 -
1815 -178070 4213307 -
1820 -109100 4229462 -
1825 -151825 4209220 -
1830 -167236 4206689 -
1835 -207061 4196568 -
1840 -276947 4182944 -
1845 -54321 4240946 -
1850 -168762 4209414 -
1855 -99182 4227710 -
1860 -139312 4228683 -
1865 -53253 4241530 -
1870 -53558 4238610 -
1875 -106201 4211945 -
1880 -53253 4238221 -
1885 -248413 4209220 -
1890 -52795 4236469 -
1895 -53863 4235885 -
1900 -162811 4205716 -
1905 -249023 4186837 -
1910 -234069 4187226 -
1915 -62255 4237637 -
1920 -53405 4239778 -
1925 -52642 4238805 -
1930 -70800 4240946 -
1935 -67596 4233939 -
1940 -53863 4237831 -
1945 -52642 4230824 -
1950 -102081 4228489 -
1955 -52795 4235885 -
1960 -52490 4235885 -
1965 -54168 4232382 -
1970 -252380 4191702 -
1975 -222931 4180997 -
1980 -184936 4202213 -
1985 -146484 4220898 -
1990 -57373 4234133 -
1995 -102233 4225375 -
2000 -54016 4235301 -
2006 -53100 4237442 -
2011 -83618 4227321 -
2016 -128936 4220314 -
2021 -53405 4234912 -
2026 -53405 4233355 -
2031 -53253 4230630 -
2036 -97961 4220898 -
2041 -257873 4190145 -
2046 -231475 4201629 -
2051 -53253 4232187 -
2056 -178680 4216811 -
2061 -137786 4216811 -
2066 -53100 4237442 -
2071 -52795 4237442 -
2076 -52490 4237053 -
2081 -161132 4210582 -
2086 -95520 4227126 -
2091 -53558 4231603 -
2096 -52642 4232382 -
2101 -53863 4227516 -
2106 -224914 4183138 -
2111 -153350 4211166 -
2116 -107116 4214670 -
2121 -53405 4234133 -
2126 -236358 4202407 -
2131 -216980 4195595 -
2136 -200653 4206106 -
2141 -72174 4233549 -
2146 -100708 4221093 -
2151 -106048 4216421 -
2156 -52795 4232771 -
2161 -52948 4230630 -
2166 -56610 4219146 -
2171 -155181 4200850 -
2176 -221710 4199683 -
2181 -53405 4233160 -
2186 -174102 4209804 -
2191 -64086 4230241 -
2197 -96588 4223234 -
2202 -55084 4231019 -
2207 -54016 4228294 -
2212 -106811 4194427 -
2217 -217743 4189951 -
2222 -172271 4222844 -
2227 -52490 4230046 -
2232 -61798 4229073 -
2237 -154571 4199877 -
2242 -172424 4193065 -
2247 -171051 4202991 -
2252 -52642 4227321 -
2257 -84228 4219146 -
2262 -53405 4230435 -
2267 -55236 4229462 -
2272 -52490 4230824 -
2277 -104522 4218562 -
2282 -98266 4219536 -
2287 -75683 4220509 -
2292 -98877 4215254 -
2297 -175018 4201240 -
2302 -235290 4192870 -
2307 -68512 4224207 -
2312 -103912 4218757 -
2317 -149078 4198709 -
2322 -243225 4171460 -
2327 -220337 4194038 -
2332 -176849 4190145 -
2337 -53405 4229462 -
2342 -135040 4202602 -
2347 -53710 4230046 -
2352 -179443 4193065 -
2357 -164642 4192481 -
2362 -152282 4200266 -
2367 -53253 4226737 -
2372 -187683 4194817 -
2377 -175171 4201045 -
2383 -160217 4205522 -
2388 -106353 4215643 -
2393 -205536 4180803 -
2398 -206604 4189951 -
2403 -66223 4227126 -
2408 -84838 4215448 -
2413 -52642 4227516 -
2418 -77209 4226348 -
2423 -448456 4160755 -
2428 -60730 4223818 -
2433 -53710 4227710 -
2438 -57678 4224401 -
2443 -53710 4226348 -
2448 -59509 4223818 -
2453 -260009 4192676 -
2458 -262603 4179440 -
2463 -183868 4183138 -
2468 -189361 4212723 -
2473 -85144 4216421 -
2478 -52642 4227710 -
2483 -110168 4211945 -
2488 -54016 4226153 -
2493 -65155 4221093 -
2498 -54321 4225959 -
2503 -57067 4222455 -
2508 -53100 4224985 -
2513 -55999 4223039 -
2518 -115966 4206689 -
2523 -53253 4216811 -
2528 -198059 4168930 -
2533 -151367 4177299 -
2538 -239257 4172044 -
2543 -122985 4201045 -
2548 -145874 4208636 -
2553 -52337 4227710 -
2558 -107116 4216616 -
2563 -106048 4208636 -
2568 -99029 4213502 -
2574 -53253 4224401 -
2579 -75836 4217395 -
2584 -96283 4210777 -
2589 -53100 4221677 -
2594 -53405 4215059 -
2599 -214386 4176326 -
2604 -203857 4174769 -
2609 -63018 4219925 -
2614 -53253 4222066 -
2619 -127563 4198709 -
2624 -159607 4194427 -
2629 -171051 4192092 -
2634 -52642 4217395 -
2639 -98114 4214475 -
2644 -54168 4223234 -
2649 -94299 4214280 -
2654 -77819 4221482 -
2659 -53405 4219730 -
2664 -99182 4201434 -
2669 -234832 4176326 -
2674 -182495 4192870 -
2679 -99334 4212139 -
2684 -56457 4217200 -
2689 -54321 4220119 -
2694 -225525 4179830 -
2699 -107421 4202797 -
2704 -180359 4188199 -
2709 -190887 4212139 -
2714 -111694 4212723 -
2719 -58898 4221482 -
2724 -82244 4215254 -
2729 -60424 4211555 -
2734 -104675 4200656 -
2739 -176696 4180219 -
2744 -156707 4195206 -
2749 -53100 4222260 -
2754 -54016 4221287 -
2760 -198974 4193260 -
2765 -71106 4215059 -
2770 -105438 4203381 -
2775 -61950 4217200 -
2780 -103302 4209025 -
2785 -99792 4192481 -
2790 -95214 4211361 -
2795 -64544 4219536 -
2800 -53558 4216616 -
2805 -281372 4145184 -
2810 -193939 4186837 -
2815 -153503 4187420 -
2820 -216674 4186253 -
2825 -191650 4172433 -
2830 -52948 4219146 -
2835 -53863 4219730 -
2840 -106659 4203575 -
2845 -56762 4216811 -
2850 -99792 4214670 -
2855 -67443 4215059 -
2860 -62866 4208830 -
2865 -192413 4192481 -
2870 -153198 4189172 -
2875 -106506 4202018 -
2880 -151825 4188588 -
2885 -175018 4182554 -
2890 -300293 4150634 -
2895 -53100 4219730 -
2900 -66986 4218562 -
2905 -67443 4211945 -
2910 -53100 4214086 -
2915 -99182 4206300 -
2920 -105285 4207857 -
2925 -52490 4215837 -
2930 -52337 4215643 -
2935 -223083 4170876 -
2940 -170135 4174380 -
2946 -147857 4185279 -
2951 -164184 4181776 -
2956 -281982 4151996 -
2961 -63629 4213891 -
2966 -53100 4216032 -
2971 -53253 4217200 -
2976 -218963 4176910 -
2981 -53863 4215643 -
2986 -67596 4210388 -
2991 -54931 4217200 -
2996 -53405 4216227 -
3001 -130310 4205911 -
3006 -111541 4212139 -
3011 -106964 4178078 -
3016 -53253 4211555 -
3021 -145416 4194427 -
3026 -169677 4175158 -
3031 -161285 4174964 -
3036 -91095 4214086 -
3041 -54168 4215643 -
3046 -154571 4188783 -
3051 -108032 4214086 -
3056 -66833 4205911 -
3061 -98877 4202213 -
3066 -122222 4201824 -
3071 -62866 4210777 -
3076 -52948 4206884 -
3081 -59051 4205522 -
3086 -57067 4206495 -
3091 -157013 4171655 -
3096 -185241 4151023 -
3101 -268860 4184890 -
3106 -167999 4191897 -
3111 -84838 4198904 -
3116 -60882 4200461 -
3121 -201263 4172044 -
3126 -54016 4212918 -
3131 -234832 4174185 -
3137 -59356 4204938 -
3142 -173339 4179246 -
3147 -54016 4205716 -
3152 -174102 4177883 -
3157 -156250 4191313 -
3162 -173797 4173601 -
3167 -232696 4172628 -
3172 -54321 4212529 -
3177 -144348 4183528 -
3182 -96435 4196958 -
3187 -182495 4185279 -
3192 -148315 4195206 -
3197 -53253 4211361 -
3202 -53100 4211750 -
3207 -75073 4210777 -
3212 -95825 4201629 -
3217 -114898 4184501 -
3222 -124206 4193649 -
3227 -52948 4206689 -
3232 -63018 4200072 -
3237 -169983 4180024 -
3242 -191345 4169903 -
3247 -53863 4210777 -
3252 -106506 4173990 -
3257 -97198 4200850 -
3262 -276794 4170487 -
3267 -89111 4196374 -
3272 -147552 4193065 -
3277 -53253 4209609 -
3282 -62103 4210777 -
3287 -162811 4173796 -
3292 -53405 4208830 -
3297 -53100 4204354 -
3302 -78125 4198125 -
3307 -94757 4193843 -
3312 -180053 4171460 -
3317 -151214 4183138 -
3322 -53253 4206300 -
3328 -119018 4194233 -
3333 -53710 4209414 -
3338 -62713 4202018 -
3343 -100097 4196958 -
3348 -55389 4201240 -
3353 -201416 4170098 -
3358 -167236 4189951 -
3363 -52948 4207468 -
3368 -146179 4186447 -
3373 -107116 4193260 -
3378 -169983 4172823 -
3383 -152282 4183138 -
3388 -63781 4200461 -
3393 -104370 4190340 -
3398 -56304 4208247 -
3403 -53100 4207857 -
3408 -53100 4207273 -
3413 -53405 4205911 -
3418 -84686 4197542 -
3423 -58746 4199683 -
3428 -53863 4203770 -
3433 -191497 4182165 -
3438 -117645 4177883 -
3443 -156860 4174769 -
3448 -181427 4167957 -
3453 -53100 4209220 -
3458 -86212 4194817 -
3463 -68054 4198125 -
3468 -52795 4208247 -
3473 -54016 4208247 -
3478 -53100 4206300 -
3483 -128479 4194427 -
3488 -146484 4181387 -
3493 -54016 4205132 -
3498 -54473 4203381 -
3503 -117034 4188588 -
3508 -107727 4185863 -
3514 -152435 4172823 -
3519 -212097 4175353 -
3524 -166473 4184696 -
3529 -65460 4206689 -
3534 -53253 4207468 -
3539 -53100 4206884 -
3544 -53100 4206884 -
3549 -88043 4194427 -
3554 -97045 4198709 -
3559 -53405 4203965 -
3564 -53405 4204938 -
3569 -134277 4191313 -
3574 -57525 4192676 -
3579 -187225 4168346 -
3584 -194091 4146352 -
3589 -178070 4180413 -
3594 -54016 4204354 -
3599 -96740 4195401 -
# WINDOW=3604s v 4294276 -> 4178662
# DONE Tue Aug 25 10:45:40 CEST 2026
# output: /tmp/idle-ab-1787643916.txt
# restored: input=1 status=Not charging
