# ☠️ INVALID — KEPT AS THE EVIDENCE, DO NOT QUOTE ITS NUMBERS.
# The panel was ON for this whole hour (header reads dpms=On): the compositor
# holds DRM master and re-enabled it behind the script, whose dpms write failed
# with EACCES while it believed it had blanked the screen. Median 157 mA against
# an expected 58-63 is the tell. The instrument now stops the compositor first
# and ABORTS unless it can prove the panel went off.
# idle-ab Tue Aug 25 05:31:58 CEST 2026 os=pmos window=3600s
# kernel=7.1.3-postmarketos-qcom-msm8953 #74-fp3 SMP PREEMPT Sun Aug 23 13:20:02 UTC 2026
/tmp/idle-ab.sh: line 86: can't create /sys/class/drm/card0-DSI-1/dpms: Permission denied
# blanked: /sys/class/graphics/fb0/blank dpms=On
# on battery: v=4233549
# t_s current_uA voltage_uV
0 -166778 4223818 -
5 -200500 4221482 -
10 -97656 4234523 -
15 -130310 4241530 -
20 -153350 4238610 -
25 -85449 4241919 -
30 -145874 4228100 -
35 -86822 4238415 -
40 -95062 4240362 -
45 -194091 4208052 -
50 -304413 4181192 -
55 -265350 4201045 -
60 -222473 4206689 -
65 -329132 4180219 -
70 -107727 4222066 -
75 -184784 4203381 -
80 -90637 4226932 -
85 -90179 4225569 -
90 -191345 4195206 -
95 -212249 4205911 -
100 -234680 4184696 -
105 -283050 4193454 -
110 -245514 4190535 -
115 -214386 4194817 -
120 -299988 4176715 -
125 -270080 4182749 -
130 -269928 4192870 -
135 -266876 4185279 -
141 -179290 4202018 -
146 -92163 4219536 -
151 -106506 4213113 -
156 -86212 4215448 -
161 -86517 4214475 -
166 -137329 4192481 -
171 -256500 4169708 -
176 -192871 4187226 -
181 -235290 4174380 -
186 -221100 4185474 -
191 -221252 4189756 -
196 -222931 4187810 -
201 -233154 4186058 -
206 -91552 4209414 -
211 -200805 4189561 -
216 -97045 4212139 -
221 -91857 4211945 -
226 -88958 4209025 -
231 -180816 4201045 -
236 -136413 4190535 -
241 -186920 4179830 -
246 -215149 4174185 -
251 -283508 4169319 -
256 -85601 4164259 -
261 -212860 4183917 -
266 -222015 4180803 -
271 -272522 4166594 -
276 -252990 4168346 -
281 -146331 4205716 -
286 -176849 4186447 -
291 -56915 4221482 -
296 -166473 4192286 -
301 -54626 4220898 -
306 -218200 4174185 -
311 -106048 4211361 -
316 -54168 4212139 -
321 -253601 4179830 -
326 -177917 4188004 -
331 -218200 4178078 -
337 -195922 4194622 -
342 -180359 4190340 -
347 -181121 4196374 -
352 -152588 4203381 -
357 -54016 4220898 -
362 -52642 4220509 -
367 -116424 4197931 -
372 -53405 4218952 -
377 -132293 4194038 -
382 -87585 4199099 -
387 -227813 4180024 -
392 -159759 4192870 -
397 -96130 4208247 -
402 -214996 4190535 -
407 -52948 4220898 -
412 -184021 4184696 -
417 -171966 4191119 -
422 -183105 4189951 -
427 -139618 4210388 -
432 -238647 4167567 -
437 -54321 4217005 -
442 -105896 4184112 -
447 -54016 4214864 -
452 -57220 4212723 -
457 -178833 4183138 -
462 -224914 4174769 -
467 -198669 4181192 -
472 -53710 4213891 -
477 -324249 4142265 -
482 -53558 4211361 -
487 -218658 4179830 -
492 -306091 4173601 -
497 -304565 4171460 -
502 -183410 4189951 -
507 -107269 4211945 -
512 -178070 4187810 -
517 -88958 4207079 -
522 -78887 4206300 -
528 -54168 4210582 -
533 -163879 4182944 -
538 -158691 4186447 -
543 -52948 4214280 -
548 -106506 4197931 -
553 -96130 4201240 -
558 -58746 4201045 -
563 -236206 4172823 -
568 -186462 4184306 -
573 -255584 4172044 -
578 -177459 4175742 -
583 -159301 4189172 -
588 -185089 4186837 -
593 -100555 4201045 -
598 -107269 4191897 -
603 -200195 4156862 -
608 -53253 4209220 -
613 -58441 4202213 -
618 -246887 4163285 -
623 -66833 4206689 -
628 -53863 4208830 -
633 -53558 4207273 -
638 -54321 4205911 -
643 -86364 4181192 -
648 -281067 4155500 -
653 -272369 4165426 -
658 -185241 4177105 -
663 -184631 4176715 -
668 -318908 4147520 -
673 -280914 4170098 -
678 -154876 4178078 -
683 -230407 4153164 -
688 -53863 4207663 -
693 -90179 4198709 -
698 -53558 4206106 -
703 -59661 4203770 -
708 -57373 4191702 -
713 -159454 4190145 -
719 -54321 4199877 -
724 -54321 4203381 -
729 -169830 4187031 -
734 -92468 4183333 -
739 -198822 4169319 -
744 -183715 4175353 -
749 -87432 4184306 -
754 -222931 4159782 -
759 -324859 4140318 -
764 -108337 4201629 -
769 -158081 4172628 -
774 -53710 4205327 -
779 -140991 4188588 -
784 -100708 4194622 -
789 -210876 4154137 -
794 -184173 4173601 -
799 -206298 4171460 -
804 -113678 4191508 -
809 -233917 4167957 -
814 -53710 4190729 -
819 -199127 4158420 -
824 -278320 4131560 -
829 -180206 4177494 -
834 -181427 4178662 -
839 -53710 4203381 -
844 -156707 4180997 -
849 -52795 4202213 -
854 -79040 4199683 -
859 -53558 4199488 -
864 -112457 4191313 -
869 -57525 4194427 -
874 -53100 4197152 -
879 -52948 4198709 -
884 -58746 4191508 -
889 -276642 4129613 -
894 -157318 4172433 -
899 -260162 4163869 -
905 -184021 4172239 -
910 -224609 4164648 -
915 -176544 4175353 -
920 -175781 4179440 -
925 -111084 4182944 -
930 -54321 4199683 -
935 -57983 4194233 -
940 -57525 4196763 -
945 -219574 4163285 -
950 -182190 4181581 -
955 -147094 4180413 -
960 -227813 4144990 -
965 -187072 4143043 -
970 -53710 4191897 -
975 -157318 4168346 -
980 -77514 4183138 -
985 -182647 4166594 -
990 -184173 4163480 -
995 -242157 4138956 -
1000 -182800 4170098 -
1005 -183410 4170876 -
1010 -173339 4170876 -
1015 -54016 4195984 -
1020 -105438 4184890 -
1025 -160827 4162896 -
1030 -214386 4146157 -
1035 -178375 4163091 -
1040 -107116 4183333 -
1045 -96588 4187810 -
1050 -54626 4193454 -
1055 -55084 4194817 -
1060 -76446 4189367 -
1065 -54016 4188394 -
1070 -68969 4189951 -
1075 -54473 4189561 -
1081 -207824 4156668 -
1086 -232696 4153164 -
1091 -159912 4160171 -
1096 -212707 4139150 -
1101 -244140 4141681 -
1106 -165405 4178467 -
1111 -52642 4194622 -
1116 -53863 4193649 -
1121 -52642 4192870 -
1126 -53863 4192676 -
1131 -142059 4176326 -
1136 -53253 4190340 -
1141 -54016 4189951 -
1146 -53253 4189756 -
1151 -196075 4155889 -
1156 -151062 4164259 -
1161 -158538 4149855 -
1166 -254669 4142849 -
1171 -219879 4138956 -
1176 -210724 4159782 -
1181 -57373 4190340 -
1186 -292663 4152580 -
1191 -184936 4166594 -
1196 -55694 4188978 -
1201 -192108 4156084 -
1206 -103912 4175353 -
1211 -53100 4188199 -
1216 -132446 4173017 -
1221 -53710 4187615 -
1226 -56762 4181387 -
1231 -68206 4184306 -
1236 -153503 4150050 -
1241 -162811 4157252 -
1246 -184326 4148298 -
1251 -247039 4151413 -
1256 -417175 4119103 -
1261 -182953 4151996 -
1267 -189819 4156862 -
1272 -182647 4154721 -
1277 -53863 4188394 -
1282 -149536 4163091 -
1287 -99639 4174185 -
1292 -96130 4173017 -
1297 -53558 4185669 -
1302 -143585 4152970 -
1307 -155334 4151996 -
1312 -203704 4149661 -
1317 -173797 4159977 -
1322 -185241 4138567 -
1327 -54168 4183917 -
1332 -265808 4148688 -
1337 -99792 4166594 -
1342 -240631 4126499 -
1347 -177765 4151413 -
1352 -185394 4155889 -
1357 -181884 4157057 -
1362 -183868 4158420 -
1367 -279388 4144211 -
1372 -115509 4167567 -
1377 -79345 4181581 -
1382 -168304 4147325 -
1387 -283203 4138567 -
1392 -54473 4185085 -
1397 -53253 4182944 -
1402 -53710 4183333 -
1407 -197296 4153359 -
1412 -62408 4179051 -
1417 -57525 4175353 -
1422 -113067 4167373 -
1427 -213318 4132727 -
1432 -226440 4149466 -
1437 -265045 4143043 -
1442 -232544 4137399 -
1447 -182037 4152191 -
1453 -169677 4144211 -
1458 -168457 4132144 -
1463 -61035 4181192 -
1468 -72479 4180219 -
1473 -53558 4147520 -
1478 -107727 4163675 -
1483 -52642 4178467 -
1488 -53405 4176326 -
1493 -111694 4171460 -
1498 -54473 4179440 -
1503 -52490 4178272 -
1508 -98571 4152191 -
1513 -125732 4154137 -
1518 -90942 4160561 -
1523 -167541 4127667 -
1528 -167694 4143238 -
1533 -341949 4130392 -
1538 -180664 4152191 -
1543 -275268 4134285 -
1548 -183563 4151802 -
1553 -183868 4153748 -
1558 -184326 4155305 -
1563 -53863 4175158 -
1568 -96435 4172044 -
1573 -53710 4178272 -
1578 -110321 4145184 -
1583 -54626 4170292 -
1588 -159912 4146547 -
1593 -101471 4161728 -
1598 -194244 4131560 -
1603 -160522 4141097 -
1608 -329895 4120660 -
1613 -107116 4161144 -
1618 -260925 4136231 -
1623 -72937 4164648 -
1628 -189972 4146741 -
1634 -187225 4148298 -
1639 -214233 4150050 -
1644 -185547 4150245 -
1649 -208435 4139929 -
1654 -193939 4148882 -
1659 -75683 4155695 -
1664 -53863 4153943 -
1669 -58136 4168346 -
1674 -158538 4145573 -
1679 -162048 4145184 -
1684 -282440 4116573 -
1689 -54168 4175353 -
1694 -53710 4174964 -
1699 -56762 4173212 -
1704 -243072 4144016 -
1709 -52795 4173407 -
1714 -68969 4161923 -
1719 -169830 4141681 -
1724 -218048 4139345 -
1729 -192566 4143627 -
1734 -180816 4144016 -
1739 -160064 4138567 -
1744 -241699 4127667 -
1749 -211334 4137009 -
1754 -54779 4171849 -
1759 -53710 4173601 -
1764 -53710 4169319 -
1769 -101318 4160755 -
1774 -65307 4170876 -
1779 -54016 4168735 -
1784 -99334 4154137 -
1789 -53100 4149855 -
1794 -82855 4155889 -
1799 -68817 4167762 -
1804 -60730 4156668 -
1809 -175781 4101780 -
1814 -225677 4143043 -
1819 -260925 4121049 -
1824 -195922 4142654 -
1830 -111541 4152970 -
1835 -183258 4145573 -
1840 -159149 4154332 -
1845 -57678 4166984 -
1850 -127410 4150439 -
1855 -107574 4155500 -
1860 -52795 4170292 -
1865 -54016 4167567 -
1870 -164795 4155889 -
1875 -206604 4129419 -
1880 -160827 4137399 -
1885 -188141 4137593 -
1890 -53405 4162507 -
1895 -53710 4165621 -
1900 -108337 4158225 -
1905 -186462 4129613 -
1910 -185699 4141681 -
1915 -311126 4128640 -
1920 -184173 4140124 -
1925 -209961 4130976 -
1930 -178527 4141486 -
1935 -96588 4148493 -
1940 -82244 4164064 -
1945 -54016 4164453 -
1950 -154419 4136815 -
1955 -253906 4118908 -
1960 -53710 4168151 -
1965 -53558 4168930 -
1970 -53100 4168151 -
1975 -54779 4166400 -
1980 -126648 4151607 -
1985 -54473 4167178 -
1990 -100250 4149855 -
1995 -57220 4162507 -
2000 -54168 4161923 -
2005 -192108 4134868 -
2010 -208740 4123579 -
2016 -184021 4138372 -
2021 -247650 4125915 -
2026 -242004 4102753 -
2031 -299835 4122412 -
2036 -107727 4151413 -
2041 -93383 4151802 -
2046 -57678 4164843 -
2051 -58136 4161339 -
2056 -108947 4158030 -
2061 -203552 4134090 -
2066 -53710 4161728 -
2071 -89111 4163869 -
2076 -54473 4162896 -
2081 -224456 4106451 -
2086 -99639 4153554 -
2091 -159912 4134674 -
2096 -157470 4125331 -
2101 -240783 4111512 -
2106 -180053 4136426 -
2111 -217437 4123774 -
2116 -185241 4137983 -
2121 -202942 4127472 -
2126 -183868 4138567 -
2131 -176391 4134285 -
2136 -193786 4139929 -
2141 -54016 4165426 -
2146 -53863 4164259 -
2151 -53100 4163285 -
2156 -54016 4160366 -
2161 -107574 4148493 -
2166 -269470 4109566 -
2171 -175628 4131949 -
2176 -54626 4162312 -
2181 -54779 4161144 -
2186 -150451 4140318 -
2191 -99639 4150050 -
2196 -96435 4143432 -
2202 -241546 4128640 -
2207 -236511 4129613 -
2212 -183715 4133701 -
2217 -184784 4133311 -
2222 -232696 4127083 -
2227 -95214 4157836 -
2232 -63018 4149661 -
2237 -191345 4124553 -
2242 -222168 4103143 -
2247 -53863 4161339 -
2252 -128784 4148298 -
2257 -53863 4160366 -
2262 -57525 4156278 -
2267 -129699 4139734 -
2272 -180816 4129808 -
2277 -53253 4159003 -
2282 -54931 4156278 -
2287 -54473 4152970 -
2292 -260620 4117935 -
2297 -204162 4121828 -
2302 -238647 4104310 -
2307 -157013 4134090 -
2312 -289917 4122412 -
2317 -184936 4127861 -
2322 -74768 4157446 -
2327 -62103 4152775 -
2332 -64086 4155305 -
2337 -124359 4136231 -
2342 -53253 4157836 -
2347 -54321 4155500 -
2352 -58898 4155889 -
2357 -63629 4153554 -
2362 -53863 4155889 -
2367 -54016 4154527 -
2372 -59814 4148882 -
2377 -68512 4110928 -
2382 -185241 4120465 -
2388 -194549 4115405 -
2393 -202026 4125137 -
2398 -218811 4117546 -
2403 -247039 4100418 -
2408 -287170 4117740 -
2413 -186462 4127278 -
2418 -102233 4142849 -
2423 -78277 4154332 -
2428 -53558 4158614 -
2433 -147247 4129419 -
2438 -106048 4138177 -
2443 -59967 4148882 -
2448 -94757 4144016 -
2453 -57983 4147714 -
2458 -94146 4147520 -
2463 -174102 4134285 -
2468 -235290 4101002 -
2473 -269012 4087572 -
2478 -100555 4144795 -
2483 -223541 4115210 -
2488 -80413 4137399 -
2493 -190429 4124553 -
2498 -284881 4099639 -
2503 -325927 4099055 -
2508 -240020 4112874 -
2513 -185241 4129613 -
2518 -105285 4151218 -
2523 -97961 4143238 -
2528 -180511 4124163 -
2533 -185547 4110539 -
2538 -206146 4125331 -
2543 -145721 4124358 -
2548 -57525 4150245 -
2553 -63781 4153359 -
2558 -53863 4153554 -
2563 -55084 4151607 -
2568 -53863 4151607 -
2573 -54931 4143822 -
2579 -108490 4131170 -
2584 -110626 4131754 -
2589 -267791 4100418 -
2594 -303650 4085236 -
2599 -148925 4116962 -
2604 -218963 4106062 -
2609 -268097 4091854 -
2614 -53863 4151802 -
2619 -54016 4153554 -
2624 -55389 4152191 -
2629 -165100 4138567 -
2634 -54473 4152191 -
2639 -53710 4151413 -
2644 -113067 4135647 -
2649 -263366 4080759 -
2654 -54016 4148688 -
2659 -53710 4149077 -
2664 -54321 4146741 -
2669 -163574 4120271 -
2674 -169372 4114237 -
2679 -268554 4105284 -
2684 -180969 4121828 -
2689 -229797 4118324 -
2694 -181121 4124163 -
2699 -181427 4126499 -
2704 -149994 4133506 -
2709 -121612 4141097 -
2714 -106659 4136036 -
2719 -52642 4151023 -
2724 -53253 4149855 -
2729 -54016 4148493 -
2734 -99182 4133311 -
2739 -186157 4109371 -
2744 -196075 4121244 -
2749 -54168 4142070 -
2754 -145111 4139345 -
2759 -63781 4146157 -
2765 -104980 4139150 -
2770 -54626 4144211 -
2775 -144500 4124163 -
2780 -103607 4138567 -
2785 -177154 4114042 -
2790 -199432 4113264 -
2795 -176696 4120271 -
2800 -179138 4118519 -
2805 -159759 4116962 -
2810 -159759 4117935 -
2815 -202942 4094189 -
2820 -100708 4130781 -
2825 -88043 4144795 -
2830 -63171 4134674 -
2835 -93383 4147714 -
2840 -114898 4125331 -
2845 -55694 4147131 -
2850 -53558 4143627 -
2855 -53100 4142459 -
2860 -231170 4127083 -
2865 -54473 4142459 -
2870 -206756 4110150 -
2875 -160522 4104700 -
2880 -190277 4110150 -
2885 -192108 4113848 -
2890 -183715 4118130 -
2895 -253448 4101975 -
2900 -178985 4111901 -
2905 -184784 4120271 -
2910 -55236 4147909 -
2915 -53863 4146352 -
2920 -150146 4123969 -
2925 -129852 4133311 -
2930 -54321 4144795 -
2935 -54168 4144016 -
2940 -54168 4142265 -
2946 -161895 4129224 -
2951 -157165 4113264 -
2956 -159912 4106841 -
2961 -212860 4110150 -
2966 -158844 4101196 -
2971 -229492 4103532 -
2976 -196991 4112680 -
2981 -186004 4116962 -
2986 -174865 4118130 -
2991 -255127 4085236 -
2996 -153503 4122801 -
3001 -54168 4144600 -
3006 -58898 4137788 -
3011 -111236 4127083 -
3016 -63171 4140513 -
3021 -108490 4130976 -
3026 -133972 4120660 -
3031 -222320 4102169 -
3036 -225525 4111123 -
3041 -53558 4142070 -
3046 -54931 4141681 -
3051 -125885 4131170 -
3056 -53558 4139540 -
3061 -92620 4133506 -
3066 -198516 4106841 -
3071 -258484 4098277 -
3076 -200042 4109176 -
3081 -182647 4114626 -
3086 -184173 4114042 -
3091 -196838 4106646 -
3096 -168304 4109371 -
3101 -165863 4109566 -
3106 -158233 4108398 -
3111 -243988 4089907 -
3116 -242462 4091464 -
3121 -53253 4142070 -
3126 -235443 4089323 -
3132 -54016 4138956 -
3137 -205383 4098277 -
3142 -53710 4137593 -
3147 -153350 4130976 -
3152 -53710 4137399 -
3157 -279541 4101002 -
3162 -106353 4117546 -
3167 -282135 4097693 -
3172 -181732 4107814 -
3177 -220184 4110733 -
3182 -175781 4104505 -
3187 -176239 4111317 -
3192 -149536 4122996 -
3197 -107116 4123774 -
3202 -66986 4138567 -
3207 -55084 4133506 -
3212 -92468 4132338 -
3217 -54016 4139150 -
3222 -53863 4129029 -
3227 -55084 4137788 -
3232 -108337 4117740 -
3237 -54168 4134090 -
3242 -247955 4091659 -
3247 -206909 4098861 -
3252 -189514 4096914 -
3257 -242157 4101586 -
3262 -243072 4088934 -
3267 -184021 4104700 -
3272 -184936 4106841 -
3277 -159149 4117935 -
3282 -174102 4118908 -
3287 -53863 4137593 -
3292 -53558 4138372 -
3297 -99945 4120271 -
3302 -53863 4134674 -
3307 -157623 4104700 -
3312 -165252 4105089 -
3317 -189514 4098471 -
3323 -53405 4136426 -
3328 -89111 4123774 -
3333 -117340 4118519 -
3338 -54626 4133311 -
3343 -53863 4126888 -
3348 -234680 4092048 -
3353 -225067 4108592 -
3358 -189819 4106451 -
3363 -184784 4111901 -
3368 -237579 4096914 -
3373 -62561 4131754 -
3378 -163421 4102948 -
3383 -164032 4105673 -
3388 -264587 4074726 -
3393 -184631 4096525 -
3398 -215759 4108009 -
3403 -233917 4087182 -
3408 -138855 4115015 -
3413 -245056 4096330 -
3418 -54168 4130003 -
3423 -109558 4122412 -
3428 -62561 4126888 -
3433 -234527 4092438 -
3438 -290374 4082706 -
3443 -245208 4096525 -
3448 -235595 4091854 -
3453 -227813 4084652 -
3458 -246429 4090880 -
3463 -170135 4110539 -
3468 -54321 4135063 -
3473 -103759 4117935 -
3478 -62103 4130976 -
3483 -177612 4099055 -
3488 -162201 4099834 -
3493 -65612 4128445 -
3498 -54473 4110928 -
3503 -100555 4120271 -
3509 -101623 4112874 -
3514 -130767 4112291 -
3519 -265808 4106646 -
3524 -352783 4069470 -
3529 -200805 4099055 -
3534 -228424 4100612 -
3539 -229492 4086598 -
3544 -187072 4102364 -
3549 -186157 4105284 -
3554 -186309 4101975 -
3559 -211181 4106451 -
3564 -153656 4107035 -
3569 -100402 4121049 -
3574 -161285 4099055 -
3579 -54626 4130003 -
3584 -96893 4116573 -
3589 -176544 4097887 -
3594 -160217 4094189 -
3599 -181884 4085431 -
# WINDOW=3604s v 4216811 -> 4082122
# DONE Tue Aug 25 06:32:27 CEST 2026
# output: /tmp/idle-ab-1787628718.txt
# restored: input=1 status=Not charging
