# iso_time uptime_s capacity status charge_type vbat_uV ibat_uA temp_dC usb_online usb_imax_uA usb_vbus_uV usb_real_type charge_done chgr_status_reg
2026-08-11T20:39:43Z 550 100 Full N/A 4398017 0 315 0 500000 5005536 USB 1 45
2026-08-11T20:40:44Z 610 100 Discharging N/A 4310236 -219421 318 0 0 5184 Unknown 0 47
2026-08-11T20:41:44Z 670 100 Discharging N/A 4359284 -97045 315 0 0 3104 Unknown 0 47
2026-08-11T20:42:44Z 731 100 Discharging N/A 4369989 -52337 312 0 0 3104 Unknown 0 47
2026-08-11T20:43:45Z 791 100 Discharging N/A 4344297 -108947 310 0 0 2064 Unknown 0 47
2026-08-11T20:44:45Z 851 100 Discharging N/A 4345076 -109100 308 0 0 4144 Unknown 0 47
2026-08-11T20:45:45Z 912 100 Discharging N/A 4370573 -53558 307 0 0 1024 Unknown 0 47
2026-08-11T20:46:46Z 972 100 Discharging N/A 4348579 -129547 305 0 0 3104 Unknown 0 47
2026-08-11T20:47:46Z 1032 100 Discharging N/A 4370379 -62103 304 0 0 3104 Unknown 0 47
2026-08-11T20:48:46Z 1093 100 Discharging N/A 4352667 -147247 302 0 0 1024 Unknown 0 47
2026-08-11T20:49:47Z 1153 100 Discharging N/A 4355781 -65460 301 0 0 1024 Unknown 0 47
2026-08-11T20:50:47Z 1213 100 Discharging N/A 4328337 -126648 299 0 0 1024 Unknown 0 47
2026-08-11T20:51:47Z 1274 100 Discharging N/A 4337680 -22277 298 0 0 2064 Unknown 0 47
2026-08-11T20:52:47Z 1334 100 Discharging N/A 4340210 -52185 297 0 0 5184 Unknown 0 47
2026-08-11T20:53:48Z 1394 100 Discharging N/A 4370963 -45013 295 0 0 3104 Unknown 0 47
2026-08-11T20:54:48Z 1455 100 Discharging N/A 4335733 -43334 294 0 0 4144 Unknown 0 47
2026-08-11T20:55:48Z 1515 100 Discharging N/A 4349942 -153198 293 0 0 2064 Unknown 0 47
2026-08-11T20:56:49Z 1575 100 Discharging N/A 4368432 -54168 292 0 0 4144 Unknown 0 47
2026-08-11T20:57:49Z 1635 100 Discharging N/A 4346828 -30822 291 0 0 3104 Unknown 0 47
2026-08-11T20:58:49Z 1696 100 Discharging N/A 4361231 -64239 290 0 0 1024 Unknown 0 47
2026-08-11T20:59:50Z 1756 100 Discharging N/A 4325028 -62866 290 0 0 0 Unknown 0 47
2026-08-11T21:00:50Z 1816 100 Discharging N/A 4334565 -143432 288 0 0 4144 Unknown 0 47
2026-08-11T21:01:50Z 1877 100 Discharging N/A 4342156 -44708 288 0 0 5184 Unknown 0 47
2026-08-11T21:02:50Z 1937 100 Discharging N/A 4334176 -188141 287 0 0 2064 Unknown 0 47
2026-08-11T21:03:51Z 1997 100 Discharging N/A 4361425 -51116 286 0 0 3104 Unknown 0 47
2026-08-11T21:04:51Z 2057 100 Discharging N/A 4360841 -46691 285 0 0 5184 Unknown 0 47
2026-08-11T21:05:51Z 2118 100 Discharging N/A 4336123 -144806 284 0 0 3104 Unknown 0 47
2026-08-11T21:06:52Z 2178 100 Discharging N/A 4322303 -134887 284 0 0 5184 Unknown 0 47
2026-08-11T21:07:52Z 2238 100 Discharging N/A 4346049 -102081 283 0 0 5184 Unknown 0 47
2026-08-11T21:08:52Z 2299 100 Discharging N/A 4337680 -42419 282 0 0 4144 Unknown 0 47
2026-08-11T21:09:52Z 2359 100 Discharging N/A 4339626 -106353 282 0 0 1024 Unknown 0 47
2026-08-11T21:10:53Z 2419 100 Discharging N/A 4332814 -116272 281 0 0 3104 Unknown 0 47
2026-08-11T21:11:53Z 2479 100 Discharging N/A 4349942 -91400 281 0 0 4144 Unknown 0 47
2026-08-11T21:12:53Z 2540 100 Discharging N/A 4346828 -85296 280 0 0 4144 Unknown 0 47
2026-08-11T21:13:54Z 2600 100 Discharging N/A 4351694 -56915 280 0 0 1024 Unknown 0 47
2026-08-11T21:14:54Z 2660 100 Discharging N/A 4335344 -61798 280 0 0 3104 Unknown 0 47
2026-08-11T21:15:54Z 2721 100 Discharging N/A 4341378 -110321 279 0 0 2064 Unknown 0 47
2026-08-11T21:16:54Z 2781 100 Discharging N/A 4351304 -90332 279 0 0 3104 Unknown 0 47
2026-08-11T21:17:55Z 2841 100 Discharging N/A 4347022 -46539 278 0 0 1024 Unknown 0 47
2026-08-11T21:18:55Z 2902 100 Discharging N/A 4320162 -154419 278 0 0 3104 Unknown 0 47
2026-08-11T21:19:55Z 2962 100 Discharging N/A 4329310 -104675 277 0 0 1024 Unknown 0 47
2026-08-11T21:20:56Z 3022 100 Discharging N/A 4329116 -102386 276 0 0 4144 Unknown 0 47
2026-08-11T21:21:56Z 3082 100 Discharging N/A 4317632 -155487 276 0 0 0 Unknown 0 47
2026-08-11T21:22:56Z 3143 100 Discharging N/A 4353251 -64086 276 0 0 3104 Unknown 0 47
2026-08-11T21:23:57Z 3203 100 Discharging N/A 4325612 -61187 275 0 0 4144 Unknown 0 47
2026-08-11T21:24:57Z 3263 100 Discharging N/A 4352667 -55389 275 0 0 2064 Unknown 0 47
2026-08-11T21:25:57Z 3324 100 Discharging N/A 4310431 -41809 275 0 0 2064 Unknown 0 47
2026-08-11T21:26:58Z 3384 100 Discharging N/A 4347995 -74157 274 0 0 2064 Unknown 0 47
2026-08-11T21:27:58Z 3445 100 Discharging N/A 4350136 -61798 274 0 0 2064 Unknown 0 47
2026-08-11T21:28:58Z 3505 100 Discharging N/A 4307511 -63629 274 0 0 2064 Unknown 0 47
2026-08-11T21:29:59Z 3565 100 Discharging N/A 4332424 -86364 273 0 0 4144 Unknown 0 47
2026-08-11T21:30:59Z 3625 100 Discharging N/A 4354418 -49896 273 0 0 1024 Unknown 0 47
2026-08-11T21:31:59Z 3686 100 Discharging N/A 4292329 -22277 273 0 0 1024 Unknown 0 47
2026-08-11T21:32:59Z 3746 100 Discharging N/A 4349358 -65460 273 0 0 1024 Unknown 0 47
2026-08-11T21:34:00Z 3806 100 Discharging N/A 4318216 -66528 273 0 0 1024 Unknown 0 47
2026-08-11T21:35:00Z 3866 100 Discharging N/A 4349163 -37384 272 0 0 3104 Unknown 0 47
2026-08-11T21:36:00Z 3927 100 Discharging N/A 4335928 -97045 272 0 0 1024 Unknown 0 47
2026-08-11T21:37:00Z 3987 100 Discharging N/A 4347022 -54626 272 0 0 4144 Unknown 0 47
2026-08-11T21:38:01Z 4047 100 Discharging N/A 4350915 -61645 272 0 0 5184 Unknown 0 47
2026-08-11T21:39:01Z 4108 100 Discharging N/A 4318995 -154419 272 0 0 2064 Unknown 0 47
2026-08-11T21:40:01Z 4168 100 Discharging N/A 4302840 -15258 272 0 0 1024 Unknown 0 47
2026-08-11T21:41:02Z 4228 100 Discharging N/A 4315880 -35247 271 0 0 3104 Unknown 0 47
2026-08-11T21:42:02Z 4288 100 Discharging N/A 4328532 -87585 271 0 0 2064 Unknown 0 47
2026-08-11T21:43:02Z 4349 100 Discharging N/A 4315102 -141296 271 0 0 3104 Unknown 0 47
2026-08-11T21:44:02Z 4409 100 Discharging N/A 4321136 -57067 271 0 0 1024 Unknown 0 47
2026-08-11T21:45:03Z 4469 100 Discharging N/A 4348190 -40283 270 0 0 2064 Unknown 0 47
2026-08-11T21:46:03Z 4530 100 Discharging N/A 4334760 -102386 270 0 0 4144 Unknown 0 47
2026-08-11T21:47:03Z 4590 100 Discharging N/A 4343324 -68969 270 0 0 0 Unknown 0 47
2026-08-11T21:48:04Z 4650 100 Discharging N/A 4326975 -130157 269 0 0 6224 Unknown 0 47
2026-08-11T21:49:04Z 4710 100 Discharging N/A 4317243 -54016 269 0 0 2064 Unknown 0 47
2026-08-11T21:50:04Z 4771 100 Discharging N/A 4317437 -96435 268 0 0 3104 Unknown 0 47
2026-08-11T21:51:05Z 4831 100 Discharging N/A 4341962 -68054 268 0 0 4144 Unknown 0 47
2026-08-11T21:52:05Z 4891 100 Discharging N/A 4309457 -25787 267 0 0 4144 Unknown 0 47
2026-08-11T21:53:05Z 4952 100 Discharging N/A 4327364 -49133 267 0 0 3104 Unknown 0 47
2026-08-11T21:54:06Z 5012 100 Discharging N/A 4328532 -100860 267 0 0 2064 Unknown 0 47
2026-08-11T21:55:06Z 5072 100 Discharging N/A 4317437 -19226 266 0 0 3104 Unknown 0 47
2026-08-11T21:56:06Z 5133 100 Discharging N/A 4343130 -54168 266 0 0 4144 Unknown 0 47
2026-08-11T21:57:06Z 5193 100 Discharging N/A 4318800 -52795 266 0 0 4144 Unknown 0 47
2026-08-11T21:58:07Z 5253 100 Discharging N/A 4328726 -105743 265 0 0 3104 Unknown 0 47
2026-08-11T21:59:07Z 5313 100 Discharging N/A 4330283 -79650 264 0 0 3104 Unknown 0 47
2026-08-11T22:00:07Z 5374 100 Discharging N/A 4312572 -77514 264 0 0 6224 Unknown 0 47
2026-08-11T22:01:08Z 5434 100 Discharging N/A 4318800 -52948 264 0 0 4144 Unknown 0 47
2026-08-11T22:02:08Z 5494 100 Discharging N/A 4309068 -52642 263 0 0 6224 Unknown 0 47
2026-08-11T22:03:08Z 5555 100 Discharging N/A 4342546 -46081 263 0 0 2064 Unknown 0 47
2026-08-11T22:04:09Z 5615 100 Discharging N/A 4339431 -51727 263 0 0 1024 Unknown 0 47
2026-08-11T22:05:09Z 5675 100 Discharging N/A 4311014 -144348 263 0 0 1024 Unknown 0 47
2026-08-11T22:06:09Z 5736 100 Discharging N/A 4333982 -52948 262 0 0 3104 Unknown 0 47
2026-08-11T22:07:09Z 5796 100 Discharging N/A 4309068 -138244 262 0 0 2064 Unknown 0 47
2026-08-11T22:08:10Z 5856 100 Discharging N/A 4341572 -47912 262 0 0 6224 Unknown 0 47
2026-08-11T22:09:10Z 5916 100 Discharging N/A 4308873 -96283 262 0 0 2064 Unknown 0 47
2026-08-11T22:10:10Z 5977 100 Discharging N/A 4339431 -44555 261 0 0 2064 Unknown 0 47
2026-08-11T22:11:11Z 6037 100 Discharging N/A 4321525 -121307 261 0 0 4144 Unknown 0 47
2026-08-11T22:12:11Z 6097 99 Discharging N/A 4324055 -91400 261 0 0 2064 Unknown 0 47
2026-08-11T22:13:11Z 6158 99 Discharging N/A 4309457 -98877 260 0 0 1024 Unknown 0 47
2026-08-11T22:14:11Z 6218 99 Discharging N/A 4307316 -135040 260 0 0 3104 Unknown 0 47
2026-08-11T22:15:12Z 6278 99 Discharging N/A 4325418 -90942 260 0 0 3104 Unknown 0 47
2026-08-11T22:16:12Z 6338 99 Discharging N/A 4318021 -42419 260 0 0 4144 Unknown 0 47
2026-08-11T22:17:12Z 6399 99 Discharging N/A 4317048 -116577 260 0 0 0 Unknown 0 47
2026-08-11T22:18:13Z 6459 99 Discharging N/A 4335928 -48980 259 0 0 2064 Unknown 0 47
2026-08-11T22:19:13Z 6519 99 Discharging N/A 4288437 -77209 259 0 0 0 Unknown 0 47
2026-08-11T22:20:13Z 6580 99 Discharging N/A 4338848 -57220 258 0 0 0 Unknown 0 47
2026-08-11T22:21:14Z 6640 99 Discharging N/A 4288047 -73089 258 0 0 1024 Unknown 0 47
2026-08-11T22:22:14Z 6700 99 Discharging N/A 4305759 -151977 258 0 0 3104 Unknown 0 47
2026-08-11T22:23:14Z 6761 99 Discharging N/A 4303229 -169220 257 0 0 5184 Unknown 0 47
2026-08-11T22:24:14Z 6821 99 Discharging N/A 4335539 -51574 257 0 0 3104 Unknown 0 47
2026-08-11T22:25:15Z 6881 99 Discharging N/A 4301283 -129699 257 0 0 3104 Unknown 0 47
2026-08-11T22:26:15Z 6941 99 Discharging N/A 4316270 -98877 256 0 0 3104 Unknown 0 47
2026-08-11T22:27:15Z 7002 99 Discharging N/A 4299336 -51727 256 0 0 1024 Unknown 0 47
2026-08-11T22:28:16Z 7062 99 Discharging N/A 4313545 -99945 256 0 0 0 Unknown 0 47
2026-08-11T22:29:16Z 7122 99 Discharging N/A 4314129 -79956 255 0 0 3104 Unknown 0 47
2026-08-11T22:30:16Z 7183 99 Discharging N/A 4319968 -94451 255 0 0 1024 Unknown 0 47
2026-08-11T22:31:17Z 7243 99 Discharging N/A 4332230 -45776 255 0 0 1024 Unknown 0 47
2026-08-11T22:32:17Z 7303 99 Discharging N/A 4327169 -53863 255 0 0 4144 Unknown 0 47
2026-08-11T22:33:17Z 7364 99 Discharging N/A 4332230 -50048 254 0 0 4144 Unknown 0 47
2026-08-11T22:34:17Z 7424 99 Discharging N/A 4293302 -77514 254 0 0 1024 Unknown 0 47
2026-08-11T22:35:18Z 7484 98 Discharging N/A 4306538 -38452 254 0 0 2064 Unknown 0 47
2026-08-11T22:36:18Z 7544 98 Discharging N/A 4303618 -172729 254 0 0 1024 Unknown 0 47
2026-08-11T22:37:18Z 7605 98 Discharging N/A 4312182 -131073 253 0 0 2064 Unknown 0 47
2026-08-11T22:38:19Z 7665 98 Discharging N/A 4299920 -122528 253 0 0 1024 Unknown 0 47
2026-08-11T22:39:19Z 7725 98 Discharging N/A 4310431 -92315 252 0 0 3104 Unknown 0 47
2026-08-11T22:40:19Z 7786 98 Discharging N/A 4301672 -92315 252 0 0 1024 Unknown 0 47
2026-08-11T22:41:19Z 7846 98 Discharging N/A 4302645 -125579 251 0 0 2064 Unknown 0 47
2026-08-11T22:42:20Z 7906 98 Discharging N/A 4292135 -93383 252 0 0 1024 Unknown 0 47
2026-08-11T22:43:20Z 7966 98 Discharging N/A 4329505 -25634 251 0 0 5184 Unknown 0 47
2026-08-11T22:44:20Z 8027 98 Discharging N/A 4307900 -170288 251 0 0 0 Unknown 0 47
2026-08-11T22:45:21Z 8087 98 Discharging N/A 4322887 -52795 250 0 0 1024 Unknown 0 47
2026-08-11T22:46:21Z 8147 98 Discharging N/A 4324055 -67443 250 0 0 3104 Unknown 0 47
2026-08-11T22:47:21Z 8208 98 Discharging N/A 4312766 -77362 250 0 0 1024 Unknown 0 47
2026-08-11T22:48:22Z 8268 98 Discharging N/A 4326001 -47912 249 0 0 4144 Unknown 0 47
2026-08-11T22:49:22Z 8328 98 Discharging N/A 4299336 -97961 249 0 0 2064 Unknown 0 47
2026-08-11T22:50:22Z 8389 98 Discharging N/A 4297001 -147247 248 0 0 5184 Unknown 0 47
2026-08-11T22:51:23Z 8449 98 Discharging N/A 4301866 -28228 248 0 0 2064 Unknown 0 47
2026-08-11T22:52:23Z 8509 98 Discharging N/A 4323082 -37536 248 0 0 4144 Unknown 0 47
2026-08-11T22:53:23Z 8570 98 Discharging N/A 4314129 -75225 247 0 0 1024 Unknown 0 47
2026-08-11T22:54:23Z 8630 98 Discharging N/A 4283181 -158844 247 0 0 3104 Unknown 0 47
2026-08-11T22:55:24Z 8690 98 Discharging N/A 4295443 -59814 247 0 0 4144 Unknown 0 47
2026-08-11T22:56:24Z 8750 98 Discharging N/A 4307511 -109558 246 0 0 3104 Unknown 0 47
2026-08-11T22:57:24Z 8811 98 Discharging N/A 4314907 -65307 246 0 0 3104 Unknown 0 47
2026-08-11T22:58:25Z 8871 98 Discharging N/A 4308095 -92773 246 0 0 3104 Unknown 0 47
2026-08-11T22:59:25Z 8931 98 Discharging N/A 4294860 -158691 245 0 0 6224 Unknown 0 47
2026-08-11T23:00:25Z 8992 98 Discharging N/A 4295638 -131988 245 0 0 2064 Unknown 0 47
2026-08-11T23:01:26Z 9052 98 Discharging N/A 4291745 -132141 245 0 0 0 Unknown 0 47
2026-08-11T23:02:26Z 9112 98 Discharging N/A 4322498 -55542 244 0 0 3104 Unknown 0 47
2026-08-11T23:03:26Z 9173 98 Discharging N/A 4312572 -90484 244 0 0 3104 Unknown 0 47
2026-08-11T23:04:26Z 9233 98 Discharging N/A 4324639 -60882 244 0 0 0 Unknown 0 47
2026-08-11T23:05:27Z 9293 98 Discharging N/A 4307316 -89416 244 0 0 5184 Unknown 0 47
2026-08-11T23:06:27Z 9353 98 Discharging N/A 4294276 -193481 244 0 0 3104 Unknown 0 47
2026-08-11T23:07:27Z 9414 98 Discharging N/A 4292913 -23803 244 0 0 2064 Unknown 0 47
2026-08-11T23:08:28Z 9474 98 Discharging N/A 4323082 -51727 243 0 0 3104 Unknown 0 47
2026-08-11T23:09:28Z 9534 98 Discharging N/A 4312572 -65155 243 0 0 2064 Unknown 0 47
2026-08-11T23:10:28Z 9595 98 Discharging N/A 4287463 -182495 243 0 0 0 Unknown 0 47
2026-08-11T23:11:29Z 9655 98 Discharging N/A 4305759 -36163 243 0 0 2064 Unknown 0 47
2026-08-11T23:12:29Z 9715 98 Discharging N/A 4304202 -52185 243 0 0 4144 Unknown 0 47
2026-08-11T23:13:29Z 9776 98 Discharging N/A 4287463 -56152 242 0 0 3104 Unknown 0 47
2026-08-11T23:14:29Z 9836 98 Discharging N/A 4323666 -46386 242 0 0 2064 Unknown 0 47
2026-08-11T23:15:30Z 9896 98 Discharging N/A 4295054 -137329 242 0 0 3104 Unknown 0 47
2026-08-11T23:16:30Z 9956 98 Discharging N/A 4322693 -48370 241 0 0 4144 Unknown 0 47
2026-08-11T23:17:30Z 10017 98 Discharging N/A 4293302 -138397 241 0 0 3104 Unknown 0 47
2026-08-11T23:18:31Z 10077 98 Discharging N/A 4299725 -146331 241 0 0 3104 Unknown 0 47
2026-08-11T23:19:31Z 10137 98 Discharging N/A 4306732 -53100 241 0 0 2064 Unknown 0 47
2026-08-11T23:20:31Z 10198 98 Discharging N/A 4307316 -102691 241 0 0 2064 Unknown 0 47
2026-08-11T23:21:31Z 10258 98 Discharging N/A 4304981 -99182 241 0 0 3104 Unknown 0 47
2026-08-11T23:22:32Z 10318 98 Discharging N/A 4303034 -14038 240 0 0 5184 Unknown 0 47
2026-08-11T23:23:32Z 10378 98 Discharging N/A 4296222 -52185 240 0 0 1024 Unknown 0 47
2026-08-11T23:24:32Z 10439 98 Discharging N/A 4305565 -101013 240 0 0 1024 Unknown 0 47
2026-08-11T23:25:33Z 10499 98 Discharging N/A 4287658 -88806 240 0 0 2064 Unknown 0 47
2026-08-11T23:26:33Z 10559 98 Discharging N/A 4301088 -71563 240 0 0 1024 Unknown 0 47
2026-08-11T23:27:33Z 10620 98 Discharging N/A 4283181 -128479 240 0 0 1024 Unknown 0 47
2026-08-11T23:28:33Z 10680 98 Discharging N/A 4278899 -37841 239 0 0 2064 Unknown 0 47
2026-08-11T23:29:34Z 10740 98 Discharging N/A 4310236 -73700 239 0 0 2064 Unknown 0 47
2026-08-11T23:30:34Z 10800 98 Discharging N/A 4315880 -54779 239 0 0 3104 Unknown 0 47
2026-08-11T23:31:34Z 10861 98 Discharging N/A 4267221 -158233 239 0 0 3104 Unknown 0 47
2026-08-11T23:32:35Z 10921 98 Discharging N/A 4300309 -31890 238 0 0 1024 Unknown 0 47
2026-08-11T23:33:35Z 10981 98 Discharging N/A 4314518 -55236 238 0 0 1024 Unknown 0 47
2026-08-11T23:34:35Z 11042 97 Discharging N/A 4289994 -158081 238 0 0 1024 Unknown 0 47
2026-08-11T23:35:35Z 11102 97 Discharging N/A 4291940 -14495 238 0 0 3104 Unknown 0 47
2026-08-11T23:36:36Z 11162 97 Discharging N/A 4315686 -57067 238 0 0 3104 Unknown 0 47
2026-08-11T23:37:36Z 11223 97 Discharging N/A 4298752 -99487 237 0 0 1024 Unknown 0 47
2026-08-11T23:38:36Z 11283 97 Discharging N/A 4316270 -36010 237 0 0 3104 Unknown 0 47
2026-08-11T23:39:37Z 11343 97 Discharging N/A 4285712 -124054 237 0 0 2064 Unknown 0 47
2026-08-11T23:40:37Z 11403 97 Discharging N/A 4281624 -34027 236 0 0 3104 Unknown 0 47
2026-08-11T23:41:37Z 11464 97 Discharging N/A 4289994 -68206 236 0 0 3104 Unknown 0 47
2026-08-11T23:42:37Z 11524 97 Discharging N/A 4293692 -146789 236 0 0 1024 Unknown 0 47
2026-08-11T23:43:38Z 11584 97 Discharging N/A 4302256 -90179 236 0 0 3104 Unknown 0 47
2026-08-11T23:44:38Z 11645 97 Discharging N/A 4310431 -52490 236 0 0 1024 Unknown 0 47
2026-08-11T23:45:38Z 11705 97 Discharging N/A 4277926 -157775 236 0 0 1024 Unknown 0 47
2026-08-11T23:46:39Z 11765 97 Discharging N/A 4299920 -84991 235 0 0 2064 Unknown 0 47
2026-08-11T23:47:39Z 11825 97 Discharging N/A 4276174 -25177 235 0 0 4144 Unknown 0 47
2026-08-11T23:48:39Z 11886 97 Discharging N/A 4297195 -96740 235 0 0 3104 Unknown 0 47
2026-08-11T23:49:40Z 11946 97 Discharging N/A 4291356 -92773 235 0 0 2064 Unknown 0 47
2026-08-11T23:50:40Z 12006 97 Discharging N/A 4309652 -54168 235 0 0 2064 Unknown 0 47
2026-08-11T23:51:40Z 12067 97 Discharging N/A 4273060 -175476 235 0 0 3104 Unknown 0 47
2026-08-11T23:52:41Z 12127 97 Discharging N/A 4290188 -36010 235 0 0 1024 Unknown 0 47
2026-08-11T23:53:41Z 12187 97 Discharging N/A 4310625 -50506 234 0 0 3104 Unknown 0 47
2026-08-11T23:54:41Z 12248 97 Discharging N/A 4276174 -159912 234 0 0 0 Unknown 0 47
2026-08-11T23:55:41Z 12308 97 Discharging N/A 4296611 -93231 234 0 0 5184 Unknown 0 47
2026-08-11T23:56:42Z 12368 97 Discharging N/A 4273060 -14495 234 0 0 3104 Unknown 0 47
2026-08-11T23:57:42Z 12428 97 Discharging N/A 4306343 -47454 234 0 0 1024 Unknown 0 47
2026-08-11T23:58:42Z 12489 97 Discharging N/A 4277148 -149231 233 0 0 1024 Unknown 0 47
2026-08-11T23:59:43Z 12549 97 Discharging N/A 4289604 -63629 233 0 0 1024 Unknown 0 47
2026-08-12T00:00:43Z 12609 97 Discharging N/A 4309457 -52795 233 0 0 3104 Unknown 0 47
2026-08-12T00:01:43Z 12670 97 Discharging N/A 4295054 -63934 233 0 0 3104 Unknown 0 47
2026-08-12T00:02:43Z 12730 97 Discharging N/A 4291551 -80566 233 0 0 3104 Unknown 0 47
2026-08-12T00:03:44Z 12790 97 Discharging N/A 4285906 -49743 232 0 0 4144 Unknown 0 47
2026-08-12T00:04:44Z 12851 97 Discharging N/A 4277731 -181427 232 0 0 1024 Unknown 0 47
2026-08-12T00:05:44Z 12911 97 Discharging N/A 4309847 -47302 232 0 0 3104 Unknown 0 47
2026-08-12T00:06:45Z 12971 97 Discharging N/A 4289410 -161743 232 0 0 0 Unknown 0 47
2026-08-12T00:07:45Z 13031 97 Discharging N/A 4294276 -92926 232 0 0 2064 Unknown 0 47
2026-08-12T00:08:45Z 13092 97 Discharging N/A 4283765 -173034 232 0 0 2064 Unknown 0 47
2026-08-12T00:09:46Z 13152 97 Discharging N/A 4308484 -48980 231 0 0 4144 Unknown 0 47
2026-08-12T00:10:46Z 13212 97 Discharging N/A 4301866 -83618 231 0 0 2064 Unknown 0 47
2026-08-12T00:11:46Z 13273 97 Discharging N/A 4262355 -22583 231 0 0 2064 Unknown 0 47
2026-08-12T00:12:46Z 13333 97 Discharging N/A 4302061 -55999 231 0 0 4144 Unknown 0 47
2026-08-12T00:13:47Z 13393 97 Discharging N/A 4301283 -59967 231 0 0 4144 Unknown 0 47
2026-08-12T00:14:47Z 13454 97 Discharging N/A 4262355 -146789 231 0 0 2064 Unknown 0 47
2026-08-12T00:15:47Z 13514 97 Discharging N/A 4276369 -43792 231 0 0 2064 Unknown 0 47
2026-08-12T00:16:48Z 13574 97 Discharging N/A 4273449 -105590 231 0 0 0 Unknown 0 47
2026-08-12T00:17:48Z 13634 97 Discharging N/A 4277731 -49591 230 0 0 4144 Unknown 0 47
2026-08-12T00:18:48Z 13695 97 Discharging N/A 4274617 -137939 230 0 0 2064 Unknown 0 47
2026-08-12T00:19:49Z 13755 97 Discharging N/A 4299725 -57983 230 0 0 5184 Unknown 0 47
2026-08-12T00:20:49Z 13815 97 Discharging N/A 4285322 -161132 230 0 0 0 Unknown 0 47
2026-08-12T00:21:49Z 13876 97 Discharging N/A 4298558 -68054 230 0 0 2064 Unknown 0 47
2026-08-12T00:22:50Z 13936 97 Discharging N/A 4287269 -123138 230 0 0 2064 Unknown 0 47
2026-08-12T00:23:50Z 13996 97 Discharging N/A 4303813 -50201 230 0 0 4144 Unknown 0 47
2026-08-12T00:24:50Z 14057 97 Discharging N/A 4267416 -20294 230 0 0 1024 Unknown 0 47
2026-08-12T00:25:50Z 14117 97 Discharging N/A 4297974 -70648 229 0 0 1024 Unknown 0 47
2026-08-12T00:26:51Z 14177 97 Discharging N/A 4303424 -47149 229 0 0 3104 Unknown 0 47
2026-08-12T00:27:51Z 14238 97 Discharging N/A 4274812 -24566 229 0 0 3104 Unknown 0 47
2026-08-12T00:28:51Z 14298 97 Discharging N/A 4291745 -91552 229 0 0 4144 Unknown 0 47
2026-08-12T00:29:52Z 14358 97 Discharging N/A 4289994 -14648 229 0 0 2064 Unknown 0 47
2026-08-12T00:30:52Z 14418 97 Discharging N/A 4295443 -105438 229 0 0 3104 Unknown 0 47
2026-08-12T00:31:52Z 14479 97 Discharging N/A 4254375 -85601 228 0 0 1024 Unknown 0 47
2026-08-12T00:32:53Z 14539 97 Discharging N/A 4278899 -129394 228 0 0 0 Unknown 0 47
2026-08-12T00:33:53Z 14599 97 Discharging N/A 4269751 -171051 228 0 0 3104 Unknown 0 47
2026-08-12T00:34:53Z 14660 96 Discharging N/A 4276564 -55694 228 0 0 3104 Unknown 0 47
2026-08-12T00:35:53Z 14720 96 Discharging N/A 4253207 -69732 228 0 0 3104 Unknown 0 47
2026-08-12T00:36:54Z 14780 96 Discharging N/A 4268973 -154266 228 0 0 0 Unknown 0 47
2026-08-12T00:37:54Z 14840 96 Discharging N/A 4264107 -50201 228 0 0 6224 Unknown 0 47
2026-08-12T00:38:54Z 14901 96 Discharging N/A 4263718 -22430 228 0 0 3104 Unknown 0 47
2026-08-12T00:39:55Z 14961 96 Discharging N/A 4286879 -65765 228 0 0 3104 Unknown 0 47
2026-08-12T00:40:55Z 15021 96 Discharging N/A 4287269 -70190 228 0 0 2064 Unknown 0 47
2026-08-12T00:41:55Z 15082 96 Discharging N/A 4266053 -23803 228 0 0 1024 Unknown 0 47
2026-08-12T00:42:55Z 15142 96 Discharging N/A 4300115 -56762 228 0 0 4144 Unknown 0 47
2026-08-12T00:43:56Z 15202 96 Discharging N/A 4276564 -147705 228 0 0 0 Unknown 0 47
2026-08-12T00:44:56Z 15263 96 Discharging N/A 4280651 -122375 227 0 0 3104 Unknown 0 47
2026-08-12T00:45:56Z 15323 96 Discharging N/A 4299725 -78430 227 0 0 4144 Unknown 0 47
2026-08-12T00:46:57Z 15383 96 Discharging N/A 4262744 -20141 227 0 0 3104 Unknown 0 47
2026-08-12T00:47:57Z 15443 96 Discharging N/A 4283181 -76599 228 0 0 3104 Unknown 0 47
2026-08-12T00:48:57Z 15504 96 Discharging N/A 4264302 -43029 227 0 0 2064 Unknown 0 47
2026-08-12T00:49:58Z 15564 96 Discharging N/A 4278510 -47149 228 0 0 3104 Unknown 0 47
2026-08-12T00:50:58Z 15624 96 Discharging N/A 4273839 -100402 227 0 0 2064 Unknown 0 47
2026-08-12T00:51:58Z 15685 96 Discharging N/A 4282792 -79040 228 0 0 1024 Unknown 0 47
2026-08-12T00:52:58Z 15745 96 Discharging N/A 4254764 -94451 227 0 0 4144 Unknown 0 47
2026-08-12T00:53:59Z 15805 96 Discharging N/A 4291551 -52642 227 0 0 2064 Unknown 0 47
2026-08-12T00:54:59Z 15866 96 Discharging N/A 4262161 -52948 227 0 0 3104 Unknown 0 47
2026-08-12T00:55:59Z 15926 96 Discharging N/A 4269557 -148468 227 0 0 2064 Unknown 0 47
2026-08-12T00:57:00Z 15986 96 Discharging N/A 4282597 -64697 227 0 0 3104 Unknown 0 47
2026-08-12T00:58:00Z 16046 96 Discharging N/A 4265859 -158386 227 0 0 4144 Unknown 0 47
2026-08-12T00:59:00Z 16107 96 Discharging N/A 4260798 -14495 227 0 0 2064 Unknown 0 47
2026-08-12T01:00:00Z 16167 96 Discharging N/A 4290383 -62408 227 0 0 2064 Unknown 0 47
2026-08-12T01:01:01Z 16227 96 Discharging N/A 4295638 -49896 227 0 0 2064 Unknown 0 47
2026-08-12T01:02:01Z 16288 96 Discharging N/A 4259825 -36773 227 0 0 0 Unknown 0 47
2026-08-12T01:03:01Z 16348 96 Discharging N/A 4291551 -44403 227 0 0 4144 Unknown 0 47
2026-08-12T01:04:02Z 16408 96 Discharging N/A 4289994 -78887 227 0 0 5184 Unknown 0 47
2026-08-12T01:05:02Z 16469 96 Discharging N/A 4287853 -57373 227 0 0 0 Unknown 0 47
2026-08-12T01:06:02Z 16529 96 Discharging N/A 4291551 -48980 227 0 0 2064 Unknown 0 47
2026-08-12T01:07:03Z 16589 96 Discharging N/A 4258852 -33416 226 0 0 2064 Unknown 0 47
2026-08-12T01:08:03Z 16649 96 Discharging N/A 4276174 -100708 227 0 0 4144 Unknown 0 47
2026-08-12T01:09:03Z 16710 96 Discharging N/A 4273839 -77362 226 0 0 5184 Unknown 0 47
2026-08-12T01:10:04Z 16770 96 Discharging N/A 4258852 -19836 226 0 0 4144 Unknown 0 47
2026-08-12T01:11:04Z 16830 96 Discharging N/A 4273644 -99639 226 0 0 0 Unknown 0 47
2026-08-12T01:12:04Z 16891 96 Discharging N/A 4289215 -55236 226 0 0 3104 Unknown 0 47
2026-08-12T01:13:05Z 16951 96 Discharging N/A 4267416 -154876 226 0 0 1024 Unknown 0 47
2026-08-12T01:14:05Z 17011 96 Discharging N/A 4259436 -150909 226 0 0 1024 Unknown 0 47
2026-08-12T01:15:05Z 17072 96 Discharging N/A 4274617 -124816 226 0 0 2064 Unknown 0 47
2026-08-12T01:16:05Z 17132 96 Discharging N/A 4270530 -105438 226 0 0 4144 Unknown 0 47
2026-08-12T01:17:06Z 17192 96 Discharging N/A 4277537 -74768 226 0 0 5184 Unknown 0 47
2026-08-12T01:18:06Z 17253 96 Discharging N/A 4263328 -143280 226 0 0 3104 Unknown 0 47
2026-08-12T01:19:06Z 17313 96 Discharging N/A 4281040 -103302 226 0 0 5184 Unknown 0 47
2026-08-12T01:20:07Z 17373 96 Discharging N/A 4272866 -30670 226 0 0 3104 Unknown 0 47
2026-08-12T01:21:07Z 17433 96 Discharging N/A 4259436 -130767 226 0 0 0 Unknown 0 47
2026-08-12T01:22:07Z 17494 96 Discharging N/A 4264107 -34027 226 0 0 2064 Unknown 0 47
2026-08-12T01:23:07Z 17554 96 Discharging N/A 4245032 -112609 226 0 0 4144 Unknown 0 47
2026-08-12T01:24:08Z 17614 96 Discharging N/A 4256711 -89721 226 0 0 3104 Unknown 0 47
2026-08-12T01:25:08Z 17674 96 Discharging N/A 4255738 -173492 226 0 0 1024 Unknown 0 47
2026-08-12T01:26:08Z 17735 96 Discharging N/A 4274617 -84686 225 0 0 3104 Unknown 0 47
2026-08-12T01:27:09Z 17795 96 Discharging N/A 4289215 -53100 225 0 0 2064 Unknown 0 47
2026-08-12T01:28:09Z 17855 96 Discharging N/A 4282792 -51879 225 0 0 3104 Unknown 0 47
2026-08-12T01:29:09Z 17916 96 Discharging N/A 4268584 -126190 225 0 0 1024 Unknown 0 47
2026-08-12T01:30:10Z 17976 96 Discharging N/A 4275201 -63324 224 0 0 3104 Unknown 0 47
2026-08-12T01:31:10Z 18036 96 Discharging N/A 4286879 -52185 224 0 0 4144 Unknown 0 47
2026-08-12T01:32:10Z 18097 96 Discharging N/A 4262939 -53558 225 0 0 4144 Unknown 0 47
2026-08-12T01:33:10Z 18157 96 Discharging N/A 4285322 -56304 224 0 0 1024 Unknown 0 47
2026-08-12T01:34:11Z 18217 95 Discharging N/A 4268389 -119781 225 0 0 1024 Unknown 0 47
2026-08-12T01:35:11Z 18277 95 Discharging N/A 4286879 -74920 224 0 0 2064 Unknown 0 47
2026-08-12T01:36:11Z 18338 95 Discharging N/A 4251066 -30822 224 0 0 2064 Unknown 0 47
2026-08-12T01:37:11Z 18398 95 Discharging N/A 4237831 -122985 224 0 0 1024 Unknown 0 47
2026-08-12T01:38:12Z 18458 95 Discharging N/A 4268778 -86364 224 0 0 4144 Unknown 0 47
2026-08-12T01:39:12Z 18519 95 Discharging N/A 4282403 -53253 224 0 0 4144 Unknown 0 47
2026-08-12T01:40:12Z 18579 95 Discharging N/A 4284155 -50811 224 0 0 3104 Unknown 0 47
2026-08-12T01:41:13Z 18639 95 Discharging N/A 4257879 -149536 223 0 0 0 Unknown 0 47
2026-08-12T01:42:13Z 18699 95 Discharging N/A 4234327 -190735 223 0 0 4144 Unknown 0 47
2026-08-12T01:43:13Z 18760 95 Discharging N/A 4270919 -65002 223 0 0 2064 Unknown 0 47
2026-08-12T01:44:14Z 18820 95 Discharging N/A 4268778 -78887 223 0 0 3104 Unknown 0 47
2026-08-12T01:45:14Z 18880 95 Discharging N/A 4265469 -98266 223 0 0 4144 Unknown 0 47
2026-08-12T01:46:14Z 18941 95 Discharging N/A 4256905 -45471 223 0 0 3104 Unknown 0 47
2026-08-12T01:47:15Z 19001 95 Discharging N/A 4265664 -108337 223 0 0 1024 Unknown 0 47
2026-08-12T01:48:15Z 19061 95 Discharging N/A 4284933 -48828 223 0 0 3104 Unknown 0 47
2026-08-12T01:49:15Z 19122 95 Discharging N/A 4265275 -125122 223 0 0 1024 Unknown 0 47
2026-08-12T01:50:15Z 19182 95 Discharging N/A 4259436 -144500 223 0 0 2064 Unknown 0 47
2026-08-12T01:51:16Z 19242 95 Discharging N/A 4249120 -46997 223 0 0 4144 Unknown 0 47
2026-08-12T01:52:16Z 19303 95 Discharging N/A 4239193 -168151 223 0 0 2064 Unknown 0 47
2026-08-12T01:53:16Z 19363 95 Discharging N/A 4265859 -102996 223 0 0 1024 Unknown 0 47
2026-08-12T01:54:17Z 19423 95 Discharging N/A 4247757 -50201 223 0 0 1024 Unknown 0 47
2026-08-12T01:55:17Z 19483 95 Discharging N/A 4259241 -154266 223 0 0 0 Unknown 0 47
2026-08-12T01:56:17Z 19544 95 Discharging N/A 4259436 -111694 223 0 0 3104 Unknown 0 47
2026-08-12T01:57:18Z 19604 95 Discharging N/A 4282792 -50354 223 0 0 4144 Unknown 0 47
2026-08-12T01:58:18Z 19664 95 Discharging N/A 4279678 -50811 223 0 0 3104 Unknown 0 47
2026-08-12T01:59:18Z 19725 95 Discharging N/A 4281819 -47760 223 0 0 3104 Unknown 0 47
2026-08-12T02:00:18Z 19785 95 Discharging N/A 4257295 -74615 223 0 0 1024 Unknown 0 47
2026-08-12T02:01:19Z 19845 95 Discharging N/A 4255738 -125579 223 0 0 0 Unknown 0 47
2026-08-12T02:02:19Z 19906 95 Discharging N/A 4256516 -84381 223 0 0 3104 Unknown 0 47
2026-08-12T02:03:19Z 19966 95 Discharging N/A 4247757 -100555 223 0 0 1024 Unknown 0 47
2026-08-12T02:04:20Z 20026 95 Discharging N/A 4281819 -48065 223 0 0 4144 Unknown 0 47
2026-08-12T02:05:20Z 20086 95 Discharging N/A 4235495 -34942 223 0 0 3104 Unknown 0 47
2026-08-12T02:06:20Z 20147 95 Discharging N/A 4261966 -127563 222 0 0 3104 Unknown 0 47
2026-08-12T02:07:21Z 20207 95 Discharging N/A 4242502 -156402 222 0 0 2064 Unknown 0 47
2026-08-12T02:08:21Z 20267 95 Discharging N/A 4281624 -48217 222 0 0 0 Unknown 0 47
2026-08-12T02:09:21Z 20328 95 Discharging N/A 4244254 -43182 222 0 0 2064 Unknown 0 47
2026-08-12T02:10:21Z 20388 95 Discharging N/A 4252429 -166931 222 0 0 2064 Unknown 0 47
2026-08-12T02:11:22Z 20448 95 Discharging N/A 4278121 -49591 222 0 0 6224 Unknown 0 47
2026-08-12T02:12:22Z 20508 95 Discharging N/A 4225374 -58441 222 0 0 3104 Unknown 0 47
2026-08-12T02:13:22Z 20569 95 Discharging N/A 4277731 -53253 222 0 0 0 Unknown 0 47
2026-08-12T02:14:23Z 20629 95 Discharging N/A 4274617 -58593 222 0 0 4144 Unknown 0 47
2026-08-12T02:15:23Z 20689 95 Discharging N/A 4279094 -47149 222 0 0 4144 Unknown 0 47
2026-08-12T02:16:23Z 20750 95 Discharging N/A 4260214 -114288 222 0 0 4144 Unknown 0 47
2026-08-12T02:17:23Z 20810 95 Discharging N/A 4258462 -148315 222 0 0 3104 Unknown 0 47
2026-08-12T02:18:24Z 20870 95 Discharging N/A 4271698 -55694 222 0 0 1024 Unknown 0 47
2026-08-12T02:19:24Z 20931 95 Discharging N/A 4244643 -169525 222 0 0 2064 Unknown 0 47
2026-08-12T02:20:24Z 20991 95 Discharging N/A 4263718 -95977 222 0 0 1024 Unknown 0 47
2026-08-12T02:21:25Z 21051 95 Discharging N/A 4254959 -160217 222 0 0 1024 Unknown 0 47
2026-08-12T02:22:25Z 21111 95 Discharging N/A 4267610 -54779 222 0 0 2064 Unknown 0 47
2026-08-12T02:23:25Z 21172 95 Discharging N/A 4261382 -72631 222 0 0 3104 Unknown 0 47
2026-08-12T02:24:26Z 21232 95 Discharging N/A 4226737 -130615 222 0 0 3104 Unknown 0 47
2026-08-12T02:25:26Z 21292 95 Discharging N/A 4252623 -167999 222 0 0 4144 Unknown 0 47
2026-08-12T02:26:26Z 21353 95 Discharging N/A 4241529 -144958 222 0 0 2064 Unknown 0 47
2026-08-12T02:27:26Z 21413 95 Discharging N/A 4255543 -36010 222 0 0 1024 Unknown 0 47
2026-08-12T02:28:27Z 21473 94 Discharging N/A 4250482 -177307 222 0 0 0 Unknown 0 47
2026-08-12T02:29:27Z 21533 94 Discharging N/A 4236274 -14495 222 0 0 3104 Unknown 0 47
2026-08-12T02:30:27Z 21594 94 Discharging N/A 4224790 -181427 222 0 0 2064 Unknown 0 47
2026-08-12T02:31:28Z 21654 94 Discharging N/A 4245811 -132141 221 0 0 2064 Unknown 0 47
2026-08-12T02:32:28Z 21714 94 Discharging N/A 4237442 -46844 222 0 0 3104 Unknown 0 47
2026-08-12T02:33:28Z 21775 94 Discharging N/A 4219730 -74462 222 0 0 3104 Unknown 0 47
2026-08-12T02:34:28Z 21835 94 Discharging N/A 4239193 -200042 221 0 0 5184 Unknown 0 47
2026-08-12T02:35:29Z 21895 94 Discharging N/A 4267221 -53558 221 0 0 3104 Unknown 0 47
2026-08-12T02:36:29Z 21956 94 Discharging N/A 4237831 -59967 221 0 0 0 Unknown 0 47
2026-08-12T02:37:29Z 22016 94 Discharging N/A 4245811 -110473 221 0 0 3104 Unknown 0 47
2026-08-12T02:38:30Z 22076 94 Discharging N/A 4273255 -44403 221 0 0 3104 Unknown 0 47
2026-08-12T02:39:30Z 22136 94 Discharging N/A 4247757 -96588 221 0 0 3104 Unknown 0 47
2026-08-12T02:40:30Z 22197 94 Discharging N/A 4238804 -157470 221 0 0 2064 Unknown 0 47
2026-08-12T02:41:30Z 22257 94 Discharging N/A 4248536 -148620 221 0 0 3104 Unknown 0 47
2026-08-12T02:42:31Z 22317 94 Discharging N/A 4248341 -48065 220 0 0 4144 Unknown 0 47
2026-08-12T02:43:31Z 22377 94 Discharging N/A 4239972 -142974 220 0 0 1024 Unknown 0 47
2026-08-12T02:44:31Z 22438 94 Discharging N/A 4244449 -144806 220 0 0 2064 Unknown 0 47
2026-08-12T02:45:32Z 22498 94 Discharging N/A 4235301 -48065 220 0 0 1024 Unknown 0 47
2026-08-12T02:46:32Z 22558 94 Discharging N/A 4245032 -36163 220 0 0 0 Unknown 0 47
2026-08-12T02:47:32Z 22619 94 Discharging N/A 4235106 -101928 220 0 0 2064 Unknown 0 47
2026-08-12T02:48:32Z 22679 94 Discharging N/A 4260409 -66528 220 0 0 4144 Unknown 0 47
2026-08-12T02:49:33Z 22739 94 Discharging N/A 4228294 -87890 220 0 0 2064 Unknown 0 47
2026-08-12T02:50:33Z 22800 94 Discharging N/A 4237636 -165557 220 0 0 1024 Unknown 0 47
2026-08-12T02:51:33Z 22860 94 Discharging N/A 4247952 -66986 220 0 0 3104 Unknown 0 47
2026-08-12T02:52:34Z 22920 94 Discharging N/A 4259241 -54473 220 0 0 0 Unknown 0 47
2026-08-12T02:53:34Z 22980 94 Discharging N/A 4239777 -103302 220 0 0 2064 Unknown 0 47
2026-08-12T02:54:34Z 23041 94 Discharging N/A 4247952 -61035 220 0 0 3104 Unknown 0 47
2026-08-12T02:55:34Z 23101 94 Discharging N/A 4221287 -74615 220 0 0 1024 Unknown 0 47
2026-08-12T02:56:35Z 23161 94 Discharging N/A 4240945 -23345 220 0 0 2064 Unknown 0 47
2026-08-12T02:57:35Z 23221 94 Discharging N/A 4270530 -21972 220 0 0 3104 Unknown 0 47
2026-08-12T02:58:35Z 23282 94 Discharging N/A 4249314 -65307 220 0 0 2064 Unknown 0 47
2026-08-12T02:59:35Z 23342 94 Discharging N/A 4256711 -70800 220 0 0 2064 Unknown 0 47
2026-08-12T03:00:36Z 23402 94 Discharging N/A 4250482 -84228 220 0 0 2064 Unknown 0 47
2026-08-12T03:01:36Z 23462 94 Discharging N/A 4233938 -166015 220 0 0 0 Unknown 0 47
2026-08-12T03:02:36Z 23523 94 Discharging N/A 4256321 -73242 220 0 0 3104 Unknown 0 47
2026-08-12T03:03:37Z 23583 94 Discharging N/A 4234911 -96893 220 0 0 2064 Unknown 0 47
2026-08-12T03:04:37Z 23643 94 Discharging N/A 4230435 -29449 219 0 0 3104 Unknown 0 47
2026-08-12T03:05:37Z 23704 94 Discharging N/A 4237636 -110168 219 0 0 4144 Unknown 0 47
2026-08-12T03:06:37Z 23764 94 Discharging N/A 4239583 -110778 219 0 0 3104 Unknown 0 47
2026-08-12T03:07:38Z 23824 94 Discharging N/A 4226542 -115509 219 0 0 5184 Unknown 0 47
2026-08-12T03:08:38Z 23884 94 Discharging N/A 4226931 -143585 219 0 0 1024 Unknown 0 47
2026-08-12T03:09:38Z 23945 94 Discharging N/A 4229267 -163726 219 0 0 0 Unknown 0 47
2026-08-12T03:10:39Z 24005 94 Discharging N/A 4248925 -104065 219 0 0 1024 Unknown 0 47
2026-08-12T03:11:39Z 24065 94 Discharging N/A 4179051 -226288 219 0 0 2064 Unknown 0 47
2026-08-12T03:12:39Z 24126 94 Discharging N/A 4254764 -63476 219 0 0 2064 Unknown 0 47
2026-08-12T03:13:40Z 24186 94 Discharging N/A 4247173 -68969 219 0 0 4144 Unknown 0 47
2026-08-12T03:14:40Z 24246 94 Discharging N/A 4245227 -106506 219 0 0 6224 Unknown 0 47
2026-08-12T03:15:40Z 24307 94 Discharging N/A 4214085 -186767 219 0 0 3104 Unknown 0 47
2026-08-12T03:16:40Z 24367 94 Discharging N/A 4228488 -52185 218 0 0 1024 Unknown 0 47
2026-08-12T03:17:41Z 24427 94 Discharging N/A 4223817 -176544 218 0 0 5184 Unknown 0 47
2026-08-12T03:18:41Z 24487 94 Discharging N/A 4229462 -36468 218 0 0 1024 Unknown 0 47
2026-08-12T03:19:41Z 24548 94 Discharging N/A 4246006 -48675 218 0 0 2064 Unknown 0 47
2026-08-12T03:20:42Z 24608 94 Discharging N/A 4258268 -63324 218 0 0 1024 Unknown 0 47
2026-08-12T03:21:42Z 24668 94 Discharging N/A 4204743 -14190 218 0 0 4144 Unknown 0 47
2026-08-12T03:22:42Z 24728 94 Discharging N/A 4262744 -47912 218 0 0 3104 Unknown 0 47
2026-08-12T03:23:42Z 24789 94 Discharging N/A 4260409 -49133 218 0 0 3104 Unknown 0 47
2026-08-12T03:24:43Z 24849 93 Discharging N/A 4227321 -39672 218 0 0 3104 Unknown 0 47
2026-08-12T03:25:43Z 24909 93 Discharging N/A 4223233 -167541 218 0 0 3104 Unknown 0 47
2026-08-12T03:26:43Z 24970 93 Discharging N/A 4225958 -104675 218 0 0 1024 Unknown 0 47
2026-08-12T03:27:43Z 25030 93 Discharging N/A 4255154 -72784 217 0 0 1024 Unknown 0 47
2026-08-12T03:28:44Z 25090 93 Discharging N/A 4233744 -120544 217 0 0 4144 Unknown 0 47
2026-08-12T03:29:44Z 25151 93 Discharging N/A 4241529 -89721 217 0 0 3104 Unknown 0 47
2026-08-12T03:30:44Z 25211 93 Discharging N/A 4220119 -153503 217 0 0 2064 Unknown 0 47
2026-08-12T03:31:45Z 25271 93 Discharging N/A 4202212 -241394 217 0 0 3104 Unknown 0 47
2026-08-12T03:32:45Z 25331 93 Discharging N/A 4227904 -148925 217 0 0 3104 Unknown 0 47
2026-08-12T03:33:45Z 25392 93 Discharging N/A 4242113 -90637 217 0 0 2064 Unknown 0 47
2026-08-12T03:34:46Z 25452 93 Discharging N/A 4242502 -102844 217 0 0 3104 Unknown 0 47
2026-08-12T03:35:46Z 25512 93 Discharging N/A 4232576 -97198 217 0 0 1024 Unknown 0 47
2026-08-12T03:36:46Z 25573 93 Discharging N/A 4250093 -63018 217 0 0 5184 Unknown 0 47
2026-08-12T03:37:46Z 25633 93 Discharging N/A 4231797 -47149 217 0 0 3104 Unknown 0 47
2026-08-12T03:38:47Z 25693 93 Discharging N/A 4253207 -82702 217 0 0 4144 Unknown 0 47
2026-08-12T03:39:47Z 25754 93 Discharging N/A 4219924 -21362 217 0 0 1024 Unknown 0 47
2026-08-12T03:40:47Z 25814 93 Discharging N/A 4232770 -16632 217 0 0 2064 Unknown 0 47
2026-08-12T03:41:48Z 25874 93 Discharging N/A 4206689 -122528 217 0 0 4144 Unknown 0 47
2026-08-12T03:42:48Z 25934 93 Discharging N/A 4254570 -52032 217 0 0 2064 Unknown 0 47
2026-08-12T03:43:48Z 25995 93 Discharging N/A 4226153 -95367 217 0 0 5184 Unknown 0 47
2026-08-12T03:44:49Z 26055 93 Discharging N/A 4240750 -90637 217 0 0 1024 Unknown 0 47
2026-08-12T03:45:49Z 26115 93 Discharging N/A 4216421 -111236 217 0 0 3104 Unknown 0 47
2026-08-12T03:46:49Z 26176 93 Discharging N/A 4218562 -135803 217 0 0 2064 Unknown 0 47
2026-08-12T03:47:49Z 26236 93 Discharging N/A 4233160 -146484 217 0 0 2064 Unknown 0 47
2026-08-12T03:48:50Z 26296 93 Discharging N/A 4237636 -87585 217 0 0 2064 Unknown 0 47
2026-08-12T03:49:50Z 26356 93 Discharging N/A 4252623 -47912 217 0 0 3104 Unknown 0 47
2026-08-12T03:50:50Z 26417 93 Discharging N/A 4223622 -180816 217 0 0 3104 Unknown 0 47
2026-08-12T03:51:51Z 26477 93 Discharging N/A 4245616 -80108 217 0 0 1024 Unknown 0 47
2026-08-12T03:52:51Z 26537 93 Discharging N/A 4252623 -55542 217 0 0 3104 Unknown 0 47
2026-08-12T03:53:51Z 26598 93 Discharging N/A 4228683 -77362 217 0 0 3104 Unknown 0 47
2026-08-12T03:54:51Z 26658 93 Discharging N/A 4233938 -83465 217 0 0 4144 Unknown 0 47
2026-08-12T03:55:52Z 26718 93 Discharging N/A 4231992 -113983 217 0 0 3104 Unknown 0 47
2026-08-12T03:56:52Z 26778 93 Discharging N/A 4253986 -55542 217 0 0 6224 Unknown 0 47
2026-08-12T03:57:52Z 26839 93 Discharging N/A 4215837 -25482 217 0 0 6224 Unknown 0 47
2026-08-12T03:58:53Z 26899 93 Discharging N/A 4217394 -173492 217 0 0 0 Unknown 0 47
2026-08-12T03:59:53Z 26959 93 Discharging N/A 4230435 -107269 217 0 0 0 Unknown 0 47
2026-08-12T04:00:53Z 27020 93 Discharging N/A 4232965 -95520 217 0 0 2064 Unknown 0 47
2026-08-12T04:01:53Z 27080 93 Discharging N/A 4229072 -43792 217 0 0 2064 Unknown 0 47
2026-08-12T04:02:54Z 27140 93 Discharging N/A 4204353 -78125 217 0 0 3104 Unknown 0 47
2026-08-12T04:03:54Z 27201 93 Discharging N/A 4229656 -58288 217 0 0 4144 Unknown 0 47
2026-08-12T04:04:54Z 27261 93 Discharging N/A 4222065 -30517 217 0 0 3104 Unknown 0 47
2026-08-12T04:05:55Z 27321 93 Discharging N/A 4216615 -160217 217 0 0 2064 Unknown 0 47
2026-08-12T04:06:55Z 27381 93 Discharging N/A 4228878 -99945 216 0 0 3104 Unknown 0 47
2026-08-12T04:07:55Z 27442 93 Discharging N/A 4246006 -56304 216 0 0 0 Unknown 0 47
2026-08-12T04:08:56Z 27502 93 Discharging N/A 4218173 -53405 216 0 0 1024 Unknown 0 47
2026-08-12T04:09:56Z 27562 93 Discharging N/A 4231797 -32043 216 0 0 1024 Unknown 0 47
2026-08-12T04:10:56Z 27623 93 Discharging N/A 4231603 -42572 216 0 0 2064 Unknown 0 47
2026-08-12T04:11:57Z 27683 93 Discharging N/A 4245227 -39978 216 0 0 2064 Unknown 0 47
2026-08-12T04:12:57Z 27743 93 Discharging N/A 4245227 -42572 216 0 0 1024 Unknown 0 47
2026-08-12T04:13:57Z 27804 93 Discharging N/A 4212139 -36621 216 0 0 3104 Unknown 0 47
2026-08-12T04:14:57Z 27864 93 Discharging N/A 4231992 -101013 216 0 0 5184 Unknown 0 47
2026-08-12T04:15:58Z 27924 92 Discharging N/A 4211360 -95977 216 0 0 2064 Unknown 0 47
2026-08-12T04:16:58Z 27985 92 Discharging N/A 4237052 -58593 215 0 0 5184 Unknown 0 47
2026-08-12T04:17:59Z 28045 92 Discharging N/A 4220314 -133819 215 0 0 4144 Unknown 0 47
2026-08-12T04:18:59Z 28105 92 Discharging N/A 4214669 -103607 215 0 0 1024 Unknown 0 47
2026-08-12T04:19:59Z 28166 92 Discharging N/A 4245616 -46081 215 0 0 2064 Unknown 0 47
2026-08-12T04:20:59Z 28226 92 Discharging N/A 4220703 -116882 215 0 0 1024 Unknown 0 47
2026-08-12T04:22:00Z 28286 92 Discharging N/A 4218367 -55999 215 0 0 2064 Unknown 0 47
2026-08-12T04:23:00Z 28347 92 Discharging N/A 4210776 -60424 215 0 0 3104 Unknown 0 47
2026-08-12T04:24:00Z 28407 92 Discharging N/A 4205132 -40740 215 0 0 5184 Unknown 0 47
2026-08-12T04:25:01Z 28467 92 Discharging N/A 4230240 -66070 215 0 0 1024 Unknown 0 47
2026-08-12T04:26:01Z 28527 92 Discharging N/A 4211166 -106048 215 0 0 0 Unknown 0 47
2026-08-12T04:27:01Z 28588 92 Discharging N/A 4231213 -94146 215 0 0 4144 Unknown 0 47
2026-08-12T04:28:01Z 28648 92 Discharging N/A 4218367 -156707 215 0 0 1024 Unknown 0 47
2026-08-12T04:29:02Z 28708 92 Discharging N/A 4209803 -14648 215 0 0 4144 Unknown 0 47
2026-08-12T04:30:02Z 28768 92 Discharging N/A 4224206 -110473 215 0 0 1024 Unknown 0 47
2026-08-12T04:31:02Z 28829 92 Discharging N/A 4244643 -49896 214 0 0 1024 Unknown 0 47
2026-08-12T04:32:03Z 28889 92 Discharging N/A 4208830 -122833 214 0 0 2064 Unknown 0 47
2026-08-12T04:33:03Z 28949 92 Discharging N/A 4208441 -108795 214 0 0 4144 Unknown 0 47
2026-08-12T04:34:03Z 29010 92 Discharging N/A 4215253 -159149 214 0 0 1024 Unknown 0 47
2026-08-12T04:35:03Z 29070 92 Discharging N/A 4017502 -568695 217 0 0 0 Unknown 0 47
2026-08-12T04:36:04Z 29130 91 Discharging N/A 3788803 -816956 233 0 0 0 Unknown 0 47
2026-08-12T04:37:04Z 29190 90 Discharging N/A 3634067 -1056366 248 0 0 0 Unknown 0 47
2026-08-12T04:38:04Z 29251 89 Discharging N/A 3661121 -838623 262 0 0 0 Unknown 0 47
2026-08-12T04:39:04Z 29311 88 Discharging N/A 3583851 -854492 276 0 0 0 Unknown 0 47
2026-08-12T04:40:05Z 29371 86 Discharging N/A 3552514 -929566 288 0 0 0 Unknown 0 47
2026-08-12T04:41:05Z 29431 84 Discharging N/A 3564776 -944367 299 0 0 1024 Unknown 0 47
2026-08-12T04:42:05Z 29492 82 Discharging N/A 3556796 -1105957 310 0 0 0 Unknown 0 47
2026-08-12T04:43:05Z 29552 80 Discharging N/A 3557380 -917969 319 0 0 0 Unknown 0 47
2026-08-12T04:44:06Z 29612 78 Discharging N/A 3545507 -948029 329 0 0 0 Unknown 0 47
2026-08-12T04:45:06Z 29672 76 Discharging N/A 3571978 -910950 337 0 0 0 Unknown 0 47
2026-08-12T04:46:06Z 29733 75 Discharging N/A 3558742 -881348 345 0 0 0 Unknown 0 47
2026-08-12T04:47:06Z 29793 73 Discharging N/A 3574897 -924683 352 0 0 0 Unknown 0 47
2026-08-12T04:48:07Z 29853 71 Discharging N/A 3575481 -888977 360 0 0 0 Unknown 0 47
2026-08-12T04:49:07Z 29913 70 Discharging N/A 3561467 -968628 366 0 0 0 Unknown 0 47
2026-08-12T04:50:07Z 29974 68 Discharging N/A 3547453 -968323 372 0 0 2064 Unknown 0 47
2026-08-12T04:51:08Z 30034 67 Discharging N/A 3558353 -921173 378 0 0 0 Unknown 0 47
2026-08-12T04:52:08Z 30094 66 Discharging N/A 3545896 -985871 384 0 0 0 Unknown 0 47
2026-08-12T04:53:08Z 30155 64 Discharging N/A 3478747 -860596 389 0 0 0 Unknown 0 47
2026-08-12T04:54:08Z 30215 62 Discharging N/A 3523513 -944061 394 0 0 2064 Unknown 0 47
2026-08-12T04:55:09Z 30275 61 Discharging N/A 3533245 -891113 399 0 0 1024 Unknown 0 47
2026-08-12T04:56:09Z 30335 59 Discharging N/A 3469599 -924683 403 0 0 0 Unknown 0 47
2026-08-12T04:57:09Z 30396 58 Discharging N/A 3515728 -974884 408 0 0 0 Unknown 0 47
2026-08-12T04:58:10Z 30456 57 Discharging N/A 3502298 -985565 411 0 0 0 Unknown 0 47
2026-08-12T04:59:10Z 30516 55 Discharging N/A 3491982 -926209 415 0 0 0 Unknown 0 47
2026-08-12T05:00:10Z 30577 55 Discharging N/A 3513003 -959931 419 0 0 0 Unknown 0 47
2026-08-12T05:01:10Z 30637 53 Discharging N/A 3489841 -954590 423 0 0 0 Unknown 0 47
2026-08-12T05:02:11Z 30697 52 Discharging N/A 3473686 -970459 427 0 0 0 Unknown 0 47
2026-08-12T05:03:11Z 30757 49 Discharging N/A 3465901 -920563 430 0 0 1024 Unknown 0 47
2026-08-12T05:04:11Z 30818 48 Discharging N/A 3477579 -1020050 433 0 0 0 Unknown 0 47
2026-08-12T05:05:11Z 30878 46 Discharging N/A 3474270 -990296 437 0 0 2064 Unknown 0 47
2026-08-12T05:06:12Z 30938 44 Discharging N/A 3475632 -1042328 439 0 0 1024 Unknown 0 47
2026-08-12T05:07:12Z 30998 43 Discharging N/A 3450135 -1049042 443 0 0 2064 Unknown 0 47
2026-08-12T05:08:12Z 31059 42 Discharging N/A 3434175 -907135 445 0 0 1024 Unknown 0 47
2026-08-12T05:09:12Z 31119 40 Discharging N/A 3455779 -984497 448 0 0 0 Unknown 0 47
2026-08-12T05:10:13Z 31179 39 Discharging N/A 3443907 -1002960 450 0 0 1024 Unknown 0 47
2026-08-12T05:11:13Z 31239 37 Discharging N/A 3433980 -1015167 452 0 0 0 Unknown 0 47
2026-08-12T05:12:13Z 31300 36 Discharging N/A 3687981 -227356 446 0 0 4144 Unknown 0 47
2026-08-12T05:13:14Z 31360 36 Discharging N/A 3697908 -416412 435 0 0 2064 Unknown 0 47
2026-08-12T05:14:14Z 31420 36 Discharging N/A 3463370 -1078949 433 0 0 0 Unknown 0 47
2026-08-12T05:15:14Z 31481 35 Discharging N/A 3417436 -1031189 432 0 0 0 Unknown 0 47
2026-08-12T05:16:14Z 31541 33 Discharging N/A 3392133 -942230 435 0 0 0 Unknown 0 47
2026-08-12T05:17:15Z 31601 32 Discharging N/A 3360797 -1086426 438 0 0 0 Unknown 0 47
2026-08-12T05:18:15Z 31661 30 Discharging N/A 3414906 -973511 442 0 0 0 Unknown 0 47
2026-08-12T05:19:15Z 31722 29 Discharging N/A 3448578 -929566 440 0 0 0 Unknown 0 47
2026-08-12T05:20:15Z 31782 27 Discharging N/A 3648859 -215149 433 0 0 3104 Unknown 0 47
2026-08-12T05:21:16Z 31842 27 Discharging N/A 3752406 -153961 412 0 0 3104 Unknown 0 47
2026-08-12T05:22:16Z 31902 27 Discharging N/A 3666571 -640717 394 0 0 4144 Unknown 0 47
2026-08-12T05:23:16Z 31963 27 Discharging N/A 3767588 -269928 383 0 0 5184 Unknown 0 47
2026-08-12T05:24:17Z 32023 27 Charging Fast 4318021 1727601 375 1 2050000 4730448 USB_DCP 0 03
2026-08-12T05:25:17Z 32083 29 Charging Fast 4396071 1500245 389 1 1750000 4780272 USB_DCP 0 03
2026-08-12T05:26:17Z 32144 31 Charging Taper 4412420 1372071 387 1 1650000 4789616 USB_DCP 0 04
2026-08-12T05:27:17Z 32204 34 Charging Taper 4411836 1276551 384 1 1700000 4803104 USB_DCP 0 04
2026-08-12T05:28:18Z 32264 36 Charging Taper 4412420 1210328 382 1 1700000 4820752 USB_DCP 0 04
2026-08-12T05:29:18Z 32324 38 Charging Taper 4412226 1152039 380 1 1700000 4825936 USB_DCP 0 04
2026-08-12T05:30:18Z 32385 41 Charging Taper 4412615 1103363 376 1 1700000 4835280 USB_DCP 0 04
2026-08-12T05:31:19Z 32445 43 Charging Taper 4412420 1056519 372 1 1700000 4838400 USB_DCP 0 04
2026-08-12T05:32:19Z 32505 45 Charging Taper 4412031 1014099 370 1 1700000 4851888 USB_DCP 0 04
2026-08-12T05:33:19Z 32566 47 Charging Taper 4411836 971832 367 1 1700000 4846704 USB_DCP 0 04
2026-08-12T05:34:19Z 32626 48 Charging Taper 4412226 930939 364 1 1700000 4856048 USB_DCP 0 04
2026-08-12T05:35:20Z 32686 50 Charging Taper 4412615 894623 361 1 1700000 4863312 USB_DCP 0 04
2026-08-12T05:36:20Z 32747 52 Charging Taper 4412031 860748 358 1 1700000 4865392 USB_DCP 0 04
2026-08-12T05:37:20Z 32807 54 Charging Taper 4411642 826111 355 1 1700000 4876816 USB_DCP 0 04
2026-08-12T05:38:21Z 32867 56 Charging Taper 4411642 792236 352 1 1700000 4861232 USB_DCP 0 04
2026-08-12T05:39:21Z 32927 58 Charging Taper 4411642 764618 349 1 1700000 4877840 USB_DCP 0 04
2026-08-12T05:40:21Z 32988 60 Charging Taper 4412031 736389 346 1 1700000 4871616 USB_DCP 0 04
2026-08-12T05:41:21Z 33048 60 Charging Taper 4411642 711670 343 1 1700000 4898608 USB_DCP 0 04
2026-08-12T05:42:22Z 33108 62 Charging Taper 4412031 686035 341 1 1700000 4891344 USB_DCP 0 04
2026-08-12T05:43:22Z 33168 64 Charging Taper 4411447 662079 338 1 1700000 4869536 USB_DCP 0 04
2026-08-12T05:44:22Z 33229 65 Charging Taper 4411447 641785 336 1 1700000 4882000 USB_DCP 0 04
2026-08-12T05:45:23Z 33289 67 Charging Taper 4411836 619812 334 1 1700000 4896528 USB_DCP 0 04
2026-08-12T05:46:23Z 33349 68 Charging Taper 4412226 600281 332 1 1700000 4897568 USB_DCP 0 04
2026-08-12T05:47:23Z 33410 70 Charging Taper 4411836 580139 330 1 1700000 4903792 USB_DCP 0 04
2026-08-12T05:48:23Z 33470 71 Charging Taper 4411642 562286 328 1 1700000 4902768 USB_DCP 0 04
2026-08-12T05:49:24Z 33530 72 Charging Taper 4411447 545196 326 1 1700000 4892384 USB_DCP 0 04
2026-08-12T05:50:24Z 33590 74 Charging Taper 4412031 528107 324 1 1700000 4898608 USB_DCP 0 04
2026-08-12T05:51:24Z 33651 75 Charging Taper 4411836 512237 323 1 1700000 4898608 USB_DCP 0 04
2026-08-12T05:52:24Z 33711 76 Charging Taper 4411642 497436 321 1 1700000 4903792 USB_DCP 0 04
2026-08-12T05:53:25Z 33771 77 Charging Taper 4412031 482330 320 1 1700000 4896528 USB_DCP 0 04
2026-08-12T05:54:25Z 33831 78 Charging Taper 4412031 469208 318 1 1700000 4908992 USB_DCP 0 04
2026-08-12T05:55:25Z 33892 79 Charging Taper 4411836 455780 316 1 1700000 4866432 USB_DCP 0 04
2026-08-12T05:56:26Z 33952 80 Charging Taper 4411058 442505 315 1 1700000 4902768 USB_DCP 0 04
2026-08-12T05:57:26Z 34012 81 Charging Taper 4412420 431976 314 1 1700000 4912096 USB_DCP 0 04
2026-08-12T05:58:26Z 34072 82 Charging Taper 4411642 418091 313 1 1700000 4919376 USB_DCP 0 04
2026-08-12T05:59:26Z 34133 82 Charging Taper 4411836 408935 311 1 1700000 4908992 USB_DCP 0 04
2026-08-12T06:00:27Z 34193 82 Charging Taper 4412031 395965 310 1 1700000 4911072 USB_DCP 0 04
2026-08-12T06:01:27Z 34253 83 Charging Taper 4411836 385895 309 1 1700000 4926640 USB_DCP 0 04
2026-08-12T06:02:27Z 34314 84 Charging Taper 4411447 376739 308 1 1700000 4916256 USB_DCP 0 04
2026-08-12T06:03:28Z 34374 85 Charging Taper 4411836 368194 307 1 1700000 4923520 USB_DCP 0 04
2026-08-12T06:04:28Z 34434 85 Charging Taper 4412420 357666 306 1 1700000 4914176 USB_DCP 0 04
2026-08-12T06:05:28Z 34495 86 Charging Taper 4411836 351715 305 1 1700000 4938048 USB_DCP 0 04
2026-08-12T06:06:28Z 34555 87 Charging Taper 4411252 342560 304 1 1700000 4922480 USB_DCP 0 04
2026-08-12T06:07:29Z 34615 87 Charging Taper 4411836 334930 303 1 1700000 4912096 USB_DCP 0 04
2026-08-12T06:08:29Z 34675 88 Charging Taper 4411447 326233 302 1 1700000 4895488 USB_DCP 0 04
2026-08-12T06:09:29Z 34736 88 Charging Taper 4411642 320129 301 1 1700000 4914176 USB_DCP 0 04
2026-08-12T06:10:30Z 34796 89 Charging Taper 4412226 311126 301 1 1700000 4930784 USB_DCP 0 04
2026-08-12T06:11:30Z 34856 89 Charging Taper 4412226 305633 300 1 1700000 4903792 USB_DCP 0 04
2026-08-12T06:12:30Z 34917 90 Charging Taper 4412226 298767 299 1 1700000 4931824 USB_DCP 0 04
2026-08-12T06:13:30Z 34977 90 Charging Taper 4412420 291900 298 1 1700000 4916256 USB_DCP 0 04
2026-08-12T06:14:31Z 35037 91 Charging Taper 4411642 285644 298 1 1700000 4945328 USB_DCP 0 04
2026-08-12T06:15:31Z 35097 91 Charging Taper 4411642 281372 297 1 1700000 4943248 USB_DCP 0 04
2026-08-12T06:16:31Z 35158 91 Charging Taper 4411447 274200 297 1 1700000 4925600 USB_DCP 0 04
2026-08-12T06:17:31Z 35218 91 Charging Taper 4411836 269622 296 1 1700000 4932864 USB_DCP 0 04
2026-08-12T06:18:32Z 35278 92 Charging Taper 4412615 263366 295 1 1700000 4926640 USB_DCP 0 04
2026-08-12T06:19:32Z 35338 92 Charging Taper 4411836 258484 295 1 1700000 4937024 USB_DCP 0 04
2026-08-12T06:20:32Z 35399 93 Charging Taper 4411836 253296 294 1 1700000 4945328 USB_DCP 0 04
2026-08-12T06:21:32Z 35459 93 Charging Taper 4411836 248413 294 1 1700000 4928704 USB_DCP 0 04
2026-08-12T06:22:33Z 35519 93 Charging Taper 4412031 242462 293 1 1700000 4939088 USB_DCP 0 04
2026-08-12T06:23:33Z 35580 94 Charging Taper 4412226 237579 293 1 1700000 4929744 USB_DCP 0 04
2026-08-12T06:24:33Z 35640 94 Charging Taper 4412226 232849 292 1 1700000 4940128 USB_DCP 0 04
2026-08-12T06:25:34Z 35700 94 Charging Taper 4411447 230560 292 1 1700000 4940128 USB_DCP 0 04
2026-08-12T06:26:34Z 35760 94 Charging Taper 4412226 225372 292 1 1700000 4940128 USB_DCP 0 04
2026-08-12T06:27:34Z 35821 95 Charging Taper 4410669 224151 291 1 1700000 4901728 USB_DCP 0 04
2026-08-12T06:28:35Z 35881 95 Charging Taper 4411252 217285 291 1 1700000 4941168 USB_DCP 0 04
2026-08-12T06:29:35Z 35941 95 Charging Taper 4410279 215149 290 1 1700000 4942208 USB_DCP 0 04
2026-08-12T06:30:35Z 36002 95 Charging Taper 4411836 211639 290 1 1700000 4942208 USB_DCP 0 04
2026-08-12T06:31:35Z 36062 96 Charging Taper 4412615 206909 290 1 1700000 4932864 USB_DCP 0 04
2026-08-12T06:32:36Z 36122 96 Charging Taper 4411447 201416 290 1 1700000 4938048 USB_DCP 0 04
2026-08-12T06:33:36Z 36182 96 Charging Taper 4411447 201721 289 1 1700000 4948432 USB_DCP 0 04
2026-08-12T06:34:36Z 36243 96 Charging Taper 4411836 193328 289 1 1700000 4940128 USB_DCP 0 04
2026-08-12T06:35:37Z 36303 96 Charging Taper 4411642 193939 289 1 1700000 4935984 USB_DCP 0 04
2026-08-12T06:36:37Z 36363 97 Charging Taper 4411447 189514 289 1 1700000 4938048 USB_DCP 0 04
2026-08-12T06:37:37Z 36424 97 Charging Taper 4411836 187835 288 1 1700000 4942208 USB_DCP 0 04
2026-08-12T06:38:38Z 36484 97 Charging Taper 4411836 185089 288 1 1700000 4942208 USB_DCP 0 04
2026-08-12T06:39:38Z 36544 97 Charging Taper 4411447 180359 288 1 1700000 4944288 USB_DCP 0 04
2026-08-12T06:40:38Z 36605 97 Charging Taper 4410863 179443 287 1 1700000 4912096 USB_DCP 0 04
2026-08-12T06:41:38Z 36665 97 Charging Taper 4411447 174865 287 1 1700000 4935984 USB_DCP 0 04
2026-08-12T06:42:39Z 36725 98 Charging Taper 4411252 169983 287 1 1700000 4947392 USB_DCP 0 04
2026-08-12T06:43:39Z 36786 98 Charging Taper 4411642 169525 287 1 1700000 4942208 USB_DCP 0 04
2026-08-12T06:44:39Z 36846 98 Charging Taper 4411642 171966 287 1 1700000 4956736 USB_DCP 0 04
2026-08-12T06:45:40Z 36906 98 Charging Taper 4411642 164184 286 1 1700000 4922480 USB_DCP 0 04
2026-08-12T06:46:40Z 36966 98 Charging Taper 4411836 163574 286 1 1700000 4931824 USB_DCP 0 04
2026-08-12T06:47:40Z 37027 98 Charging Taper 4412420 161132 286 1 1700000 4941168 USB_DCP 0 04
2026-08-12T06:48:40Z 37087 99 Charging Taper 4412226 156555 286 1 1700000 4941168 USB_DCP 0 04
2026-08-12T06:49:41Z 37147 99 Charging Taper 4408528 155181 286 1 1700000 4941168 USB_DCP 0 04
2026-08-12T06:50:41Z 37207 99 Charging Taper 4412226 153045 285 1 1700000 4961936 USB_DCP 0 04
2026-08-12T06:51:41Z 37268 99 Charging Taper 4411836 150146 285 1 1700000 4918336 USB_DCP 0 04
2026-08-12T06:52:42Z 37328 99 Charging Taper 4412810 146331 285 1 1700000 4935984 USB_DCP 0 04
2026-08-12T06:53:42Z 37388 99 Charging Taper 4412031 151825 285 1 1700000 4941168 USB_DCP 0 04
2026-08-12T06:54:42Z 37449 99 Charging Taper 4411447 142974 285 1 1700000 4959856 USB_DCP 0 04
2026-08-12T06:55:42Z 37509 99 Charging Taper 4410863 141296 285 1 1700000 4946352 USB_DCP 0 04
2026-08-12T06:56:43Z 37569 99 Charging Taper 4411836 140838 285 1 1700000 4951552 USB_DCP 0 04
2026-08-12T06:57:43Z 37629 99 Charging Taper 4411252 138702 285 1 1700000 4946352 USB_DCP 0 04
2026-08-12T06:58:43Z 37690 99 Charging Taper 4411642 136108 285 1 1700000 4926640 USB_DCP 0 04
2026-08-12T06:59:44Z 37750 99 Charging Taper 4411642 134124 284 1 1700000 4942208 USB_DCP 0 04
2026-08-12T07:00:44Z 37810 99 Charging Taper 4411836 131073 284 1 1700000 4946352 USB_DCP 0 04
2026-08-12T07:01:44Z 37871 99 Charging Taper 4412226 127868 284 1 1700000 4945328 USB_DCP 0 04
2026-08-12T07:02:44Z 37931 99 Charging Taper 4411836 126953 284 1 1700000 4955696 USB_DCP 0 04
2026-08-12T07:03:45Z 37991 99 Charging Taper 4410863 125885 284 1 1700000 4939088 USB_DCP 0 04
2026-08-12T07:04:45Z 38051 99 Charging Taper 4411058 124816 285 1 1700000 4946352 USB_DCP 0 04
2026-08-12T07:05:45Z 38112 99 Charging Taper 4412031 123443 285 1 1700000 4947392 USB_DCP 0 04
2026-08-12T07:06:45Z 38172 99 Charging Taper 4411642 121765 285 1 1700000 4944288 USB_DCP 0 04
2026-08-12T07:07:46Z 38232 100 Charging Taper 4412031 120849 284 1 1700000 4951552 USB_DCP 0 04
2026-08-12T07:08:46Z 38293 100 Charging Taper 4414172 118560 284 1 1700000 4946352 USB_DCP 0 04
2026-08-12T07:09:46Z 38353 100 Charging Taper 4412031 116882 284 1 1700000 4944288 USB_DCP 0 04
2026-08-12T07:10:47Z 38413 100 Charging Taper 4411836 118560 284 1 1700000 4949472 USB_DCP 0 04
2026-08-12T07:11:47Z 38473 100 Charging Taper 4412031 114898 284 1 1700000 4950512 USB_DCP 0 04
2026-08-12T07:12:47Z 38534 100 Charging Taper 4411836 111236 284 1 1700000 4953632 USB_DCP 0 04
2026-08-12T07:13:47Z 38594 100 Charging Taper 4408917 110015 284 1 1700000 4938048 USB_DCP 0 04
2026-08-12T07:14:48Z 38654 100 Charging Taper 4411836 108795 284 1 1700000 4953632 USB_DCP 0 04
2026-08-12T07:15:48Z 38715 100 Charging Taper 4408722 112152 284 1 1700000 4950512 USB_DCP 0 04
2026-08-12T07:16:48Z 38775 100 Charging Taper 4411447 108642 284 1 1700000 4946352 USB_DCP 0 04
2026-08-12T07:17:49Z 38835 100 Charging Taper 4412031 105133 284 1 1700000 4943248 USB_DCP 0 04
2026-08-12T07:18:49Z 38895 100 Charging Taper 4411447 103302 284 1 1700000 4928704 USB_DCP 0 04
2026-08-12T07:19:49Z 38956 100 Charging Taper 4411836 100708 284 1 1700000 4945328 USB_DCP 0 04
2026-08-12T07:20:50Z 39016 100 Charging Taper 4410085 100860 284 1 1700000 4945328 USB_DCP 0 04
2026-08-12T07:21:50Z 39076 100 Charging Taper 4411836 97808 284 1 1700000 4951552 USB_DCP 0 04
2026-08-12T07:22:50Z 39137 100 Full N/A 4373104 0 284 1 1700000 4967120 USB_DCP 1 45
2026-08-12T07:23:50Z 39197 100 Full N/A 4367459 0 284 1 1700000 4967120 USB_DCP 1 45
