# idle-ab Tue Aug 25 17:11:41 CEST 2026 os=pmos window=1800s
# kernel=7.1.3-postmarketos-qcom-msm8953 #77-fp3 SMP PREEMPT Tue Aug 25 07:29:14 UTC 2026
# asking for the panel off, then waiting up to 240s for the hardware to say it is
/tmp/idle-ab.sh: line 167: can't create /sys/class/drm/card0-DSI-1/dpms: Permission denied
# panel: bl_power='4' dpms='Off' brightness='40' waited=0s blanked: /sys/class/graphics/fb0/blank
# on battery: v=4256322
# t_s current_uA voltage_uV
0 -173645 4256322 -
5 -54321 4288242 -
10 -54473 4271309 -
15 -54626 4282403 -
20 -110015 4268389 -
25 -67749 4271504 -
30 -55084 4276175 -
35 -90484 4259241 -
40 -148773 4257684 -
45 -159759 4248731 -
50 -55694 4269363 -
55 -54779 4265664 -
60 -199127 4231603 -
65 -154724 4234912 -
70 -54626 4267805 -
75 -54931 4266443 -
80 -108184 4249315 -
85 -57983 4262745 -
90 -218811 4227516 -
95 -162353 4238026 -
100 -155334 4252235 -
105 -54779 4262161 -
110 -55694 4260215 -
115 -139312 4229267 -
120 -54931 4251651 -
125 -177307 4226348 -
131 -163421 4225959 -
136 -185699 4225375 -
141 -54931 4255933 -
146 -54168 4254570 -
151 -54016 4250288 -
156 -55084 4253013 -
161 -291290 4219730 -
166 -178527 4235301 -
171 -96893 4247563 -
176 -54321 4253402 -
181 -99334 4236858 -
186 -131836 4238221 -
191 -214538 4218757 -
196 -156707 4221093 -
201 -167541 4223428 -
206 -54626 4249120 -
211 -54473 4241335 -
216 -99487 4237053 -
221 -187835 4225764 -
226 -106048 4246979 -
231 -58288 4249899 -
236 -59356 4244254 -
241 -54321 4248147 -
246 -54931 4247369 -
251 -52642 4240751 -
256 -120544 4229073 -
261 -232238 4205716 -
266 -247650 4204938 -
271 -59356 4245033 -
276 -55236 4246006 -
281 -106048 4231603 -
286 -199127 4203381 -
291 -186615 4219536 -
296 -202026 4217200 -
301 -61035 4237831 -
306 -58593 4242113 -
311 -80719 4241140 -
317 -55084 4238221 -
322 -108032 4223234 -
327 -227661 4202213 -
332 -168151 4214670 -
337 -67443 4234912 -
342 -54168 4243865 -
347 -54779 4240751 -
352 -195007 4211750 -
357 -276642 4208830 -
362 -148925 4225959 -
367 -55236 4243281 -
372 -124969 4231992 -
377 -59356 4242113 -
382 -53710 4241724 -
387 -54321 4240556 -
392 -55084 4232187 -
397 -185547 4202602 -
402 -161895 4218368 -
407 -54626 4240556 -
412 -162811 4220509 -
417 -78277 4229851 -
422 -242157 4197542 -
427 -178680 4214086 -
432 -97656 4232771 -
437 -156707 4229851 -
442 -170440 4214475 -
447 -54473 4238610 -
452 -68512 4237831 -
457 -114898 4202991 -
462 -105285 4213502 -
467 -163421 4204938 -
472 -233307 4211555 -
477 -74157 4236469 -
482 -54779 4235690 -
487 -243988 4223818 -
492 -147247 4215837 -
497 -53863 4237831 -
502 -55084 4235496 -
507 -154419 4214280 -
512 -55084 4229267 -
518 -68054 4232187 -
523 -56152 4225569 -
528 -112304 4212918 -
533 -202331 4191897 -
538 -169220 4208247 -
543 -158233 4209414 -
548 -76294 4232965 -
553 -170593 4194817 -
558 -179596 4211166 -
563 -108642 4220314 -
568 -53710 4236080 -
573 -54016 4236469 -
578 -140380 4219146 -
583 -54626 4234523 -
588 -55084 4234523 -
593 -54779 4233549 -
598 -106964 4216032 -
603 -141754 4212139 -
608 -168914 4201045 -
613 -170288 4208830 -
618 -54626 4232965 -
623 -225982 4209025 -
628 -101776 4223234 -
633 -101623 4223428 -
638 -55542 4234328 -
643 -54321 4233939 -
648 -138092 4217589 -
653 -54931 4233160 -
658 -54321 4232576 -
663 -67901 4217200 -
668 -58746 4227905 -
673 -149078 4203575 -
678 -215149 4190924 -
683 -186920 4206884 -
688 -179443 4206884 -
693 -173339 4209609 -
698 -139618 4213307 -
703 -59204 4230435 -
709 -54931 4231603 -
714 -54779 4230630 -
719 -97045 4222650 -
724 -54321 4230435 -
729 -54931 4229851 -
734 -107574 4212139 -
739 -55542 4219536 -
744 -151062 4202407 -
749 -251007 4204743 -
754 -192871 4205911 -
759 -147857 4215059 -
764 -87280 4224401 -
769 -54321 4225180 -
774 -54321 4229073 -
779 -150451 4199877 -
784 -58746 4224401 -
789 -135345 4206495 -
794 -85144 4220509 -
799 -159759 4200461 -
804 -107574 4209220 -
809 -154113 4195790 -
814 -201568 4194622 -
819 -182953 4188978 -
824 -202636 4206495 -
829 -55694 4225959 -
834 -144653 4214670 -
839 -55542 4224012 -
844 -103149 4215254 -
849 -99945 4215254 -
854 -55084 4227516 -
859 -86822 4217589 -
864 -101165 4222844 -
869 -106964 4211945 -
874 -55236 4220703 -
879 -90179 4203186 -
884 -158233 4189561 -
889 -68512 4226737 -
895 -54931 4228294 -
900 -54931 4227905 -
905 -124511 4202991 -
910 -95977 4216227 -
915 -54779 4226542 -
920 -54626 4226542 -
925 -65002 4222455 -
930 -130767 4214475 -
935 -54016 4224985 -
940 -54016 4220119 -
945 -100555 4218368 -
950 -175781 4197931 -
955 -183563 4184306 -
960 -162048 4176521 -
965 -58288 4226153 -
970 -54931 4225375 -
975 -163269 4194427 -
980 -54779 4224791 -
985 -55389 4224791 -
990 -55389 4224985 -
995 -65612 4215643 -
1000 -122985 4209025 -
1005 -53863 4222650 -
1010 -108795 4207079 -
1015 -155181 4203770 -
1020 -154419 4195206 -
1025 -192260 4172823 -
1030 -54473 4226153 -
1035 -81634 4211361 -
1040 -84533 4224401 -
1045 -154724 4198709 -
1050 -55389 4223818 -
1055 -118255 4214280 -
1060 -54016 4223818 -
1065 -55389 4223039 -
1070 -55389 4222455 -
1075 -90332 4215643 -
1080 -145568 4179246 -
1086 -152435 4195401 -
1091 -214843 4184890 -
1096 -97808 4217005 -
1101 -54168 4224012 -
1106 -54626 4223039 -
1111 -100402 4209414 -
1116 -104675 4209998 -
1121 -55084 4223039 -
1126 -54931 4221871 -
1131 -55084 4221482 -
1136 -54321 4221287 -
1141 -54779 4219146 -
1146 -108184 4203381 -
1151 -196533 4189367 -
1156 -107269 4212334 -
1161 -215301 4184890 -
1166 -231781 4186837 -
1171 -95520 4211945 -
1176 -55236 4219146 -
1181 -107269 4206495 -
1186 -133514 4208636 -
1191 -68512 4219341 -
1196 -55084 4219146 -
1201 -54779 4219341 -
1206 -109405 4209609 -
1211 -290680 4172823 -
1216 -169677 4187031 -
1221 -148010 4206300 -
1226 -109558 4208636 -
1231 -55236 4214670 -
1236 -151519 4189172 -
1241 -155792 4194817 -
1246 -92468 4212529 -
1251 -107879 4203965 -
1256 -136566 4205911 -
1261 -55084 4219730 -
1267 -54931 4217200 -
1272 -54779 4213502 -
1277 -93383 4202213 -
1282 -107116 4210971 -
1287 -149231 4195401 -
1292 -54473 4215643 -
1297 -54626 4213696 -
1302 -109405 4202018 -
1307 -196991 4177883 -
1312 -157165 4186058 -
1317 -196685 4181971 -
1322 -107727 4197931 -
1327 -98724 4205911 -
1332 -152282 4189951 -
1337 -55236 4216032 -
1342 -159912 4190340 -
1347 -202942 4183333 -
1352 -258941 4162507 -
1357 -54321 4216032 -
1362 -54779 4216421 -
1367 -54626 4214864 -
1372 -153808 4186253 -
1377 -184936 4179830 -
1382 -180664 4183722 -
1387 -108032 4202018 -
1392 -55084 4217005 -
1397 -85296 4213502 -
1402 -54931 4185669 -
1407 -170135 4189951 -
1412 -63629 4215254 -
1417 -54626 4217200 -
1422 -53863 4211555 -
1427 -97656 4212529 -
1432 -66986 4208247 -
1437 -55389 4208052 -
1443 -156707 4185279 -
1448 -243530 4167178 -
1453 -106659 4206106 -
1458 -68664 4200656 -
1463 -55084 4214670 -
1468 -99792 4202213 -
1473 -245971 4177105 -
1478 -186309 4180413 -
1483 -73547 4212529 -
1488 -55542 4211750 -
1493 -109100 4198515 -
1498 -125122 4204743 -
1503 -54779 4206495 -
1508 -166168 4178467 -
1513 -161895 4180997 -
1518 -154113 4183333 -
1523 -308838 4162312 -
1528 -100097 4203770 -
1533 -57067 4207468 -
1538 -149078 4196763 -
1543 -167846 4187420 -
1548 -72631 4213696 -
1553 -54016 4209220 -
1558 -64086 4208441 -
1563 -55236 4212139 -
1568 -98419 4205911 -
1573 -54473 4206495 -
1578 -190887 4181581 -
1583 -233001 4166010 -
1588 -182647 4187420 -
1593 -226898 4149466 -
1598 -169372 4178078 -
1603 -182037 4185279 -
1608 -54626 4211361 -
1613 -56457 4208052 -
1618 -131073 4202797 -
1624 -54321 4210388 -
1629 -120849 4194817 -
1634 -54931 4210777 -
1639 -209808 4172823 -
1644 -151367 4179440 -
1649 -158538 4180997 -
1654 -176391 4173017 -
1659 -193939 4188588 -
1664 -212249 4174185 -
1669 -230407 4174964 -
1674 -62103 4210388 -
1679 -57373 4211750 -
1684 -72326 4204548 -
1689 -174560 4190535 -
1694 -55389 4209804 -
1699 -54779 4203575 -
1704 -55084 4209025 -
1709 -55084 4207079 -
1714 -96588 4188394 -
1719 -165557 4174574 -
1724 -204467 4183917 -
1729 -55236 4208247 -
1734 -295105 4168151 -
1739 -97656 4209025 -
1744 -55084 4210582 -
1749 -53863 4210971 -
1754 -57525 4210193 -
1759 -143280 4202213 -
1764 -101318 4187226 -
1769 -54473 4201629 -
1774 -55542 4207857 -
1779 -149841 4178272 -
1784 -158538 4178662 -
1789 -231781 4162507 -
1794 -196075 4176131 -
1799 -242614 4171071 -
# WINDOW=1804s v 4256322 -> 4198709
# DONE Tue Aug 25 17:42:06 CEST 2026
# output: /tmp/idle-ab-1787670701.txt
# restored: input=1 status=Charging
