# freq-probe-20260818 start uptime=37337 boot_id=23f43f55-a758-472b-a197-0d0e86d534ae
# charger online=0 batt=Discharging v=4020033 cap=86%
# === P0 baseline ===
# --- phase P0 settling 120s ---
# phase P0 sampling 36 x 20s
P0 37477 -171966 3965340 86 p0cur=1228800 p4cur=633600 p0trans=302633 p4trans=464639 p0tis=[614400 2966935,844800 35477,1036800 19839,1228800 71270,1420800 13626,1612800 24567,1804800 75905,] p4tis=[633600 2820785,844800 12631,1036800 20451,1228800 54687,1420800 46904,1612800 35531,1804800 216633,]
P0 37497 -90637 3987917 86 p0cur=844800 p4cur=633600 p0trans=302895 p4trans=465044 p0tis=[614400 2968823,844800 35495,1036800 19851,1228800 71334,1420800 13641,1612800 24574,1804800 75908,] p4tis=[633600 2822601,844800 12639,1036800 20459,1228800 54716,1420800 46914,1612800 35536,1804800 216762,]
P0 37517 -132598 3956581 86 p0cur=1228800 p4cur=633600 p0trans=303183 p4trans=465461 p0tis=[614400 2970690,844800 35526,1036800 19871,1228800 71399,1420800 13658,1612800 24578,1804800 75909,] p4tis=[633600 2824397,844800 12643,1036800 20465,1228800 54746,1420800 46925,1612800 35544,1804800 216912,]
P0 37537 -84686 3982468 86 p0cur=844800 p4cur=633600 p0trans=303432 p4trans=465908 p0tis=[614400 2972575,844800 35549,1036800 19889,1228800 71462,1420800 13670,1612800 24583,1804800 75909,] p4tis=[633600 2826193,844800 12652,1036800 20472,1228800 54778,1420800 46935,1612800 35549,1804800 217059,]
P0 37557 -125122 3979159 85 p0cur=844800 p4cur=633600 p0trans=303695 p4trans=466323 p0tis=[614400 2974450,844800 35579,1036800 19914,1228800 71512,1420800 13686,1612800 24590,1804800 75911,] p4tis=[633600 2828004,844800 12662,1036800 20488,1228800 54813,1420800 46944,1612800 35551,1804800 217181,]
P0 37577 -145111 3971179 85 p0cur=614400 p4cur=633600 p0trans=303955 p4trans=466767 p0tis=[614400 2976329,844800 35600,1036800 19934,1228800 71574,1420800 13703,1612800 24596,1804800 75912,] p4tis=[633600 2829847,844800 12670,1036800 20501,1228800 54845,1420800 46951,1612800 35555,1804800 217280,]
P0 37597 -122375 3964756 85 p0cur=614400 p4cur=633600 p0trans=304228 p4trans=467173 p0tis=[614400 2978210,844800 35619,1036800 19944,1228800 71643,1420800 13720,1612800 24603,1804800 75915,] p4tis=[633600 2831681,844800 12680,1036800 20513,1228800 54876,1420800 46962,1612800 35559,1804800 217383,]
P0 37617 -290222 3926607 85 p0cur=1036800 p4cur=633600 p0trans=304497 p4trans=467553 p0tis=[614400 2980079,844800 35643,1036800 19961,1228800 71715,1420800 13734,1612800 24610,1804800 75916,] p4tis=[633600 2833544,844800 12689,1036800 20521,1228800 54906,1420800 46971,1612800 35562,1804800 217467,]
P0 37637 -225219 3946265 85 p0cur=844800 p4cur=633600 p0trans=304757 p4trans=467960 p0tis=[614400 2981962,844800 35668,1036800 19982,1228800 71776,1420800 13746,1612800 24614,1804800 75917,] p4tis=[633600 2835342,844800 12695,1036800 20528,1228800 54937,1420800 46981,1612800 35566,1804800 217615,]
P0 37657 -241851 3938090 85 p0cur=844800 p4cur=1420800 p0trans=305055 p4trans=468401 p0tis=[614400 2983806,844800 35714,1036800 20002,1228800 71850,1420800 13760,1612800 24620,1804800 75917,] p4tis=[633600 2837148,844800 12705,1036800 20535,1228800 54975,1420800 46995,1612800 35572,1804800 217740,]
P0 37678 -212249 3941399 85 p0cur=614400 p4cur=633600 p0trans=305260 p4trans=468802 p0tis=[614400 2985705,844800 35735,1036800 20026,1228800 71895,1420800 13771,1612800 24625,1804800 75917,] p4tis=[633600 2838933,844800 12717,1036800 20543,1228800 55007,1420800 47008,1612800 35576,1804800 217891,]
P0 37698 -107269 3968843 85 p0cur=614400 p4cur=1804800 p0trans=305526 p4trans=469208 p0tis=[614400 2987590,844800 35751,1036800 20043,1228800 71955,1420800 13787,1612800 24634,1804800 75919,] p4tis=[633600 2840712,844800 12727,1036800 20549,1228800 55039,1420800 47018,1612800 35579,1804800 218055,]
P0 37718 -103607 3963588 85 p0cur=844800 p4cur=633600 p0trans=305832 p4trans=469623 p0tis=[614400 2989453,844800 35780,1036800 20063,1228800 72021,1420800 13804,1612800 24641,1804800 75922,] p4tis=[633600 2842518,844800 12732,1036800 20554,1228800 55068,1420800 47029,1612800 35585,1804800 218197,]
P0 37738 -86364 3968065 85 p0cur=844800 p4cur=633600 p0trans=306089 p4trans=469988 p0tis=[614400 2991337,844800 35812,1036800 20078,1228800 72077,1420800 13818,1612800 24645,1804800 75922,] p4tis=[633600 2844343,844800 12739,1036800 20562,1228800 55097,1420800 47037,1612800 35590,1804800 218323,]
P0 37758 -144958 3949769 85 p0cur=614400 p4cur=633600 p0trans=306352 p4trans=470404 p0tis=[614400 2993221,844800 35829,1036800 20093,1228800 72140,1420800 13833,1612800 24654,1804800 75923,] p4tis=[633600 2846172,844800 12749,1036800 20573,1228800 55129,1420800 47046,1612800 35592,1804800 218434,]
P0 37778 -212707 3940231 85 p0cur=614400 p4cur=633600 p0trans=306608 p4trans=470831 p0tis=[614400 2995097,844800 35861,1036800 20113,1228800 72207,1420800 13843,1612800 24656,1804800 75923,] p4tis=[633600 2847979,844800 12758,1036800 20579,1228800 55167,1420800 47060,1612800 35598,1804800 218560,]
P0 37798 -86975 3965534 85 p0cur=614400 p4cur=633600 p0trans=306853 p4trans=471234 p0tis=[614400 2996979,844800 35878,1036800 20139,1228800 72269,1420800 13857,1612800 24660,1804800 75924,] p4tis=[633600 2849797,844800 12770,1036800 20588,1228800 55197,1420800 47068,1612800 35603,1804800 218683,]
P0 37818 -85296 3962420 85 p0cur=844800 p4cur=633600 p0trans=307129 p4trans=471661 p0tis=[614400 2998867,844800 35893,1036800 20154,1228800 72329,1420800 13875,1612800 24667,1804800 75926,] p4tis=[633600 2851614,844800 12779,1036800 20595,1228800 55229,1420800 47078,1612800 35608,1804800 218809,]
P0 37838 -253601 3928164 85 p0cur=844800 p4cur=633600 p0trans=307418 p4trans=472095 p0tis=[614400 3000737,844800 35923,1036800 20173,1228800 72390,1420800 13891,1612800 24674,1804800 75928,] p4tis=[633600 2853431,844800 12788,1036800 20606,1228800 55270,1420800 47084,1612800 35609,1804800 218928,]
P0 37858 -133361 3956581 85 p0cur=614400 p4cur=633600 p0trans=307690 p4trans=472535 p0tis=[614400 3002611,844800 35956,1036800 20187,1228800 72451,1420800 13906,1612800 24681,1804800 75929,] p4tis=[633600 2855211,844800 12798,1036800 20615,1228800 55301,1420800 47097,1612800 35615,1804800 219085,]
P0 37878 -87890 3961058 85 p0cur=1228800 p4cur=633600 p0trans=307976 p4trans=472944 p0tis=[614400 3004490,844800 35980,1036800 20202,1228800 72509,1420800 13928,1612800 24688,1804800 75930,] p4tis=[633600 2856994,844800 12808,1036800 20625,1228800 55327,1420800 47108,1612800 35619,1804800 219246,]
P0 37898 -186309 3925828 85 p0cur=614400 p4cur=633600 p0trans=308254 p4trans=473378 p0tis=[614400 3006365,844800 36011,1036800 20213,1228800 72579,1420800 13941,1612800 24693,1804800 75931,] p4tis=[633600 2858824,844800 12817,1036800 20632,1228800 55363,1420800 47118,1612800 35624,1804800 219356,]
P0 37918 -312347 3925634 85 p0cur=844800 p4cur=633600 p0trans=308522 p4trans=473795 p0tis=[614400 3008248,844800 36029,1036800 20230,1228800 72637,1420800 13959,1612800 24701,1804800 75935,] p4tis=[633600 2860608,844800 12834,1036800 20646,1228800 55396,1420800 47131,1612800 35628,1804800 219495,]
P0 37938 -142974 3955997 85 p0cur=614400 p4cur=633600 p0trans=308772 p4trans=474179 p0tis=[614400 3010151,844800 36046,1036800 20244,1228800 72689,1420800 13972,1612800 24706,1804800 75936,] p4tis=[633600 2862427,844800 12841,1036800 20655,1228800 55428,1420800 47142,1612800 35632,1804800 219620,]
P0 37958 -143585 3934587 85 p0cur=844800 p4cur=633600 p0trans=309084 p4trans=474619 p0tis=[614400 3012017,844800 36068,1036800 20259,1228800 72765,1420800 13989,1612800 24713,1804800 75939,] p4tis=[633600 2864190,844800 12853,1036800 20670,1228800 55458,1420800 47153,1612800 35637,1804800 219790,]
P0 37978 -111389 3947433 85 p0cur=614400 p4cur=633600 p0trans=309348 p4trans=475002 p0tis=[614400 3013900,844800 36088,1036800 20272,1228800 72832,1420800 14004,1612800 24719,1804800 75939,] p4tis=[633600 2865997,844800 12858,1036800 20680,1228800 55490,1420800 47163,1612800 35643,1804800 219924,]
P0 37998 -102539 3948406 85 p0cur=1228800 p4cur=1420800 p0trans=309589 p4trans=475439 p0tis=[614400 3015795,844800 36107,1036800 20284,1228800 72889,1420800 14018,1612800 24725,1804800 75940,] p4tis=[633600 2867762,844800 12862,1036800 20696,1228800 55518,1420800 47177,1612800 35646,1804800 220099,]
P0 38018 -141449 3942956 85 p0cur=614400 p4cur=633600 p0trans=309845 p4trans=475870 p0tis=[614400 3017683,844800 36130,1036800 20300,1228800 72946,1420800 14031,1612800 24731,1804800 75943,] p4tis=[633600 2869574,844800 12872,1036800 20705,1228800 55554,1420800 47192,1612800 35649,1804800 220219,]
P0 38038 -285949 3900915 85 p0cur=844800 p4cur=633600 p0trans=310119 p4trans=476272 p0tis=[614400 3019571,844800 36151,1036800 20310,1228800 73004,1420800 14050,1612800 24739,1804800 75945,] p4tis=[633600 2871395,844800 12885,1036800 20716,1228800 55585,1420800 47201,1612800 35653,1804800 220335,]
P0 38059 -168609 3931667 85 p0cur=1420800 p4cur=1420800 p0trans=310378 p4trans=476674 p0tis=[614400 3021454,844800 36171,1036800 20318,1228800 73070,1420800 14066,1612800 24747,1804800 75946,] p4tis=[633600 2873240,844800 12892,1036800 20720,1228800 55614,1420800 47211,1612800 35659,1804800 220436,]
P0 38079 -130157 3934976 85 p0cur=1036800 p4cur=633600 p0trans=310682 p4trans=477114 p0tis=[614400 3023320,844800 36204,1036800 20333,1228800 73135,1420800 14081,1612800 24756,1804800 75948,] p4tis=[633600 2875051,844800 12901,1036800 20728,1228800 55643,1420800 47224,1612800 35661,1804800 220568,]
P0 38099 -196838 3921157 85 p0cur=614400 p4cur=1804800 p0trans=310920 p4trans=477498 p0tis=[614400 3025216,844800 36225,1036800 20341,1228800 73193,1420800 14098,1612800 24760,1804800 75949,] p4tis=[633600 2876889,844800 12921,1036800 20743,1228800 55675,1420800 47233,1612800 35666,1804800 220656,]
P0 38119 -244751 3926996 85 p0cur=844800 p4cur=633600 p0trans=311208 p4trans=477925 p0tis=[614400 3027069,844800 36267,1036800 20366,1228800 73264,1420800 14109,1612800 24764,1804800 75949,] p4tis=[633600 2878677,844800 12927,1036800 20750,1228800 55709,1420800 47242,1612800 35673,1804800 220809,]
P0 38139 -85601 3947238 85 p0cur=614400 p4cur=633600 p0trans=311461 p4trans=478374 p0tis=[614400 3028946,844800 36301,1036800 20379,1228800 73328,1420800 14121,1612800 24768,1804800 75951,] p4tis=[633600 2880454,844800 12938,1036800 20760,1228800 55740,1420800 47249,1612800 35677,1804800 220976,]
P0 38159 -198669 3917264 85 p0cur=614400 p4cur=633600 p0trans=311732 p4trans=478750 p0tis=[614400 3030826,844800 36329,1036800 20391,1228800 73386,1420800 14139,1612800 24776,1804800 75952,] p4tis=[633600 2882300,844800 12945,1036800 20770,1228800 55773,1420800 47256,1612800 35680,1804800 221075,]
P0 38179 -142059 3930305 85 p0cur=614400 p4cur=633600 p0trans=311985 p4trans=479139 p0tis=[614400 3032708,844800 36367,1036800 20398,1228800 73443,1420800 14155,1612800 24781,1804800 75952,] p4tis=[633600 2884105,844800 12949,1036800 20775,1228800 55798,1420800 47266,1612800 35685,1804800 221226,]
# phase P0 done
# === P1 modem stack stopped ===
#   ModemManager -> inactive
#   rmtfs -> inactive
#   tqftpserv -> inactive
# --- phase P1 settling 120s ---
# phase P1 sampling 36 x 20s
P1 38319 -134735 3944903 84 p0cur=614400 p4cur=633600 p0trans=313733 p4trans=481978 p0tis=[614400 3045939,844800 36541,1036800 20485,1228800 73840,1420800 14244,1612800 24816,1804800 75972,] p4tis=[633600 2896674,844800 13026,1036800 20832,1228800 56005,1420800 47331,1612800 35708,1804800 222261,]
P1 38339 -145874 3929916 84 p0cur=614400 p4cur=633600 p0trans=313957 p4trans=482355 p0tis=[614400 3047853,844800 36563,1036800 20492,1228800 73886,1420800 14255,1612800 24819,1804800 75972,] p4tis=[633600 2898487,844800 13033,1036800 20838,1228800 56031,1420800 47338,1612800 35711,1804800 222404,]
P1 38359 -246277 3926801 84 p0cur=1612800 p4cur=1228800 p0trans=314206 p4trans=482767 p0tis=[614400 3049748,844800 36591,1036800 20507,1228800 73933,1420800 14268,1612800 24823,1804800 75974,] p4tis=[633600 2900296,844800 13041,1036800 20845,1228800 56060,1420800 47347,1612800 35715,1804800 222541,]
P1 38379 -88501 3945681 84 p0cur=844800 p4cur=633600 p0trans=314475 p4trans=483195 p0tis=[614400 3051640,844800 36615,1036800 20516,1228800 73995,1420800 14280,1612800 24827,1804800 75975,] p4tis=[633600 2902070,844800 13054,1036800 20851,1228800 56091,1420800 47358,1612800 35718,1804800 222707,]
P1 38399 -93383 3943346 84 p0cur=614400 p4cur=633600 p0trans=314706 p4trans=483560 p0tis=[614400 3053547,844800 36637,1036800 20533,1228800 74040,1420800 14292,1612800 24829,1804800 75975,] p4tis=[633600 2903866,844800 13062,1036800 20857,1228800 56113,1420800 47367,1612800 35722,1804800 222865,]
P1 38419 -181274 3927969 84 p0cur=614400 p4cur=633600 p0trans=314947 p4trans=484000 p0tis=[614400 3055454,844800 36656,1036800 20548,1228800 74092,1420800 14300,1612800 24831,1804800 75976,] p4tis=[633600 2905624,844800 13073,1036800 20862,1228800 56144,1420800 47378,1612800 35726,1804800 223050,]
P1 38439 -151214 3937507 84 p0cur=844800 p4cur=633600 p0trans=315209 p4trans=484400 p0tis=[614400 3057313,844800 36704,1036800 20569,1228800 74154,1420800 14314,1612800 24833,1804800 75976,] p4tis=[633600 2907446,844800 13083,1036800 20873,1228800 56181,1420800 47388,1612800 35731,1804800 223160,]
P1 38459 -88501 3946460 84 p0cur=1228800 p4cur=1228800 p0trans=315447 p4trans=484805 p0tis=[614400 3059207,844800 36728,1036800 20583,1228800 74208,1420800 14327,1612800 24837,1804800 75976,] p4tis=[633600 2909254,844800 13095,1036800 20877,1228800 56207,1420800 47398,1612800 35734,1804800 223301,]
P1 38480 -148315 3929332 84 p0cur=614400 p4cur=633600 p0trans=315690 p4trans=485220 p0tis=[614400 3061109,844800 36744,1036800 20598,1228800 74264,1420800 14339,1612800 24840,1804800 75977,] p4tis=[633600 2911053,844800 13107,1036800 20885,1228800 56239,1420800 47408,1612800 35737,1804800 223442,]
P1 38500 -133819 3937507 84 p0cur=614400 p4cur=633600 p0trans=315957 p4trans=485668 p0tis=[614400 3062989,844800 36772,1036800 20616,1228800 74327,1420800 14351,1612800 24843,1804800 75977,] p4tis=[633600 2912880,844800 13117,1036800 20897,1228800 56272,1420800 47418,1612800 35742,1804800 223549,]
P1 38520 -88958 3944124 84 p0cur=614400 p4cur=633600 p0trans=316219 p4trans=486050 p0tis=[614400 3064876,844800 36794,1036800 20630,1228800 74392,1420800 14365,1612800 24845,1804800 75978,] p4tis=[633600 2914748,844800 13128,1036800 20903,1228800 56294,1420800 47424,1612800 35747,1804800 223636,]
P1 38540 -110321 3935171 84 p0cur=844800 p4cur=1228800 p0trans=316466 p4trans=486443 p0tis=[614400 3066774,844800 36814,1036800 20642,1228800 74453,1420800 14377,1612800 24848,1804800 75978,] p4tis=[633600 2916582,844800 13135,1036800 20907,1228800 56322,1420800 47434,1612800 35750,1804800 223754,]
P1 38560 -153503 3937896 84 p0cur=844800 p4cur=633600 p0trans=316701 p4trans=486887 p0tis=[614400 3068661,844800 36851,1036800 20662,1228800 74502,1420800 14386,1612800 24849,1804800 75978,] p4tis=[633600 2918364,844800 13145,1036800 20913,1228800 56354,1420800 47446,1612800 35755,1804800 223912,]
P1 38580 -197754 3922325 84 p0cur=844800 p4cur=633600 p0trans=316958 p4trans=487251 p0tis=[614400 3070538,844800 36903,1036800 20683,1228800 74546,1420800 14392,1612800 24851,1804800 75980,] p4tis=[633600 2920227,844800 13153,1036800 20916,1228800 56378,1420800 47455,1612800 35758,1804800 224007,]
P1 38600 -93231 3943540 84 p0cur=614400 p4cur=633600 p0trans=317149 p4trans=487671 p0tis=[614400 3072451,844800 36923,1036800 20694,1228800 74594,1420800 14401,1612800 24854,1804800 75980,] p4tis=[633600 2922039,844800 13165,1036800 20922,1228800 56411,1420800 47464,1612800 35761,1804800 224134,]
P1 38620 -124206 3942178 84 p0cur=844800 p4cur=633600 p0trans=317427 p4trans=488107 p0tis=[614400 3074322,844800 36962,1036800 20705,1228800 74661,1420800 14413,1612800 24858,1804800 75982,] p4tis=[633600 2923806,844800 13171,1036800 20928,1228800 56442,1420800 47475,1612800 35767,1804800 224313,]
P1 38640 -93689 3943540 84 p0cur=614400 p4cur=633600 p0trans=317670 p4trans=488485 p0tis=[614400 3076226,844800 36982,1036800 20722,1228800 74712,1420800 14422,1612800 24859,1804800 75982,] p4tis=[633600 2925635,844800 13175,1036800 20930,1228800 56465,1420800 47486,1612800 35771,1804800 224444,]
P1 38660 -185394 3939648 84 p0cur=614400 p4cur=633600 p0trans=317903 p4trans=488884 p0tis=[614400 3078125,844800 37008,1036800 20733,1228800 74765,1420800 14436,1612800 24861,1804800 75982,] p4tis=[633600 2927455,844800 13191,1036800 20937,1228800 56491,1420800 47494,1612800 35776,1804800 224566,]
P1 38680 -281830 3922325 84 p0cur=614400 p4cur=633600 p0trans=318177 p4trans=489332 p0tis=[614400 3080002,844800 37036,1036800 20752,1228800 74829,1420800 14449,1612800 24865,1804800 75983,] p4tis=[633600 2929258,844800 13208,1036800 20945,1228800 56524,1420800 47505,1612800 35780,1804800 224695,]
P1 38700 -90637 3940037 84 p0cur=614400 p4cur=633600 p0trans=318419 p4trans=489709 p0tis=[614400 3081899,844800 37061,1036800 20762,1228800 74884,1420800 14462,1612800 24868,1804800 75983,] p4tis=[633600 2931092,844800 13214,1036800 20948,1228800 56553,1420800 47516,1612800 35784,1804800 224811,]
P1 38720 -270843 3905002 84 p0cur=844800 p4cur=633600 p0trans=318667 p4trans=490089 p0tis=[614400 3083792,844800 37081,1036800 20781,1228800 74936,1420800 14480,1612800 24869,1804800 75985,] p4tis=[633600 2932903,844800 13220,1036800 20954,1228800 56581,1420800 47522,1612800 35787,1804800 224958,]
P1 38740 -88653 3941010 84 p0cur=614400 p4cur=633600 p0trans=318935 p4trans=490493 p0tis=[614400 3085670,844800 37124,1036800 20803,1228800 74985,1420800 14487,1612800 24872,1804800 75986,] p4tis=[633600 2934739,844800 13225,1036800 20957,1228800 56610,1420800 47531,1612800 35791,1804800 225076,]
P1 38760 -90789 3940426 84 p0cur=614400 p4cur=633600 p0trans=319162 p4trans=490862 p0tis=[614400 3087569,844800 37163,1036800 20823,1228800 75028,1420800 14491,1612800 24873,1804800 75986,] p4tis=[633600 2936591,844800 13237,1036800 20963,1228800 56635,1420800 47542,1612800 35796,1804800 225168,]
P1 38780 -190887 3926996 84 p0cur=614400 p4cur=633600 p0trans=319396 p4trans=491272 p0tis=[614400 3089464,844800 37190,1036800 20830,1228800 75083,1420800 14503,1612800 24878,1804800 75988,] p4tis=[633600 2938392,844800 13248,1036800 20969,1228800 56671,1420800 47552,1612800 35799,1804800 225306,]
P1 38800 -92315 3935755 84 p0cur=844800 p4cur=633600 p0trans=319681 p4trans=491706 p0tis=[614400 3091333,844800 37224,1036800 20847,1228800 75147,1420800 14517,1612800 24882,1804800 75991,] p4tis=[633600 2940180,844800 13257,1036800 20976,1228800 56704,1420800 47561,1612800 35802,1804800 225461,]
P1 38820 -146637 3911620 84 p0cur=1228800 p4cur=633600 p0trans=319897 p4trans=492089 p0tis=[614400 3093243,844800 37241,1036800 20861,1228800 75200,1420800 14526,1612800 24884,1804800 75991,] p4tis=[633600 2942003,844800 13262,1036800 20981,1228800 56734,1420800 47570,1612800 35807,1804800 225589,]
P1 38840 -95062 3936339 84 p0cur=1228800 p4cur=633600 p0trans=320152 p4trans=492463 p0tis=[614400 3095141,844800 37267,1036800 20868,1228800 75257,1420800 14539,1612800 24886,1804800 75991,] p4tis=[633600 2943863,844800 13264,1036800 20986,1228800 56759,1420800 47578,1612800 35810,1804800 225690,]
P1 38860 -115814 3934392 84 p0cur=614400 p4cur=633600 p0trans=320381 p4trans=492880 p0tis=[614400 3097045,844800 37287,1036800 20883,1228800 75311,1420800 14549,1612800 24888,1804800 75992,] p4tis=[633600 2945687,844800 13271,1036800 20993,1228800 56789,1420800 47588,1612800 35813,1804800 225814,]
P1 38880 -124664 3926996 84 p0cur=1228800 p4cur=1228800 p0trans=320615 p4trans=493285 p0tis=[614400 3098954,844800 37302,1036800 20895,1228800 75361,1420800 14561,1612800 24891,1804800 75994,] p4tis=[633600 2947506,844800 13283,1036800 21004,1228800 56820,1420800 47597,1612800 35816,1804800 225931,]
P1 38900 -88806 3937896 84 p0cur=614400 p4cur=633600 p0trans=320831 p4trans=493667 p0tis=[614400 3100864,844800 37321,1036800 20906,1228800 75414,1420800 14569,1612800 24893,1804800 75994,] p4tis=[633600 2949318,844800 13294,1036800 21009,1228800 56848,1420800 47607,1612800 35820,1804800 226066,]
P1 38920 -96893 3935171 84 p0cur=844800 p4cur=633600 p0trans=321098 p4trans=494093 p0tis=[614400 3102757,844800 37353,1036800 20920,1228800 75469,1420800 14576,1612800 24896,1804800 75995,] p4tis=[633600 2951105,844800 13304,1036800 21016,1228800 56884,1420800 47617,1612800 35823,1804800 226218,]
P1 38941 -96893 3935755 84 p0cur=614400 p4cur=633600 p0trans=321321 p4trans=494488 p0tis=[614400 3104661,844800 37371,1036800 20935,1228800 75519,1420800 14588,1612800 24901,1804800 75997,] p4tis=[633600 2952887,844800 13312,1036800 21023,1228800 56907,1420800 47624,1612800 35825,1804800 226392,]
P1 38961 -170745 3920962 84 p0cur=844800 p4cur=633600 p0trans=321564 p4trans=494909 p0tis=[614400 3106563,844800 37397,1036800 20948,1228800 75567,1420800 14600,1612800 24904,1804800 75997,] p4tis=[633600 2954701,844800 13328,1036800 21032,1228800 56937,1420800 47630,1612800 35828,1804800 226519,]
P1 38981 -157470 3928553 84 p0cur=844800 p4cur=633600 p0trans=321827 p4trans=495339 p0tis=[614400 3108458,844800 37411,1036800 20962,1228800 75628,1420800 14614,1612800 24907,1804800 75999,] p4tis=[633600 2956497,844800 13336,1036800 21038,1228800 56964,1420800 47644,1612800 35831,1804800 226670,]
P1 39001 -93383 3933614 84 p0cur=614400 p4cur=633600 p0trans=322045 p4trans=495714 p0tis=[614400 3110369,844800 37432,1036800 20975,1228800 75677,1420800 14623,1612800 24908,1804800 76000,] p4tis=[633600 2958307,844800 13345,1036800 21044,1228800 56989,1420800 47654,1612800 35835,1804800 226811,]
P1 39021 -89874 3931667 84 p0cur=1036800 p4cur=633600 p0trans=322314 p4trans=496099 p0tis=[614400 3112260,844800 37455,1036800 20988,1228800 75737,1420800 14637,1612800 24912,1804800 76000,] p4tis=[633600 2960128,844800 13351,1036800 21049,1228800 57016,1420800 47667,1612800 35838,1804800 226940,]
# phase P1 done
# === P2 restored - the control ===
#   ModemManager -> active
#   rmtfs -> active
#   tqftpserv -> active
# --- phase P2 settling 120s ---
# phase P2 sampling 36 x 20s
P2 39185 -98724 3924660 83 p0cur=844800 p4cur=633600 p0trans=324562 p4trans=499725 p0tis=[614400 3127528,844800 37687,1036800 21120,1228800 76279,1420800 14775,1612800 24972,1804800 76021,] p4tis=[633600 2974759,844800 13478,1036800 21141,1228800 57314,1420800 47768,1612800 35880,1804800 228042,]
P2 39205 -141906 3922909 83 p0cur=844800 p4cur=633600 p0trans=324783 p4trans=500123 p0tis=[614400 3129431,844800 37707,1036800 21137,1228800 76332,1420800 14783,1612800 24976,1804800 76022,] p4tis=[633600 2976580,844800 13485,1036800 21149,1228800 57341,1420800 47776,1612800 35884,1804800 228173,]
P2 39225 -161438 3903640 83 p0cur=614400 p4cur=1228800 p0trans=325082 p4trans=500568 p0tis=[614400 3131287,844800 37734,1036800 21156,1228800 76407,1420800 14801,1612800 24984,1804800 76023,] p4tis=[633600 2978388,844800 13490,1036800 21156,1228800 57373,1420800 47787,1612800 35887,1804800 228311,]
P2 39245 -93536 3925439 83 p0cur=1228800 p4cur=633600 p0trans=325377 p4trans=500983 p0tis=[614400 3133138,844800 37762,1036800 21183,1228800 76480,1420800 14814,1612800 24991,1804800 76029,] p4tis=[633600 2980196,844800 13501,1036800 21165,1228800 57406,1420800 47798,1612800 35893,1804800 228439,]
P2 39265 -88806 3919405 83 p0cur=844800 p4cur=633600 p0trans=325603 p4trans=501356 p0tis=[614400 3135035,844800 37780,1036800 21196,1228800 76534,1420800 14829,1612800 24996,1804800 76035,] p4tis=[633600 2982011,844800 13505,1036800 21180,1228800 57436,1420800 47805,1612800 35896,1804800 228570,]
P2 39285 -102691 3923687 83 p0cur=844800 p4cur=633600 p0trans=325895 p4trans=501826 p0tis=[614400 3136910,844800 37810,1036800 21212,1228800 76595,1420800 14845,1612800 25003,1804800 76035,] p4tis=[633600 2983766,844800 13515,1036800 21193,1228800 57470,1420800 47814,1612800 35898,1804800 228752,]
P2 39305 -196075 3897995 83 p0cur=614400 p4cur=633600 p0trans=326172 p4trans=502205 p0tis=[614400 3138786,844800 37847,1036800 21222,1228800 76656,1420800 14857,1612800 25009,1804800 76036,] p4tis=[633600 2985630,844800 13522,1036800 21208,1228800 57500,1420800 47824,1612800 35903,1804800 228826,]
P2 39325 -153198 3912398 83 p0cur=614400 p4cur=633600 p0trans=326427 p4trans=502600 p0tis=[614400 3140683,844800 37866,1036800 21243,1228800 76704,1420800 14869,1612800 25014,1804800 76041,] p4tis=[633600 2987448,844800 13531,1036800 21220,1228800 57533,1420800 47833,1612800 35906,1804800 228948,]
P2 39345 -262909 3885149 83 p0cur=844800 p4cur=633600 p0trans=326691 p4trans=503028 p0tis=[614400 3142578,844800 37885,1036800 21247,1228800 76766,1420800 14886,1612800 25020,1804800 76042,] p4tis=[633600 2989211,844800 13538,1036800 21230,1228800 57567,1420800 47841,1612800 35909,1804800 229130,]
P2 39365 -116729 3917654 83 p0cur=614400 p4cur=633600 p0trans=326968 p4trans=503455 p0tis=[614400 3144437,844800 37924,1036800 21265,1228800 76829,1420800 14904,1612800 25029,1804800 76042,] p4tis=[633600 2990968,844800 13547,1036800 21239,1228800 57602,1420800 47853,1612800 35914,1804800 229306,]
P2 39385 -211944 3887874 83 p0cur=614400 p4cur=1804800 p0trans=327189 p4trans=503869 p0tis=[614400 3146330,844800 37950,1036800 21285,1228800 76883,1420800 14914,1612800 25031,1804800 76043,] p4tis=[633600 2992769,844800 13552,1036800 21248,1228800 57628,1420800 47866,1612800 35919,1804800 229455,]
P2 39405 -228271 3896633 83 p0cur=844800 p4cur=633600 p0trans=327441 p4trans=504283 p0tis=[614400 3148213,844800 37968,1036800 21307,1228800 76945,1420800 14926,1612800 25036,1804800 76044,] p4tis=[633600 2994601,844800 13562,1036800 21255,1228800 57660,1420800 47877,1612800 35922,1804800 229564,]
P2 39425 -217437 3888847 83 p0cur=1228800 p4cur=844800 p0trans=327711 p4trans=504684 p0tis=[614400 3150096,844800 38002,1036800 21326,1228800 76999,1420800 14936,1612800 25039,1804800 76046,] p4tis=[633600 2996438,844800 13572,1036800 21260,1228800 57690,1420800 47884,1612800 35925,1804800 229675,]
P2 39445 -88501 3916291 83 p0cur=844800 p4cur=633600 p0trans=327970 p4trans=505120 p0tis=[614400 3151967,844800 38040,1036800 21344,1228800 77061,1420800 14950,1612800 25043,1804800 76046,] p4tis=[633600 2998223,844800 13582,1036800 21271,1228800 57721,1420800 47899,1612800 35930,1804800 229824,]
P2 39465 -86364 3917264 83 p0cur=844800 p4cur=633600 p0trans=328259 p4trans=505570 p0tis=[614400 3153842,844800 38061,1036800 21359,1228800 77129,1420800 14967,1612800 25050,1804800 76048,] p4tis=[633600 3000035,844800 13585,1036800 21280,1228800 57754,1420800 47911,1612800 35934,1804800 229957,]
P2 39485 -93078 3910647 83 p0cur=614400 p4cur=633600 p0trans=328522 p4trans=505972 p0tis=[614400 3155716,844800 38090,1036800 21372,1228800 77191,1420800 14981,1612800 25056,1804800 76052,] p4tis=[633600 3001843,844800 13592,1036800 21290,1228800 57785,1420800 47917,1612800 35937,1804800 230095,]
P2 39505 -220337 3897022 83 p0cur=1036800 p4cur=633600 p0trans=328795 p4trans=506358 p0tis=[614400 3157595,844800 38115,1036800 21397,1228800 77248,1420800 14995,1612800 25061,1804800 76053,] p4tis=[633600 3003645,844800 13600,1036800 21295,1228800 57812,1420800 47927,1612800 35944,1804800 230240,]
P2 39525 -178985 3888263 83 p0cur=614400 p4cur=633600 p0trans=329071 p4trans=506806 p0tis=[614400 3159476,844800 38144,1036800 21410,1228800 77311,1420800 15008,1612800 25066,1804800 76054,] p4tis=[633600 3005383,844800 13610,1036800 21308,1228800 57846,1420800 47935,1612800 35950,1804800 230439,]
P2 39546 -225219 3885149 83 p0cur=844800 p4cur=633600 p0trans=329335 p4trans=507215 p0tis=[614400 3161357,844800 38174,1036800 21428,1228800 77369,1420800 15022,1612800 25071,1804800 76055,] p4tis=[633600 3007176,844800 13622,1036800 21317,1228800 57880,1420800 47943,1612800 35952,1804800 230586,]
P2 39566 -86517 3904224 83 p0cur=614400 p4cur=633600 p0trans=329585 p4trans=507610 p0tis=[614400 3163254,844800 38189,1036800 21441,1228800 77426,1420800 15036,1612800 25078,1804800 76056,] p4tis=[633600 3008988,844800 13637,1036800 21328,1228800 57913,1420800 47956,1612800 35957,1804800 230703,]
P2 39586 -89569 3911814 83 p0cur=844800 p4cur=633600 p0trans=329868 p4trans=508044 p0tis=[614400 3165129,844800 38215,1036800 21464,1228800 77487,1420800 15049,1612800 25085,1804800 76057,] p4tis=[633600 3010822,844800 13643,1036800 21336,1228800 57944,1420800 47966,1612800 35960,1804800 230817,]
P2 39606 -99334 3910063 83 p0cur=1228800 p4cur=633600 p0trans=330107 p4trans=508445 p0tis=[614400 3167012,844800 38241,1036800 21486,1228800 77547,1420800 15061,1612800 25088,1804800 76057,] p4tis=[633600 3012617,844800 13650,1036800 21344,1228800 57973,1420800 47975,1612800 35962,1804800 230971,]
P2 39626 -166015 3890988 83 p0cur=614400 p4cur=633600 p0trans=330369 p4trans=508852 p0tis=[614400 3168903,844800 38268,1036800 21500,1228800 77600,1420800 15076,1612800 25092,1804800 76058,] p4tis=[633600 3014428,844800 13661,1036800 21355,1228800 58008,1420800 47986,1612800 35970,1804800 231089,]
P2 39646 -205230 3879505 83 p0cur=614400 p4cur=633600 p0trans=330644 p4trans=509275 p0tis=[614400 3170778,844800 38291,1036800 21520,1228800 77663,1420800 15091,1612800 25097,1804800 76062,] p4tis=[633600 3016223,844800 13670,1036800 21369,1228800 58043,1420800 47990,1612800 35973,1804800 231235,]
P2 39666 -235138 3853423 83 p0cur=1228800 p4cur=633600 p0trans=330931 p4trans=509675 p0tis=[614400 3172660,844800 38315,1036800 21533,1228800 77722,1420800 15109,1612800 25104,1804800 76064,] p4tis=[633600 3018029,844800 13676,1036800 21374,1228800 58064,1420800 47997,1612800 35977,1804800 231391,]
P2 39686 -94451 3905391 83 p0cur=614400 p4cur=633600 p0trans=331185 p4trans=510098 p0tis=[614400 3174545,844800 38333,1036800 21548,1228800 77784,1420800 15126,1612800 25112,1804800 76066,] p4tis=[633600 3019850,844800 13685,1036800 21387,1228800 58099,1420800 48006,1612800 35980,1804800 231506,]
P2 39706 -91857 3912982 83 p0cur=844800 p4cur=633600 p0trans=331468 p4trans=510544 p0tis=[614400 3176393,844800 38369,1036800 21569,1228800 77863,1420800 15141,1612800 25117,1804800 76068,] p4tis=[633600 3021667,844800 13696,1036800 21400,1228800 58135,1420800 48021,1612800 35984,1804800 231616,]
P2 39726 -166626 3888458 83 p0cur=1228800 p4cur=633600 p0trans=331739 p4trans=510952 p0tis=[614400 3178287,844800 38391,1036800 21583,1228800 77917,1420800 15154,1612800 25123,1804800 76069,] p4tis=[633600 3023504,844800 13704,1036800 21411,1228800 58167,1420800 48029,1612800 35989,1804800 231720,]
P2 39746 -131530 3905197 83 p0cur=1420800 p4cur=1228800 p0trans=331971 p4trans=511404 p0tis=[614400 3180180,844800 38410,1036800 21599,1228800 77975,1420800 15166,1612800 25127,1804800 76071,] p4tis=[633600 3025262,844800 13719,1036800 21424,1228800 58199,1420800 48044,1612800 35998,1804800 231882,]
P2 39766 -127410 3902472 83 p0cur=614400 p4cur=1228800 p0trans=332261 p4trans=511850 p0tis=[614400 3182035,844800 38444,1036800 21618,1228800 78051,1420800 15181,1612800 25131,1804800 76072,] p4tis=[633600 3027050,844800 13727,1036800 21431,1228800 58232,1420800 48057,1612800 36003,1804800 232032,]
P2 39786 -149078 3892740 83 p0cur=844800 p4cur=633600 p0trans=332515 p4trans=512258 p0tis=[614400 3183908,844800 38473,1036800 21631,1228800 78114,1420800 15197,1612800 25140,1804800 76074,] p4tis=[633600 3028866,844800 13738,1036800 21442,1228800 58266,1420800 48063,1612800 36003,1804800 232160,]
P2 39806 -208587 3886512 83 p0cur=614400 p4cur=1612800 p0trans=332745 p4trans=512649 p0tis=[614400 3185796,844800 38505,1036800 21649,1228800 78165,1420800 15208,1612800 25144,1804800 76076,] p4tis=[633600 3030655,844800 13742,1036800 21451,1228800 58296,1420800 48071,1612800 36007,1804800 232321,]
P2 39826 -98114 3911036 83 p0cur=844800 p4cur=633600 p0trans=333036 p4trans=513124 p0tis=[614400 3187659,844800 38532,1036800 21671,1228800 78234,1420800 15223,1612800 25152,1804800 76077,] p4tis=[633600 3032425,844800 13748,1036800 21457,1228800 58335,1420800 48083,1612800 36011,1804800 232490,]
P2 39846 -124359 3903056 83 p0cur=1036800 p4cur=633600 p0trans=333348 p4trans=513516 p0tis=[614400 3189530,844800 38554,1036800 21692,1228800 78297,1420800 15240,1612800 25162,1804800 76077,] p4tis=[633600 3034266,844800 13752,1036800 21462,1228800 58364,1420800 48092,1612800 36016,1804800 232600,]
P2 39866 -168304 3881646 83 p0cur=1228800 p4cur=633600 p0trans=333609 p4trans=513925 p0tis=[614400 3191396,844800 38586,1036800 21711,1228800 78360,1420800 15259,1612800 25169,1804800 76078,] p4tis=[633600 3036112,844800 13760,1036800 21475,1228800 58391,1420800 48099,1612800 36018,1804800 232703,]
P2 39886 -177612 3884371 83 p0cur=614400 p4cur=633600 p0trans=333890 p4trans=514346 p0tis=[614400 3193275,844800 38621,1036800 21718,1228800 78426,1420800 15270,1612800 25175,1804800 76079,] p4tis=[633600 3037903,844800 13768,1036800 21483,1228800 58430,1420800 48109,1612800 36022,1804800 232848,]
# phase P2 done
# charger restored online=1
# DONE
