37150 -183868 3998817
37180 -325775 3964950
37210 -56304 4021200
37240 -87585 4012831
37270 -56610 4022368
37300 -153808 4004656
37330 -138702 3994535
37360 -56457 4020811
37390 -120239 4003099
37420 -56915 4019059
37450 -85449 4018281
37481 -102691 4009522
37511 -190887 3993757
37541 -207214 3988891
37571 -73394 4016724
37601 -206146 3994341
37631 -139312 3997455
37661 -81939 4007965
37691 -173492 4005629
37721 -80719 4009717
37751 -60424 4010690
37781 -133209 3993951
37811 -128784 3994146
37841 -133056 3989280
37871 -152435 3984609
37901 -103149 4002321
37931 -161285 3987139
37961 -72631 4007965
37991 -239563 3981884
38021 -83618 4003878
38051 -81939 4005240
38981 -246582 3946265
40810 -377960 3874249
41740 -289001 3911425
42670 -167083 3920184
44499 -255737 3882814
45429 -291900 3859652
45459 -165557 3885733
45489 -290222 3851866
45519 -362549 3824617
45549 -164947 3874055
45579 -338745 3831040
45609 -166015 3871719
45639 -161743 3855175
45669 -211792 3861987
45699 -162811 3854591
45729 -281982 3835322
45759 -245819 3843886
45789 -385589 3821697
45819 -295562 3830067
45849 -372925 3823060
45879 -164489 3858679
45909 -213012 3837852
45939 -174865 3853813
45969 -222168 3845249
45999 -226898 3839799
46029 -195007 3850114
46059 -209808 3846027
46089 -186309 3853618
46119 -172119 3852256
46149 -177765 3848947
46179 -162811 3849336
46209 -210724 3834933
46239 -347442 3798925
46269 -219421 3837268
46299 -173339 3843497
46329 -187530 3840967
46359 -271148 3830262
46390 -212249 3844665
46420 -183105 3833376
46450 -168151 3838436
46480 -219268 3829483
46510 -336456 3806516
46540 -179443 3835127
46570 -313568 3803986
46600 -317383 3811576
46630 -335388 3799898
46660 -220184 3829872
46690 -355224 3794254
46720 -214843 3820724
46750 -173034 3833181
46780 -190887 3835127
46810 -221557 3821114
46840 -163879 3833376
46870 -200500 3827147
46900 -361786 3799898
46930 -275573 3811187
46960 -283050 3796979
46990 -341186 3789972
47020 -189514 3823449
47050 -183258 3823449
47080 -218200 3825006
47110 -191192 3821308
47140 -193176 3822865
47170 -248260 3809825
47200 -173645 3817805
47230 -370178 3774790
47260 -193939 3817610
47290 -330658 3780629
47320 -182800 3812744
47350 -164184 3817415
47380 -247192 3807684
47410 -278320 3786663
47440 -174713 3814691
47470 -297088 3784327
47500 -247650 3796200
47530 -163726 3811382
47560 -195770 3811966
47590 -171203 3808851
47620 -362701 3772844
47650 -262298 3798536
47680 -337524 3769340
47710 -320892 3781408
47740 -193634 3806516
47770 -218353 3794643
47800 -337829 3781018
47830 -165557 3807294
47860 -164032 3806905
47890 -350647 3763306
47920 -167999 3801066
47951 -272979 3776542
47981 -186157 3795227
48011 -324707 3770119
48041 -172729 3803207
48071 -176086 3796395
48101 -268860 3781213
48131 -227508 3787052
48161 -185089 3792307
48191 -313415 3759219
48221 -275726 3775374
48251 -221252 3789972
48281 -325165 3765837
48311 -384521 3748903
48341 -330505 3759414
48371 -168151 3789388
48401 -356292 3754158
48431 -183715 3777710
48461 -305633 3760192
48491 -175628 3791723
48521 -287628 3758440
48551 -221557 3768756
48581 -279541 3775569
48611 -219268 3776347
48641 -294037 3760387
48671 -326690 3750460
48701 -176544 3780240
48731 -332641 3743843
48761 -169372 3780824
48791 -191650 3781602
48821 -219421 3767978
48851 -443573 3743259
48881 -217285 3765642
48911 -190124 3777515
48941 -192566 3780434
48971 -323486 3747346
49001 -320129 3747735
49031 -190429 3773428
49061 -366974 3723406
49091 -308227 3756299
49121 -301819 3745984
49151 -253143 3757857
49181 -272522 3736057
49211 -183258 3771287
49241 -290374 3742675
49271 -204620 3768562
49301 -227813 3755910
49331 -210876 3764085
49361 -168609 3771870
49391 -296325 3742675
49421 -347442 3731970
49451 -217132 3760387
49481 -164642 3768562
49511 -301819 3721459
49542 -279083 3741312
49572 -290374 3736252
49602 -307312 3730023
49632 -169372 3762722
49662 -165863 3762917
49692 -234375 3745205
49722 -328369 3724184
49752 -165252 3760581
49782 -272522 3739950
49812 -215454 3749487
49842 -441894 3721654
49872 -214080 3752796
49902 -353546 3716788
49932 -182800 3759608
49962 -165863 3753185
49992 -164795 3754548
50022 -354767 3710170
50052 -332947 3724574
50082 -179138 3749098
50112 -180816 3743259
50142 -297546 3733527
50172 -174102 3744232
50202 -168609 3750266
50232 -174102 3746568
50262 -243225 3723600
50292 -166168 3746568
50322 -320129 3710560
50352 -166931 3749293
50382 -353393 3714258
50412 -276947 3715620
50442 -294342 3717177
50472 -415802 3698882
50502 -218048 3731775
50532 -185699 3745594
50562 -206298 3738977
50592 -171051 3737225
50622 -216980 3729440
50652 -168457 3739561
50682 -165710 3742675
50712 -455932 3676498
50742 -169220 3740339
50772 -243072 3731970
50802 -251922 3714063
50832 -165405 3737614
50862 -375824 3688177
50892 -214233 3728661
50922 -209350 3720486
50952 -217437 3722238
50982 -330810 3695767
51012 -317230 3705305
51043 -337982 3701023
51073 -170440 3727493
51103 -263977 3725936
51133 -174560 3717956
51163 -193176 3713090
51193 -236206 3716399
51223 -321655 3711922
51253 -313263 3685257
51283 -255127 3710365
51313 -403900 3684868
51343 -171814 3721459
51373 -275879 3698882
51403 -168762 3726909
51433 -261993 3693432
51463 -175781 3720097
51493 -164947 3721849
51523 -168457 3725741
51553 -170288 3718735
51583 -263519 3707251
51613 -174713 3716399
51643 -335235 3680002
51673 -371551 3658592
51703 -294037 3691680
51733 -237884 3706278
51763 -191040 3714453
51793 -193328 3717372
51823 -170898 3717761
51853 -296173 3685841
51883 -205230 3713869
51913 -288238 3691680
51943 -165863 3716399
51973 -257263 3687009
52003 -182495 3714842
52033 -198669 3707835
52063 -289306 3689150
52093 -177917 3707640
52123 -166778 3711338
52153 -329284 3676498
52183 -292816 3685646
52213 -170288 3713869
52243 -249633 3689150
52273 -165863 3709197
52303 -256042 3688955
52333 -170593 3708224
52363 -355377 3661317
52393 -225219 3695573
52423 -168151 3708613
52453 -282592 3665988
52483 -217590 3691875
52513 -257110 3679612
52543 -270080 3683700
52573 -252685 3684868
52604 -278778 3681559
52634 -169067 3702969
52664 -207977 3693821
52694 -242614 3685452
52724 -211944 3694016
52754 -165405 3701023
52784 -303650 3670075
