# t_s cur_mA v_mV APSS_sd APSS_xosd APSS_xopct APSS_cores LPASS_sd LPASS_xosd LPASS_xopct LPASS_cores MPSS_sd MPSS_xosd MPSS_xopct MPSS_cores PRONTO_sd PRONTO_xosd PRONTO_xopct PRONTO_cores edge_irq_per_s modem_irq_per_s
2 52 4288 26 0 0 0x1 0 0 0 0x0 7 7 63 0x0 20 20 87 0x0  54 0
4 233 4248 40 0 0 0x1 0 0 0 0x0 2 2 32 0x1 20 20 86 0x0  49 0
6 53 4279 29 0 0 0x1 0 0 0 0x0 5 4 41 0x1 20 20 87 0x0  41 0
8 221 4244 27 0 0 0x1 0 0 0 0x0 7 7 64 0x0 20 20 88 0x0  19 0
10 102 4257 22 0 0 0x1 0 0 0 0x0 3 3 41 0x1 14 14 57 0x1  41 0
12 84 4243 24 0 0 0x1 0 0 0 0x0 7 7 60 0x0 8 8 18 0x1  27 0
14 304 4224 37 0 0 0x1 0 0 0 0x0 4 4 51 0x1 12 12 33 0x0  18 0
16 103 4268 36 0 0 0x1 0 0 0 0x0 6 5 48 0x1 21 21 85 0x0  48 0
18 181 4239 26 0 0 0x1 0 0 0 0x0 6 6 41 0x0 20 20 88 0x0  9 0
20 144 4238 21 0 0 0x1 0 0 0 0x0 4 4 44 0x1 19 19 80 0x0  50 0
22 150 4248 36 0 0 0x1 0 0 0 0x0 7 7 59 0x0 20 20 87 0x0  101 0
24 96 4265 47 0 0 0x1 0 0 0 0x0 6 6 68 0x1 21 21 88 0x0  80 0
26 52 4255 31 0 0 0x1 0 0 0 0x0 4 4 29 0x0 20 20 88 0x0  19 0
28 180 4246 45 0 0 0x1 0 0 0 0x0 6 6 60 0x0 21 21 87 0x0  50 0
30 159 4231 20 0 0 0x1 0 0 0 0x0 4 4 51 0x1 20 20 88 0x0  28 0
32 178 4246 29 0 0 0x1 0 0 0 0x0 6 6 51 0x0 20 20 93 0x1  38 0
34 52 4273 22 0 0 0x1 0 0 0 0x0 6 6 75 0x1 20 20 87 0x1  44 0
36 182 4232 23 0 0 0x1 0 0 0 0x0 5 5 35 0x0 21 21 88 0x0  29 0
38 52 4272 42 0 0 0x1 0 0 0 0x0 6 6 69 0x1 20 20 88 0x0  15 0
40 246 4217 21 0 0 0x1 0 0 0 0x0 6 6 60 0x1 20 20 86 0x0  61 0
42 177 4248 30 0 0 0x1 0 0 0 0x0 5 5 33 0x0 20 20 88 0x0  15 0
44 103 4252 40 0 0 0x1 0 0 0 0x0 6 6 70 0x1 13 13 38 0x1  9 0
46 256 4219 24 0 0 0x1 0 0 0 0x0 4 4 39 0x1 8 8 21 0x1  56 0
48 172 4233 36 0 0 0x1 0 0 0 0x0 6 6 45 0x1 14 14 50 0x0  16 0
50 209 4235 18 0 0 0x1 0 0 0 0x0 6 6 45 0x0 20 20 88 0x0  22 0
52 51 4266 28 0 0 0x1 0 0 0 0x0 4 4 43 0x1 20 20 87 0x0  40 0
54 70 4264 28 0 0 0x1 0 0 0 0x0 7 7 59 0x0 20 20 88 0x0  6 0
56 197 4241 38 0 0 0x1 0 0 0 0x0 5 5 60 0x1 20 20 88 0x0  33 0
58 52 4266 36 0 0 0x1 0 0 0 0x0 4 4 38 0x1 21 21 91 0x1  82 0
60 180 4239 20 0 0 0x1 0 0 0 0x0 7 7 60 0x0 20 19 80 0x0  29 0
62 155 4236 30 0 0 0x1 0 0 0 0x0 3 3 40 0x1 19 20 88 0x1  22 0
64 197 4232 23 0 0 0x1 0 0 0 0x0 5 5 40 0x0 21 21 88 0x0  64 0
66 52 4268 35 0 0 0x1 0 0 0 0x0 7 6 67 0x1 19 19 81 0x0  25 0
68 53 4253 30 0 0 0x1 0 0 0 0x0 4 4 30 0x0 20 20 88 0x0  8 0
70 147 4249 23 0 0 0x1 0 0 0 0x0 6 6 60 0x0 21 21 87 0x0  56 0
72 174 4236 27 0 0 0x1 0 0 0 0x0 5 5 61 0x1 20 20 88 0x0  9 0
74 180 4240 31 0 0 0x1 0 0 0 0x0 5 5 40 0x0 20 20 88 0x0  12 0
76 61 4265 37 0 0 0x1 0 0 0 0x0 6 6 71 0x1 21 21 89 0x1  57 0
78 205 4218 32 0 0 0x1 0 0 0 0x0 4 4 31 0x0 8 8 16 0x0  13 0
80 107 4249 22 0 0 0x1 0 0 0 0x0 6 6 61 0x0 8 8 20 0x0  22 0
82 89 4220 26 0 0 0x1 0 0 0 0x0 7 7 70 0x0 17 17 69 0x0  43 0
84 146 4244 38 0 0 0x1 0 0 0 0x0 3 3 30 0x0 20 20 88 0x0  21 0
86 102 4261 40 0 0 0x1 0 0 0 0x0 6 6 70 0x1 21 21 87 0x0  62 0
88 231 4226 46 0 0 0x1 0 0 0 0x0 5 5 51 0x1 20 20 92 0x1  75 0
90 94 4253 25 0 0 0x1 0 0 0 0x0 4 4 31 0x1 20 20 82 0x1  32 0
92 245 4223 34 0 0 0x1 0 0 0 0x0 7 7 62 0x0 20 20 87 0x1  44 0
94 190 4217 24 0 0 0x1 0 0 0 0x0 3 3 32 0x0 19 19 80 0x1  119 0
96 51 4262 32 0 0 0x1 0 0 0 0x0 6 6 70 0x1 21 21 88 0x0  17 0
98 146 4248 15 0 0 0x1 0 0 0 0x0 7 7 61 0x0 21 21 87 0x0  5 0
100 65 4259 28 0 0 0x1 0 0 0 0x0 3 3 39 0x1 20 20 88 0x0  48 0
102 181 4238 26 0 0 0x1 0 0 0 0x0 7 7 60 0x0 20 20 88 0x0  6 0
104 228 4210 27 0 0 0x1 0 0 0 0x0 4 4 51 0x1 19 19 82 0x1  31 0
106 274 4222 45 0 0 0x1 0 0 0 0x0 5 5 50 0x1 20 20 84 0x0  48 0
108 52 4266 30 0 0 0x1 0 0 0 0x0 7 7 60 0x0 20 20 88 0x0  7 0
110 139 4224 27 0 0 0x1 0 0 0 0x0 3 3 42 0x1 17 17 71 0x1  21 0
112 146 4239 44 0 0 0x1 0 0 0 0x0 7 7 61 0x0 9 9 19 0x1  41 0
114 97 4243 30 0 0 0x1 0 0 0 0x0 6 6 71 0x1 9 9 18 0x0  33 0
116 192 4232 28 0 0 0x1 0 0 0 0x0 4 4 30 0x0 21 21 86 0x0  13 0
118 88 4258 30 0 0 0x1 0 0 0 0x0 6 6 60 0x0 20 20 88 0x0  80 0
120 178 4222 29 0 0 0x1 0 0 0 0x0 4 4 51 0x1 20 20 88 0x0  16 0
122 52 4263 27 0 0 0x1 0 0 0 0x0 6 6 50 0x0 20 20 88 0x0  13 0
124 102 4250 35 0 0 0x1 0 0 0 0x0 6 6 74 0x1 20 20 87 0x0  131 0
126 147 4240 31 0 0 0x1 0 0 0 0x0 5 5 35 0x0 20 20 93 0x1  17 0
128 52 4261 26 0 0 0x1 0 0 0 0x0 6 6 66 0x1 22 22 87 0x0  11 0
130 217 4216 38 0 0 0x1 0 0 0 0x0 4 3 28 0x1 20 20 88 0x0  61 0
132 52 4261 38 0 0 0x1 0 0 0 0x0 5 5 38 0x0 19 19 81 0x0  6 0
134 180 4233 26 0 0 0x1 0 0 0 0x0 6 6 66 0x1 20 20 81 0x0  21 0
136 155 4228 31 0 0 0x1 0 0 0 0x0 3 3 28 0x1 20 20 86 0x0  38 0
138 53 4256 27 0 0 0x1 0 0 0 0x0 5 5 47 0x1 20 20 88 0x0  12 0
140 52 4263 39 0 0 0x1 0 0 0 0x0 7 7 64 0x0 16 16 67 0x0  29 0
142 53 4259 33 0 0 0x1 0 0 0 0x0 3 3 32 0x0 20 20 88 0x0  42 0
144 275 4211 40 0 0 0x1 0 0 0 0x0 4 4 54 0x1 11 11 42 0x0  30 0
146 274 4206 30 0 0 0x1 0 0 0 0x0 3 3 30 0x1 9 9 20 0x0  9 0
148 171 4227 22 0 0 0x1 0 0 0 0x0 4 4 38 0x1 11 11 34 0x0  60 0
150 166 4223 36 0 0 0x1 0 0 0 0x0 3 3 22 0x0 20 20 88 0x0  27 0
152 96 4244 30 0 0 0x1 0 0 0 0x0 3 3 37 0x1 21 21 92 0x0  42 0
154 156 4242 27 0 0 0x1 0 0 0 0x0 7 7 61 0x0 20 20 88 0x0  59 0
156 102 4254 20 0 0 0x1 0 0 0 0x0 7 6 68 0x1 21 21 87 0x0  9 0
158 173 4231 26 0 0 0x1 0 0 0 0x0 5 4 29 0x0 20 20 88 0x0  10 0
160 100 4249 41 0 0 0x1 0 0 0 0x0 4 4 38 0x0 20 20 88 0x0  53 0
162 191 4215 22 0 0 0x1 0 0 0 0x0 4 4 49 0x1 21 21 87 0x0  12 0
164 52 4258 23 0 0 0x1 0 0 0 0x0 6 6 49 0x0 20 20 88 0x0  18 0
166 53 4256 30 0 0 0x1 0 0 0 0x0 6 6 71 0x1 20 20 88 0x0  41 0
168 133 4248 26 0 0 0x1 0 0 0 0x0 4 4 30 0x0 20 20 87 0x0  24 0
170 51 4253 40 0 0 0x1 0 0 0 0x0 4 4 37 0x0 20 20 87 0x0  12 0
172 134 4250 16 0 0 0x1 0 0 0 0x0 6 6 75 0x1 20 20 88 0x0  46 0
174 106 4242 31 0 0 0x1 0 0 0 0x0 4 4 30 0x0 21 21 87 0x0  23 0
176 189 4228 36 0 0 0x1 0 0 0 0x0 6 6 70 0x1 20 20 88 0x0  11 0
178 235 4190 25 0 0 0x1 0 0 0 0x0 4 4 40 0x1 11 11 40 0x1  97 0
180 69 4234 30 0 0 0x1 0 0 0 0x0 4 4 25 0x0 8 8 20 0x1  6 0
182 142 4242 26 0 0 0x1 0 0 0 0x0 7 7 71 0x0 14 14 51 0x0  17 0
184 53 4251 40 0 0 0x1 0 0 0 0x0 3 3 27 0x0 20 20 93 0x1  99 0
186 182 4232 33 0 0 0x1 0 0 0 0x0 6 6 71 0x1 21 21 87 0x1  11 0
188 68 4253 27 0 0 0x1 0 0 0 0x0 6 6 64 0x1 20 20 88 0x1  19 0
190 223 4222 32 0 0 0x1 0 0 0 0x0 2 2 16 0x1 21 21 88 0x0  43 0
192 52 4258 26 0 0 0x1 0 0 0 0x0 7 7 60 0x0 20 20 87 0x0  13 0
194 161 4223 26 0 0 0x1 0 0 0 0x0 3 3 41 0x1 20 20 88 0x0  21 0
196 90 4249 34 0 0 0x1 0 0 0 0x0 7 7 61 0x0 20 20 88 0x0  41 0
198 52 4256 24 0 0 0x1 0 0 0 0x0 6 6 60 0x0 20 20 86 0x0  27 0
200 221 4222 31 0 0 0x1 0 0 0 0x0 3 3 37 0x1 20 20 88 0x0  7 0
202 111 4241 33 0 0 0x1 0 0 0 0x0 7 7 61 0x0 20 20 87 0x0  50 0
204 266 4230 34 0 0 0x1 0 0 0 0x0 5 5 65 0x1 21 21 87 0x0  27 0
206 51 4257 29 0 0 0x1 0 0 0 0x0 5 5 40 0x0 19 19 86 0x1  17 0
208 66 4252 42 0 0 0x1 0 0 0 0x0 6 6 61 0x0 21 21 88 0x0  51 0
210 145 4239 31 0 0 0x1 0 0 0 0x0 4 4 40 0x0 18 18 80 0x1  16 0
212 99 4234 26 0 0 0x1 0 0 0 0x0 6 6 58 0x0 9 9 19 0x0  99 0
214 220 4212 42 0 0 0x1 0 0 0 0x0 6 6 69 0x1 9 9 19 0x0  126 0
216 101 4253 34 0 0 0x1 0 0 0 0x0 5 5 34 0x0 17 17 74 0x0  39 0
218 231 4213 29 0 0 0x1 0 0 0 0x0 6 6 73 0x1 20 20 88 0x0  44 0
220 153 4223 9 0 0 0x1 0 0 0 0x0 3 3 21 0x0 20 20 88 0x0  12 0
222 127 4250 31 0 0 0x1 0 0 0 0x0 6 6 73 0x1 20 20 88 0x0  45 0
224 104 4243 28 0 0 0x1 0 0 0 0x0 7 7 60 0x0 21 21 92 0x0  25 0
226 97 4248 25 0 0 0x1 0 0 0 0x0 4 4 33 0x0 20 20 86 0x0  12 0
228 226 4221 30 0 0 0x1 0 0 0 0x0 7 7 71 0x0 20 20 87 0x0  50 0
230 204 4214 35 0 0 0x1 0 0 0 0x0 2 2 26 0x1 20 20 88 0x0  6 0
232 181 4202 23 0 0 0x1 0 0 0 0x0 5 5 48 0x1 21 21 87 0x0  16 0
234 52 4255 30 0 0 0x1 0 0 0 0x0 7 7 59 0x0 20 20 88 0x0  41 0
236 51 4249 28 0 0 0x1 0 0 0 0x0 4 3 39 0x1 20 20 87 0x0  20 0
238 85 4252 37 0 0 0x1 0 0 0 0x0 7 7 59 0x0 20 20 87 0x0  29 0
240 160 4227 36 0 0 0x1 0 0 0 0x0 3 3 39 0x1 19 19 81 0x0  49 0
242 185 4224 17 0 0 0x1 0 0 0 0x0 5 5 41 0x1 20 20 88 0x0  22 0
244 166 4230 38 0 0 0x1 0 0 0 0x0 8 8 58 0x0 16 16 68 0x1  43 0
246 207 4206 32 0 0 0x1 0 0 0 0x0 4 4 40 0x1 10 10 20 0x1  104 0
248 102 4238 34 0 0 0x1 0 0 0 0x0 7 7 59 0x0 9 9 22 0x0  58 0
250 52 4248 32 0 0 0x1 0 0 0 0x0 4 4 38 0x0 20 20 88 0x0  5 0
252 53 4250 24 0 0 0x1 0 0 0 0x0 4 4 39 0x0 20 20 88 0x0  56 0
254 53 4253 31 0 0 0x1 0 0 0 0x0 6 6 60 0x0 20 20 88 0x0  8 0
256 187 4206 26 0 0 0x1 0 0 0 0x0 5 5 63 0x1 21 21 87 0x0  18 0
258 122 4237 29 0 0 0x1 0 0 0 0x0 6 6 41 0x0 21 21 92 0x0  39 0
260 243 4209 31 0 0 0x1 0 0 0 0x0 4 4 50 0x1 18 18 72 0x0  32 0
262 105 4226 40 0 0 0x1 0 0 0 0x0 5 5 32 0x0 21 21 87 0x0  27 0
264 52 4247 43 0 0 0x1 0 0 0 0x0 6 6 59 0x0 20 20 87 0x0  47 0
266 52 4255 24 0 0 0x1 0 0 0 0x0 7 7 70 0x0 20 20 88 0x0  16 0
268 148 4222 26 0 0 0x1 0 0 0 0x0 0 0 10 0x1 21 21 86 0x0  18 0
270 175 4226 26 0 0 0x1 0 0 0 0x0 7 7 62 0x0 20 20 92 0x1  44 0
272 169 4216 28 0 0 0x1 0 0 0 0x0 4 4 53 0x1 21 21 88 0x0  31 0
274 53 4199 37 0 0 0x1 0 0 0 0x0 5 5 51 0x1 21 21 87 0x0  43 0
276 92 4253 31 0 0 0x1 0 0 0 0x0 7 7 61 0x0 20 20 88 0x0  76 0
278 52 4238 30 0 0 0x1 0 0 0 0x0 3 3 40 0x1 14 14 49 0x1  17 0
280 155 4227 28 0 0 0x1 0 0 0 0x0 7 7 61 0x0 9 9 21 0x1  21 0
282 89 4247 30 0 0 0x1 0 0 0 0x0 6 6 60 0x0 13 13 41 0x0  56 0
284 180 4225 36 0 0 0x1 1 1 15011 0x0 3 3 39 0x1 20 20 88 0x0  18 0
286 109 4236 36 0 0 0x1 0 0 0 0x0 7 7 65 0x0 21 21 86 0x0  13 0
288 220 4209 30 0 0 0x1 0 0 0 0x0 4 4 54 0x1 20 20 88 0x0  57 0
290 53 4253 31 0 0 0x1 0 0 0 0x0 6 6 54 0x0 20 20 88 0x0  19 0
292 156 4231 14 0 0 0x1 0 0 0 0x0 6 6 65 0x0 20 20 88 0x0  15 0
294 58 4248 34 0 0 0x1 0 0 0 0x0 5 4 41 0x0 20 20 88 0x0  40 0
296 95 4243 24 0 0 0x1 0 0 0 0x0 6 6 59 0x0 20 20 91 0x1  16 0
298 87 4250 25 0 0 0x1 0 0 0 0x0 6 6 72 0x1 20 20 84 0x0  5 0
300 135 4240 24 0 0 0x1 0 0 0 0x0 5 5 33 0x0 20 20 88 0x0  48 0
302 193 4223 28 0 0 0x1 0 0 0 0x0 6 6 68 0x1 21 21 87 0x0  25 0
304 153 4221 26 0 0 0x1 0 0 0 0x0 4 4 29 0x0 20 20 88 0x0  6 0
306 108 4243 40 0 0 0x1 0 0 0 0x0 6 6 58 0x0 20 20 88 0x0  134 0
308 68 4249 21 0 0 0x1 0 0 0 0x0 7 7 70 0x0 21 21 92 0x0  17 0
310 53 4247 27 0 0 0x1 0 0 0 0x0 3 3 18 0x0 20 20 88 0x0  45 0
312 228 4209 31 0 0 0x1 0 0 0 0x0 6 6 68 0x1 11 11 32 0x0  49 0
314 280 4182 25 0 0 0x1 0 0 0 0x0 5 5 49 0x1 7 7 20 0x1  27 0
316 197 4212 39 0 0 0x1 0 0 0 0x0 6 6 50 0x1 16 16 60 0x0  30 0
318 52 4252 36 0 0 0x1 0 0 0 0x0 7 7 59 0x0 20 20 88 0x0  44 0
320 62 4240 27 0 0 0x1 0 0 0 0x0 3 3 29 0x0 21 21 87 0x0  21 0
322 52 4252 25 0 0 0x1 0 0 0 0x0 7 7 71 0x1 20 20 88 0x0  15 0
324 157 4223 31 0 0 0x1 0 0 0 0x0 6 6 59 0x1 20 20 88 0x0  57 0
326 158 4234 30 0 0 0x1 0 0 0 0x0 4 4 40 0x1 20 20 91 0x1  24 0
328 53 4251 30 0 0 0x1 0 0 0 0x0 7 7 61 0x0 20 20 84 0x0  9 0
330 72 4235 29 0 0 0x1 0 0 0 0x0 2 2 20 0x0 20 20 88 0x0  89 0
332 52 4252 36 0 0 0x1 0 0 0 0x0 7 7 71 0x0 21 21 92 0x1  28 0
334 178 4217 29 0 0 0x1 0 0 0 0x0 7 7 57 0x0 21 21 88 0x0  29 0
336 51 4249 23 0 0 0x1 0 0 0 0x0 4 4 41 0x1 20 20 88 0x0  99 0
338 79 4244 32 0 0 0x1 0 0 0 0x0 7 7 59 0x0 20 20 87 0x0  16 0
340 203 4213 36 0 0 0x1 0 0 0 0x0 2 2 29 0x1 20 20 88 0x0  56 0
342 52 4246 28 0 0 0x1 0 0 0 0x0 4 4 30 0x0 20 20 88 0x0  14 0
344 182 4223 35 0 0 0x1 0 0 0 0x0 6 6 61 0x0 19 19 81 0x1  43 0
346 52 4235 26 0 0 0x1 0 0 0 0x0 3 3 40 0x1 10 10 21 0x1  57 0
348 189 4211 33 0 0 0x1 0 0 0 0x0 7 7 60 0x0 9 9 22 0x1  24 0
350 106 4237 41 0 0 0x1 0 0 0 0x0 4 4 46 0x1 18 18 78 0x1  23 0
352 52 4247 37 0 0 0x1 0 0 0 0x0 4 4 28 0x0 20 20 88 0x1  54 0
354 274 4213 20 0 0 0x1 0 0 0 0x0 6 6 71 0x1 20 20 88 0x1  16 0
356 153 4217 23 0 0 0x1 0 0 0 0x0 4 4 40 0x1 20 20 87 0x1  21 0
358 214 4218 31 0 0 0x1 0 0 0 0x0 6 6 50 0x0 20 20 88 0x1  85 0
360 57 4236 29 0 0 0x1 0 0 0 0x0 5 5 47 0x0 21 21 88 0x0  9 0
362 225 4203 25 0 0 0x1 0 0 0 0x0 3 3 30 0x0 21 21 87 0x0  22 0
364 52 4250 13 0 0 0x1 0 0 0 0x0 6 6 72 0x1 20 20 88 0x0  8 0
366 245 4208 27 0 0 0x1 0 0 0 0x0 6 6 65 0x1 20 20 88 0x0  51 0
368 153 4233 36 0 0 0x1 0 0 0 0x0 4 4 40 0x1 20 20 87 0x0  53 0
370 52 4237 31 0 0 0x1 0 0 0 0x0 5 5 37 0x0 20 20 88 0x0  48 0
# window_from=2  # samples before this mark saw a lit panel
