# t_s cur_mA v_mV APSS_sd APSS_xosd APSS_xopct APSS_cores LPASS_sd LPASS_xosd LPASS_xopct LPASS_cores MPSS_sd MPSS_xosd MPSS_xopct MPSS_cores PRONTO_sd PRONTO_xosd PRONTO_xopct PRONTO_cores edge_irq_per_s modem_irq_per_s
2 65 4329 29 0 0 0x1 0 0 0 0x0 6 6 75 0x1 20 20 88 0x0  71 0
4 154 4303 30 0 0 0x1 0 0 0 0x0 4 4 32 0x0 20 20 88 0x0  12 0
6 57 4322 29 0 0 0x1 0 0 0 0x0 6 6 65 0x0 20 20 88 0x0  86 0
8 224 4296 34 0 0 0x1 0 0 0 0x0 7 7 74 0x0 19 19 83 0x1  23 0
10 69 4317 36 0 0 0x1 0 0 0 0x0 3 3 30 0x0 22 22 86 0x0  9 0
12 180 4301 26 0 0 0x1 0 0 0 0x0 7 6 67 0x1 20 20 88 0x0  45 0
14 219 4271 33 0 0 0x1 0 0 0 0x0 5 5 51 0x1 19 19 81 0x0  9 0
16 52 4319 35 0 0 0x1 0 0 0 0x0 5 5 51 0x1 20 20 87 0x0  9 0
18 52 4326 38 0 0 0x1 0 0 0 0x0 7 7 61 0x0 20 20 88 0x0  48 0
20 133 4278 24 0 0 0x1 0 0 0 0x0 3 3 30 0x0 20 20 88 0x0  51 1
22 173 4292 27 0 0 0x1 0 0 0 0x0 6 6 71 0x1 20 20 87 0x0  44 1
24 63 4319 46 0 0 0x1 0 0 0 0x0 7 7 63 0x0 20 20 88 0x0  104 0
26 303 4266 36 0 0 0x1 0 0 0 0x0 4 4 44 0x1 18 18 80 0x1  32 0
28 52 4314 40 0 0 0x1 0 0 0 0x0 7 7 59 0x0 9 9 21 0x1  47 0
30 301 4246 18 0 0 0x1 0 0 0 0x0 4 4 49 0x1 8 8 20 0x1  52 0
32 52 4317 34 0 0 0x1 0 0 0 0x0 7 7 50 0x0 20 20 82 0x0  15 0
34 52 4313 58 0 0 0x1 0 0 0 0x0 6 6 60 0x0 20 20 87 0x0  51 0
36 182 4286 42 0 0 0x1 0 0 0 0x0 4 4 42 0x1 19 19 82 0x0  46 0
38 105 4313 25 0 0 0x1 0 0 0 0x0 7 7 62 0x0 20 20 88 0x0  15 0
40 242 4282 31 0 0 0x1 0 0 0 0x0 7 7 70 0x1 22 22 87 0x0  15 0
42 61 4308 22 0 0 0x1 0 0 0 0x0 4 4 29 0x0 20 20 88 0x0  48 0
44 52 4309 32 0 0 0x1 0 0 0 0x0 6 6 60 0x0 20 20 88 0x0  14 0
46 155 4281 24 0 0 0x1 0 0 0 0x0 4 4 51 0x1 20 20 88 0x0  23 0
48 52 4309 33 0 0 0x1 0 0 0 0x0 6 6 51 0x0 21 21 93 0x0  40 0
50 171 4273 25 0 0 0x1 0 0 0 0x0 4 4 50 0x1 20 20 88 0x0  26 1
52 91 4304 32 0 0 0x1 0 0 0 0x0 4 4 27 0x0 21 21 87 0x0  16 0
54 223 4278 32 0 0 0x1 0 0 0 0x0 6 6 73 0x1 20 20 88 0x0  46 1
56 169 4274 24 0 0 0x1 0 0 0 0x0 2 2 22 0x1 20 20 88 0x0  40 0
58 51 4303 47 0 0 0x1 0 0 0 0x0 5 5 48 0x1 21 21 87 0x0  14 0
60 61 4301 31 0 0 0x1 0 0 0 0x0 7 7 65 0x0 14 14 59 0x1  86 0
62 61 4288 36 0 0 0x1 0 0 0 0x0 3 3 32 0x0 9 9 20 0x1  47 0
64 177 4279 35 0 0 0x1 0 0 0 0x0 6 6 75 0x1 11 11 34 0x1  19 0
66 110 4297 29 0 0 0x1 0 0 0 0x0 3 3 13 0x0 20 20 87 0x1  49 0
68 237 4260 38 0 0 0x1 0 0 0 0x0 3 3 40 0x1 21 21 87 0x1  16 0
70 51 4304 32 0 0 0x1 0 0 0 0x0 7 7 62 0x0 21 21 88 0x0  28 0
72 194 4257 39 0 0 0x1 0 0 0 0x0 4 4 54 0x1 20 20 88 0x0  41 0
74 52 4301 25 0 0 0x1 0 0 0 0x0 4 4 33 0x0 21 21 87 0x0  14 0
76 67 4288 33 0 0 0x1 0 0 0 0x0 4 4 39 0x0 20 20 88 0x0  26 0
78 132 4292 42 0 0 0x1 0 0 0 0x0 3 3 41 0x1 20 20 88 0x0  47 0
80 61 4296 20 0 0 0x1 0 0 0 0x0 7 7 65 0x0 20 20 85 0x0  22 0
82 260 4261 29 0 0 0x1 0 0 0 0x0 6 6 72 0x1 20 20 88 0x0  12 0
84 52 4297 22 0 0 0x1 0 0 0 0x0 4 4 30 0x0 20 20 88 0x0  65 0
86 104 4279 13 0 0 0x1 0 0 0 0x0 4 4 47 0x1 21 21 87 0x0  59 0
88 210 4259 9 0 0 0x1 0 0 0 0x0 4 4 43 0x1 20 20 88 0x0  20 1
90 52 4296 31 0 0 0x1 0 0 0 0x0 6 6 51 0x0 20 20 88 0x0  71 0
92 145 4281 33 0 0 0x1 0 0 0 0x0 6 6 70 0x1 21 21 92 0x0  30 1
94 56 4276 32 0 0 0x1 0 0 0 0x0 4 4 30 0x0 11 11 40 0x1  59 0
96 174 4253 48 0 0 0x1 0 0 0 0x0 4 4 47 0x1 9 9 18 0x0  87 0
98 53 4295 36 0 0 0x1 0 0 0 0x0 6 6 60 0x1 14 14 48 0x0  12 0
100 101 4287 29 0 0 0x1 0 0 0 0x0 4 4 41 0x1 20 20 88 0x0  25 0
102 52 4296 35 0 0 0x1 0 0 0 0x0 7 7 61 0x0 20 20 88 0x0  54 0
104 157 4263 31 0 0 0x1 0 0 0 0x0 3 3 41 0x1 20 20 91 0x1  25 0
106 146 4274 28 0 0 0x1 0 0 0 0x0 5 5 37 0x0 20 20 87 0x1  8 0
108 97 4282 17 0 0 0x1 0 0 0 0x0 6 6 60 0x0 21 21 88 0x1  40 0
110 182 4263 27 0 0 0x1 0 0 0 0x0 2 2 32 0x1 22 22 87 0x0  29 0
112 75 4275 39 0 0 0x1 0 0 0 0x0 7 7 61 0x0 19 19 81 0x0  15 0
114 272 4259 33 0 0 0x1 0 0 0 0x0 5 5 60 0x1 19 19 81 0x0  61 0
116 52 4289 27 0 0 0x1 0 0 0 0x0 3 2 10 0x0 21 21 85 0x0  19 0
118 51 4291 27 0 0 0x1 0 0 0 0x0 6 6 70 0x1 20 20 88 0x0  9 0
120 170 4257 30 0 0 0x1 0 0 0 0x0 4 4 30 0x0 19 19 81 0x0  89 0
122 52 4286 30 0 0 0x1 0 0 0 0x0 6 6 60 0x0 20 20 87 0x0  77 0
124 184 4264 37 0 0 0x1 0 0 0 0x0 7 6 68 0x1 20 20 88 0x0  64 0
126 211 4244 34 0 0 0x1 0 0 0 0x0 1 1 10 0x1 20 20 87 0x0  46 0
128 59 4278 23 0 0 0x1 0 0 0 0x0 7 6 62 0x1 9 9 24 0x1  61 0
130 163 4253 33 0 0 0x1 0 0 0 0x0 5 5 48 0x1 8 8 20 0x1  25 0
132 52 4286 37 0 0 0x1 0 0 0 0x0 6 6 55 0x1 19 19 71 0x0  62 0
134 178 4266 27 0 0 0x1 0 0 0 0x0 7 7 60 0x0 20 20 88 0x0  36 0
136 52 4283 27 0 0 0x1 0 0 0 0x0 3 3 28 0x0 20 20 88 0x0  12 0
138 183 4259 36 0 0 0x1 0 0 0 0x0 6 6 72 0x1 21 21 87 0x0  49 0
140 175 4259 24 0 0 0x1 0 0 0 0x0 6 6 63 0x1 21 21 91 0x0  21 0
142 183 4260 27 0 0 0x1 0 0 0 0x0 4 4 43 0x1 20 20 85 0x0  12 0
144 52 4288 30 0 0 0x1 0 0 0 0x0 7 7 65 0x0 22 22 92 0x0  58 0
146 199 4248 30 0 0 0x1 0 0 0 0x0 4 3 43 0x1 19 19 81 0x0  16 0
148 161 4278 40 0 0 0x1 0 0 0 0x0 7 7 64 0x0 20 19 88 0x0  29 0
150 100 4274 34 0 0 0x1 0 0 0 0x0 6 6 69 0x1 20 21 87 0x0  82 0
152 178 4259 29 0 0 0x1 0 0 0 0x0 5 5 31 0x0 20 20 88 0x0  5 0
154 111 4276 28 0 0 0x1 0 0 0 0x0 6 6 60 0x0 20 20 88 0x0  32 0
156 157 4253 42 0 0 0x1 0 0 0 0x0 5 5 63 0x1 21 21 87 0x0  51 0
158 143 4274 39 0 0 0x1 0 0 0 0x0 5 5 41 0x0 20 20 88 0x0  57 0
160 52 4281 36 0 0 0x1 0 0 0 0x0 6 6 70 0x1 16 16 71 0x1  19 0
162 159 4245 37 0 0 0x1 0 0 0 0x0 4 4 30 0x0 10 10 20 0x1  75 0
164 93 4267 32 0 0 0x1 0 0 0 0x0 6 6 70 0x1 10 10 22 0x0  21 0
166 178 4258 31 0 0 0x1 0 0 0 0x0 7 7 60 0x0 20 20 88 0x0  11 0
168 52 4281 27 0 0 0x1 0 0 0 0x0 3 3 30 0x0 21 21 87 0x0  55 0
170 185 4240 27 0 0 0x1 0 0 0 0x0 6 6 70 0x1 20 20 88 0x0  22 0
172 190 4236 28 0 0 0x1 0 0 0 0x0 5 5 52 0x1 20 20 88 0x0  9 0
174 56 4278 39 0 0 0x1 0 0 0 0x0 3 3 30 0x1 22 22 86 0x0  63 0
176 146 4267 28 0 0 0x1 0 0 0 0x0 7 7 60 0x0 20 20 88 0x0  20 0
178 52 4276 35 0 0 0x1 0 0 0 0x0 3 3 40 0x1 20 20 88 0x0  20 0
180 182 4257 25 0 0 0x1 0 0 0 0x0 7 7 61 0x0 20 20 87 0x0  55 0
182 51 4284 33 0 0 0x1 0 0 0 0x0 6 6 60 0x0 20 20 88 0x0  3 0
184 236 4252 37 0 0 0x1 0 0 0 0x0 4 4 41 0x1 20 20 88 0x0  29 0
186 87 4281 34 0 0 0x1 0 0 0 0x0 7 7 60 0x0 21 21 87 0x0  42 0
188 202 4250 25 0 0 0x1 0 0 0 0x0 4 4 52 0x1 20 20 88 0x0  38 0
190 52 4284 33 0 0 0x1 0 0 0 0x0 7 7 55 0x0 21 20 93 0x0  16 0
192 53 4283 34 0 0 0x1 0 0 0 0x0 6 6 64 0x0 20 21 87 0x0  42 0
194 179 4246 18 0 0 0x1 0 0 0 0x0 5 5 45 0x0 14 14 52 0x1  20 0
196 51 4275 25 0 0 0x1 0 0 0 0x0 6 6 61 0x0 8 8 19 0x1  6 0
198 180 4235 33 0 0 0x1 0 0 0 0x0 6 6 68 0x1 12 12 32 0x0  96 0
200 51 4280 32 0 0 0x1 0 0 0 0x0 4 4 28 0x0 20 20 82 0x0  20 0
202 52 4280 36 0 0 0x1 0 0 0 0x0 6 6 72 0x1 20 20 88 0x0  14 0
204 211 4234 14 0 0 0x1 0 0 0 0x0 4 4 44 0x1 20 20 87 0x0  67 0
206 55 4280 30 0 0 0x1 0 0 0 0x0 6 6 60 0x1 20 20 88 0x0  11 0
208 177 4254 36 0 0 0x1 0 0 0 0x0 7 7 61 0x0 21 21 91 0x1  26 0
210 52 4274 29 0 0 0x1 0 0 0 0x0 3 3 28 0x0 20 20 87 0x1  43 0
212 295 4239 29 0 0 0x1 0 0 0 0x0 6 6 70 0x1 21 21 88 0x0  14 0
214 56 4279 22 0 0 0x1 0 0 0 0x0 6 6 61 0x1 21 21 87 0x0  11 0
216 114 4260 25 0 0 0x1 0 0 0 0x0 3 3 23 0x1 20 20 88 0x0  40 0
218 52 4282 32 0 0 0x1 0 0 0 0x0 7 7 62 0x0 20 20 88 0x0  64 0
220 201 4241 30 0 0 0x1 0 0 0 0x0 3 3 44 0x1 19 19 81 0x0  20 0
222 146 4260 32 0 0 0x1 0 0 0 0x0 7 7 60 0x0 20 20 88 0x0  54 0
224 95 4270 23 0 0 0x1 0 0 0 0x0 6 6 60 0x0 20 20 88 0x0  23 1
226 225 4244 37 0 0 0x1 0 0 0 0x0 3 3 36 0x1 20 20 80 0x0  10 1
228 68 4271 45 0 0 0x1 0 0 0 0x0 7 7 60 0x0 11 11 33 0x0  76 0
230 338 4223 26 0 0 0x1 0 0 0 0x0 4 4 50 0x1 8 8 21 0x1  5 0
232 52 4272 32 0 0 0x1 0 0 0 0x0 6 6 46 0x0 15 15 47 0x0  30 0
234 92 4265 34 0 0 0x1 0 0 0 0x0 6 6 68 0x1 20 20 87 0x0  64 0
236 203 4242 31 0 0 0x1 0 0 0 0x0 3 3 18 0x0 17 17 71 0x0  31 0
238 52 4275 25 0 0 0x1 0 0 0 0x0 6 6 65 0x1 20 20 80 0x0  22 0
240 191 4220 34 0 0 0x1 0 0 0 0x0 5 5 46 0x1 20 20 88 0x0  45 0
242 51 4276 24 0 0 0x1 0 0 0 0x0 6 6 40 0x0 21 21 92 0x1  15 0
244 177 4220 22 0 0 0x1 0 0 0 0x0 6 6 65 0x1 21 21 87 0x1  43 0
246 124 4238 27 0 0 0x1 0 0 0 0x0 3 3 10 0x0 21 21 88 0x0  65 0
248 52 4273 33 0 0 0x1 0 0 0 0x0 6 6 65 0x1 20 20 88 0x0  31 0
250 182 4253 30 0 0 0x1 0 0 0 0x0 7 7 56 0x0 20 20 87 0x0  6 0
252 52 4271 19 0 0 0x1 0 0 0 0x0 4 4 39 0x1 20 20 88 0x0  57 0
254 180 4249 28 0 0 0x1 0 0 0 0x0 6 6 55 0x1 20 20 88 0x0  9 0
256 163 4239 30 0 0 0x1 0 0 0 0x0 3 3 28 0x1 22 22 86 0x0  23 0
258 252 4232 33 0 0 0x1 0 0 0 0x0 3 3 27 0x1 20 20 88 0x0  65 0
260 105 4267 29 0 0 0x1 0 0 0 0x0 7 7 62 0x0 18 18 80 0x1  9 0
262 52 4259 27 0 0 0x1 0 0 0 0x0 4 4 43 0x1 9 9 22 0x1  24 0
264 162 4242 32 0 0 0x1 0 0 0 0x0 7 7 60 0x0 10 10 21 0x1  81 0
266 52 4273 35 0 0 0x1 0 0 0 0x0 6 6 69 0x1 20 20 81 0x0  27 0
268 180 4245 25 0 0 0x1 0 0 0 0x0 5 4 29 0x0 21 21 87 0x0  5 0
270 53 4274 23 0 0 0x1 0 0 0 0x0 6 6 68 0x1 20 20 88 0x0  24 0
272 255 4231 17 0 0 0x1 0 0 0 0x0 4 4 38 0x1 21 21 89 0x0  46 0
274 57 4256 28 0 0 0x1 0 0 0 0x0 7 6 52 0x0 21 21 86 0x0  47 0
276 201 4231 29 0 0 0x1 0 0 0 0x0 5 5 53 0x1 20 20 93 0x1  67 0
278 222 4235 16 0 0 0x1 0 0 0 0x0 5 5 34 0x0 20 20 87 0x1  8 0
280 251 4226 21 0 0 0x1 0 0 0 0x0 5 5 51 0x1 21 21 88 0x0  60 0
282 178 4245 36 0 0 0x1 0 0 0 0x0 6 6 59 0x1 20 20 88 0x0  28 0
284 52 4270 28 0 0 0x1 0 0 0 0x0 4 3 22 0x1 21 21 87 0x0  10 0
286 180 4243 22 0 0 0x1 0 0 0 0x0 7 7 58 0x0 20 20 88 0x0  50 0
288 53 4262 28 0 0 0x1 0 0 0 0x0 4 4 41 0x1 20 20 88 0x0  9 0
290 67 4250 30 0 0 0x1 0 0 0 0x0 7 7 59 0x0 20 20 88 0x0  18 0
292 180 4247 35 0 0 0x1 0 0 0 0x0 6 6 58 0x0 20 20 87 0x0  60 0
294 69 4260 33 0 0 0x1 0 0 0 0x0 4 4 43 0x1 14 14 60 0x1  11 0
296 223 4237 37 0 0 0x1 0 0 0 0x0 7 7 58 0x0 10 10 19 0x1  43 0
298 212 4233 34 0 0 0x1 0 0 0 0x0 5 5 58 0x1 10 10 34 0x1  44 0
300 175 4240 41 0 0 0x1 0 0 0 0x0 6 6 41 0x0 21 21 88 0x0  50 0
302 71 4269 26 0 0 0x1 0 0 0 0x0 6 6 69 0x1 21 21 87 0x0  30 0
304 125 4242 38 0 0 0x1 0 0 0 0x0 5 4 29 0x0 20 20 88 0x0  53 0
306 188 4238 14 0 0 0x1 0 0 0 0x0 6 6 59 0x0 20 20 88 0x0  63 0
308 52 4271 23 0 0 0x1 0 0 0 0x0 7 7 69 0x0 21 21 87 0x0  12 0
310 187 4237 34 0 0 0x1 0 0 0 0x0 4 4 34 0x0 20 20 92 0x1  92 0
312 53 4271 33 0 0 0x1 0 0 0 0x0 6 6 73 0x1 21 21 88 0x0  28 0
314 171 4236 30 0 0 0x1 0 0 0 0x0 5 5 53 0x1 21 21 87 0x0  45 0
316 51 4272 23 0 0 0x1 0 0 0 0x0 6 6 56 0x1 20 20 88 0x0  14 0
318 52 4268 24 0 0 0x1 0 0 0 0x0 7 7 59 0x0 20 20 88 0x0  8 0
320 186 4252 39 0 0 0x1 0 0 0 0x0 3 3 31 0x0 20 20 87 0x0  55 0
322 51 4271 25 0 0 0x1 0 0 0 0x0 7 7 73 0x0 20 20 88 0x0  22 0
324 239 4229 26 0 0 0x1 0 0 0 0x0 5 5 62 0x1 20 20 88 0x0  13 0
326 52 4268 22 0 0 0x1 0 0 0 0x0 5 5 43 0x1 21 21 87 0x0  55 0
328 173 4236 38 0 0 0x1 0 0 0 0x0 7 7 60 0x0 13 13 42 0x1  11 0
330 133 4225 35 0 0 0x1 0 0 0 0x0 4 4 43 0x1 9 9 21 0x1  66 0
332 56 4262 50 0 0 0x1 0 0 0 0x0 7 7 63 0x0 14 14 48 0x0  39 0
334 188 4248 26 0 0 0x1 0 0 0 0x0 6 6 62 0x0 20 20 92 0x1  16 0
336 52 4265 30 0 0 0x1 0 0 0 0x0 4 4 44 0x1 20 20 88 0x1  27 0
338 181 4245 24 0 0 0x1 0 0 0 0x0 7 7 63 0x0 21 20 87 0x0  44 0
340 200 4234 22 0 0 0x1 0 0 0 0x0 5 5 60 0x1 20 21 88 0x0  56 0
342 181 4241 26 0 0 0x1 0 0 0 0x0 6 6 42 0x0 22 22 87 0x0  8 0
344 60 4265 16 0 0 0x1 0 0 0 0x0 6 6 60 0x0 20 20 88 0x0  61 0
346 202 4231 34 0 0 0x1 0 0 0 0x0 3 3 40 0x1 20 20 88 0x0  26 0
348 138 4252 27 0 0 0x1 0 0 0 0x0 6 6 50 0x0 20 20 88 0x0  6 0
350 79 4261 22 0 0 0x1 0 0 0 0x0 6 6 71 0x1 20 20 87 0x0  58 0
352 179 4240 29 0 0 0x1 0 0 0 0x0 4 4 30 0x0 20 20 88 0x0  9 0
354 53 4267 31 0 0 0x1 0 0 0 0x0 6 6 72 0x1 21 21 91 0x0  29 0
356 285 4236 30 0 0 0x1 0 0 0 0x0 5 5 54 0x1 21 21 88 0x0  54 0
358 53 4268 32 0 0 0x1 0 0 0 0x0 5 5 54 0x1 20 20 88 0x0  4 0
360 75 4246 23 0 0 0x1 0 0 0 0x0 7 7 65 0x0 21 21 87 0x0  40 0
362 205 4224 26 0 0 0x1 0 0 0 0x0 2 2 32 0x1 9 9 19 0x0  133 0
364 116 4248 25 0 0 0x1 0 0 0 0x0 5 5 54 0x1 7 7 21 0x1  18 0
366 171 4243 30 0 0 0x1 0 0 0 0x0 7 7 65 0x0 19 19 69 0x0  26 0
368 54 4266 31 0 0 0x1 0 0 0 0x0 3 3 44 0x1 20 20 88 0x0  41 0
370 173 4239 22 0 0 0x1 0 0 0 0x0 5 5 40 0x0 20 20 88 0x0  24 0
372 211 4224 38 0 0 0x1 0 0 0 0x0 4 4 54 0x1 21 21 87 0x0  51 0
374 273 4209 33 0 0 0x1 0 0 0 0x0 3 3 30 0x1 21 21 90 0x0  88 1
# window_from=2  # samples before this mark saw a lit panel
