# t_s cur_mA v_mV APSS_sd APSS_xosd APSS_xopct APSS_cores LPASS_sd LPASS_xosd LPASS_xopct LPASS_cores MPSS_sd MPSS_xosd MPSS_xopct MPSS_cores PRONTO_sd PRONTO_xosd PRONTO_xopct PRONTO_cores edge_irq_per_s modem_irq_per_s
2 52 4341 38 0 0 0x1 0 0 0 0x0 5 5 46 0x0 20 20 88 0x0  59 0
4 59 4339 36 0 0 0x1 0 0 0 0x0 6 6 84 0x0 20 20 86 0x0  63 0
6 153 4317 31 0 0 0x1 0 0 0 0x0 3 3 55 0x1 19 19 81 0x0  28 0
8 53 4333 26 0 0 0x1 0 0 0 0x0 7 7 77 0x0 21 21 87 0x0  56 0
10 52 4327 29 0 0 0x1 0 0 0 0x0 5 5 62 0x0 20 20 88 0x0  46 0
12 54 4330 27 0 0 0x1 0 0 0 0x0 3 3 39 0x0 20 20 87 0x0  8 1
14 127 4313 32 0 0 0x1 0 0 0 0x0 6 6 92 0x1 20 20 87 0x0  44 0
16 189 4297 27 0 0 0x1 0 0 0 0x0 5 5 66 0x1 20 20 92 0x1  11 0
18 127 4317 32 0 0 0x1 0 0 0 0x0 5 5 53 0x0 21 21 88 0x0  13 0
20 98 4303 25 0 0 0x1 0 0 0 0x0 5 5 63 0x0 19 19 87 0x1  77 0
22 105 4301 31 0 0 0x1 0 0 0 0x0 3 3 40 0x0 8 8 16 0x0  14 0
24 106 4299 32 0 0 0x1 0 0 0 0x0 7 7 91 0x0 7 7 20 0x1  14 0
26 54 4322 25 0 0 0x1 0 0 0 0x0 6 6 84 0x0 19 19 69 0x0  73 0
28 54 4321 37 0 0 0x1 0 0 0 0x0 3 3 51 0x1 20 20 88 0x0  15 0
30 57 4304 27 0 0 0x1 0 0 0 0x0 5 5 50 0x0 20 20 87 0x0  65 1
32 194 4285 30 0 0 0x1 0 0 0 0x0 4 4 70 0x1 20 20 92 0x1  43 0
34 54 4319 25 0 0 0x1 0 0 0 0x0 6 6 63 0x0 19 19 79 0x1  11 1
36 58 4308 35 0 0 0x1 0 0 0 0x0 6 6 79 0x0 22 22 87 0x0  31 0
38 53 4309 37 0 0 0x1 0 0 0 0x0 4 4 53 0x0 16 16 68 0x1  49 1
40 157 4283 22 0 0 0x1 0 0 0 0x0 2 2 40 0x1 8 8 23 0x1  20 0
42 186 4286 32 0 0 0x1 0 0 0 0x0 5 5 57 0x1 8 8 16 0x0  60 0
44 57 4310 23 0 0 0x1 0 0 0 0x0 4 4 40 0x0 20 20 86 0x0  46 0
46 53 4299 29 0 0 0x1 0 0 0 0x0 7 7 89 0x1 20 20 85 0x0  22 0
48 159 4284 26 0 0 0x1 0 0 0 0x0 4 4 53 0x1 20 20 87 0x0  10 0
50 150 4285 30 0 0 0x1 0 0 0 0x0 4 4 38 0x0 20 20 88 0x0  51 0
52 53 4312 35 0 0 0x1 0 0 0 0x0 7 7 88 0x0 21 21 88 0x0  17 1
54 53 4306 26 0 0 0x1 0 0 0 0x0 3 3 38 0x0 21 21 87 0x0  24 0
56 106 4301 25 0 0 0x1 0 0 0 0x0 6 6 93 0x1 20 20 92 0x1  45 1
58 245 4283 28 0 0 0x1 0 0 0 0x0 6 6 82 0x1 21 21 88 0x0  9 0
60 132 4294 23 0 0 0x1 0 0 0 0x0 1 1 0 0x0 20 20 88 0x0  56 0
62 59 4294 46 0 0 0x1 0 0 0 0x0 7 7 89 0x0 20 20 87 0x0  47 0
64 197 4272 28 0 0 0x1 0 0 0 0x0 3 3 53 0x1 20 20 88 0x0  10 0
66 52 4308 21 0 0 0x1 0 0 0 0x0 7 7 78 0x0 21 21 87 0x0  14 1
68 108 4287 30 0 0 0x1 0 0 0 0x0 6 6 79 0x0 20 20 88 0x0  82 1
70 157 4275 34 0 0 0x1 0 0 0 0x0 1 1 26 0x1 20 20 88 0x0  26 0
72 128 4291 44 0 0 0x1 0 0 0 0x0 7 7 71 0x0 14 14 55 0x0  28 0
74 266 4250 26 0 0 0x1 0 0 0 0x0 5 5 83 0x1 8 8 20 0x1  85 0
76 53 4302 30 0 0 0x1 0 0 0 0x0 5 5 50 0x0 13 13 38 0x0  9 0
78 53 4291 20 0 0 0x1 0 0 0 0x0 6 6 79 0x0 21 21 87 0x0  12 0
80 223 4274 35 0 0 0x1 0 0 0 0x0 4 4 53 0x0 20 20 88 0x0  67 0
82 193 4276 31 0 0 0x1 0 0 0 0x0 6 6 79 0x0 20 20 88 0x0  14 0
84 54 4304 21 0 0 0x1 0 0 0 0x0 7 7 96 0x0 21 21 87 0x0  15 0
86 103 4285 37 0 0 0x1 0 0 0 0x0 3 3 36 0x0 17 17 65 0x0  45 0
88 53 4300 32 0 0 0x1 0 0 0 0x0 7 7 93 0x0 17 17 65 0x0  18 0
90 186 4265 45 0 0 0x1 0 0 0 0x0 3 3 53 0x1 17 17 66 0x0  56 0
92 54 4301 32 0 0 0x1 0 0 0 0x0 6 6 70 0x1 18 18 69 0x0  47 0
94 100 4289 36 0 0 0x1 0 0 0 0x0 5 5 52 0x0 14 14 58 0x0  28 0
96 230 4257 19 0 0 0x1 0 0 0 0x0 1 1 26 0x1 22 22 86 0x0  17 0
98 98 4282 32 0 0 0x1 0 0 0 0x0 7 7 66 0x0 14 14 51 0x0  16 0
100 92 4297 24 0 0 0x1 0 0 0 0x0 5 5 81 0x1 20 20 88 0x0  56 0
102 109 4283 21 0 0 0x1 0 0 0 0x0 5 5 49 0x0 20 20 87 0x0  44 0
104 52 4295 26 0 0 0x1 0 0 0 0x0 6 6 80 0x0 20 20 91 0x1  72 0
106 224 4246 46 0 0 0x1 0 0 0 0x0 3 3 52 0x1 11 11 31 0x1  50 0
108 130 4275 13 0 0 0x1 0 0 0 0x0 7 7 80 0x0 8 8 18 0x1  12 0
110 52 4297 34 0 0 0x1 0 0 0 0x0 6 6 79 0x0 15 15 55 0x0  14 0
112 52 4294 28 0 0 0x1 0 0 0 0x0 4 4 53 0x0 21 21 87 0x0  41 0
114 63 4295 22 0 0 0x1 0 0 0 0x0 6 6 81 0x0 20 20 88 0x0  26 0
116 153 4265 23 0 0 0x1 0 0 0 0x0 5 5 84 0x1 20 20 88 0x0  15 0
118 96 4287 19 0 0 0x1 0 0 0 0x0 5 5 54 0x0 20 20 87 0x0  61 0
120 53 4296 24 0 0 0x1 0 0 0 0x0 6 6 98 0x1 21 21 92 0x1  24 0
122 149 4268 18 0 0 0x1 0 0 0 0x0 4 4 42 0x0 20 20 88 0x1  37 0
124 57 4294 25 0 0 0x1 0 0 0 0x0 6 6 81 0x0 22 22 87 0x0  65 0
126 54 4294 31 0 0 0x1 0 0 0 0x0 7 7 96 0x0 20 20 88 0x0  4 0
128 188 4265 24 0 0 0x1 0 0 0 0x0 3 3 39 0x0 20 20 87 0x0  25 0
130 53 4294 32 0 0 0x1 0 0 0 0x0 7 7 92 0x0 20 20 86 0x0  45 0
132 234 4251 28 0 0 0x1 0 0 0 0x0 4 4 67 0x1 20 20 87 0x0  14 0
134 53 4292 32 0 0 0x1 0 0 0 0x0 6 6 64 0x0 20 20 88 0x0  63 0
136 147 4287 23 0 0 0x1 0 0 0 0x0 6 6 80 0x0 21 21 87 0x0  73 0
138 80 4285 33 0 0 0x1 0 0 0 0x0 3 3 53 0x1 19 19 86 0x1  41 0
140 177 4259 41 0 0 0x1 0 0 0 0x0 7 7 80 0x0 11 11 20 0x1  14 0
142 53 4289 18 0 0 0x1 0 0 0 0x0 6 6 79 0x0 9 9 21 0x1  45 0
144 66 4287 32 0 0 0x1 0 0 0 0x0 2 2 25 0x0 18 18 74 0x0  20 0
146 98 4287 25 0 0 0x1 0 0 0 0x0 6 6 79 0x0 20 20 88 0x0  8 0
148 193 4248 33 0 0 0x1 0 0 0 0x0 4 4 66 0x1 20 20 86 0x0  56 0
150 60 4292 48 0 0 0x1 0 0 0 0x0 6 6 65 0x0 20 20 88 0x0  47 0
152 53 4290 27 0 0 0x1 0 0 0 0x0 6 6 94 0x1 20 20 92 0x1  17 0
154 179 4267 30 0 0 0x1 0 0 0 0x0 4 4 41 0x0 22 22 87 0x0  55 1
156 53 4291 31 0 0 0x1 0 0 0 0x0 6 6 84 0x0 19 19 88 0x1  5 0
158 79 4289 31 0 0 0x1 0 0 0 0x0 6 6 97 0x1 21 21 87 0x0  23 0
160 54 4290 41 0 0 0x1 0 0 0 0x0 4 4 34 0x0 20 20 87 0x0  57 1
162 59 4289 29 0 0 0x1 0 0 0 0x0 7 7 92 0x0 20 20 86 0x0  17 1
164 205 4246 31 0 0 0x1 0 0 0 0x0 3 3 53 0x1 20 20 87 0x0  31 0
166 58 4287 32 0 0 0x1 0 0 0 0x0 7 7 77 0x0 21 21 87 0x0  63 1
168 157 4270 26 0 0 0x1 0 0 0 0x0 6 6 79 0x0 20 20 88 0x0  47 0
170 53 4287 25 0 0 0x1 0 0 0 0x0 3 3 53 0x1 21 21 88 0x0  13 0
172 104 4275 26 0 0 0x1 0 0 0 0x0 7 7 81 0x0 16 16 67 0x1  54 0
174 224 4247 32 0 0 0x1 0 0 0 0x0 5 5 84 0x1 9 9 19 0x0  6 0
176 175 4260 28 0 0 0x1 0 0 0 0x0 5 5 51 0x0 10 10 27 0x0  11 0
178 103 4278 34 0 0 0x1 0 0 0 0x0 6 6 79 0x0 20 20 84 0x0  59 1
180 265 4235 33 0 0 0x1 0 0 0 0x0 3 3 53 0x1 20 20 87 0x0  46 1
182 66 4285 28 0 0 0x1 0 0 0 0x0 7 7 80 0x0 21 21 85 0x0  22 0
184 54 4287 31 0 0 0x1 0 0 0 0x0 7 7 98 0x0 20 20 86 0x0  51 0
186 201 4257 30 0 0 0x1 0 0 0 0x0 3 3 39 0x0 20 20 88 0x0  4 0
188 54 4287 33 0 0 0x1 0 0 0 0x0 6 6 93 0x1 20 20 92 0x1  22 0
190 189 4240 31 0 0 0x1 0 0 0 0x0 5 5 66 0x1 20 20 88 0x1  46 0
192 61 4284 18 0 0 0x1 0 0 0 0x0 5 5 52 0x0 21 21 88 0x0  18 0
194 154 4258 27 0 0 0x1 0 0 0 0x0 3 3 55 0x1 21 21 87 0x0  11 0
196 147 4264 39 0 0 0x1 0 0 0 0x0 3 3 28 0x0 20 20 88 0x0  73 0
198 52 4285 34 0 0 0x1 0 0 0 0x0 7 7 88 0x0 20 20 87 0x0  62 0
200 54 4278 24 0 0 0x1 0 0 0 0x0 2 2 18 0x0 21 21 87 0x0  12 0
202 53 4282 26 0 0 0x1 0 0 0 0x0 4 4 52 0x0 18 18 79 0x1  68 1
204 200 4265 44 0 0 0x1 0 0 0 0x0 6 6 79 0x0 12 12 51 0x1  18 1
206 236 4233 40 0 0 0x1 0 0 0 0x0 4 4 66 0x1 11 11 40 0x1  11 1
208 224 4243 28 0 0 0x1 0 0 0 0x0 6 6 69 0x0 8 7 18 0x0  61 1
210 88 4274 30 0 0 0x1 0 0 0 0x0 4 4 52 0x0 13 14 51 0x0  30 0
212 54 4279 31 0 0 0x1 0 0 0 0x0 4 4 54 0x0 21 21 87 0x0  45 0
214 123 4272 37 0 0 0x1 0 0 0 0x0 6 6 84 0x0 12 12 51 0x0  54 0
216 53 4283 30 0 0 0x1 0 0 0 0x0 6 6 98 0x1 16 16 69 0x0  7 0
218 168 4255 24 0 0 0x1 0 0 0 0x0 2 2 12 0x0 20 20 87 0x0  16 0
220 113 4271 29 0 0 0x1 0 0 0 0x0 4 4 62 0x1 19 19 87 0x1  39 1
222 174 4244 28 0 0 0x1 0 0 0 0x0 4 4 53 0x1 9 9 34 0x0  29 0
224 103 4275 37 0 0 0x1 0 0 0 0x0 6 6 68 0x0 21 21 91 0x1  14 1
226 103 4268 34 0 0 0x1 0 0 0 0x0 7 7 96 0x0 15 15 66 0x1  42 0
228 163 4250 24 0 0 0x1 0 0 0 0x0 1 1 28 0x1 14 14 56 0x0  21 1
230 246 4241 43 0 0 0x1 0 0 0 0x0 6 6 65 0x1 20 20 86 0x0  19 1
232 68 4281 34 0 0 0x1 0 0 0 0x0 6 6 81 0x1 19 19 82 0x0  57 0
234 53 4280 30 0 0 0x1 0 0 0 0x0 4 4 37 0x0 20 20 86 0x0  44 0
236 53 4282 32 0 0 0x1 0 0 0 0x0 7 7 97 0x0 20 20 85 0x0  33 0
238 149 4250 23 0 0 0x1 0 0 0 0x0 3 3 55 0x1 18 18 78 0x0  12 0
240 151 4257 37 0 0 0x1 0 0 0 0x0 7 7 83 0x0 8 8 26 0x1  47 0
242 109 4266 23 0 0 0x1 0 0 0 0x0 6 6 82 0x0 8 8 18 0x1  52 0
244 128 4241 27 0 0 0x1 0 0 0 0x0 3 3 54 0x1 16 16 63 0x0  16 0
246 108 4266 39 0 0 0x1 0 0 0 0x0 7 7 83 0x0 20 20 87 0x0  49 0
248 200 4254 39 0 0 0x1 0 0 0 0x0 5 5 84 0x1 20 20 92 0x1  12 0
250 53 4279 22 0 0 0x1 0 0 0 0x0 5 5 52 0x0 17 17 70 0x0  13 0
252 53 4278 28 0 0 0x1 0 0 0 0x0 6 6 84 0x0 12 12 52 0x0  52 0
254 195 4238 25 0 0 0x1 0 0 0 0x0 4 4 53 0x0 18 18 74 0x1  13 0
256 54 4279 35 0 0 0x1 0 0 0 0x0 6 6 80 0x0 20 20 78 0x0  32 1
258 92 4274 35 0 0 0x1 0 0 0 0x0 6 6 97 0x1 20 20 86 0x0  47 1
260 139 4260 33 0 0 0x1 0 0 0 0x0 4 4 38 0x0 15 15 61 0x0  4 0
262 158 4260 24 0 0 0x1 0 0 0 0x0 6 6 97 0x0 20 20 85 0x0  38 0
264 199 4246 31 0 0 0x1 0 0 0 0x0 5 5 71 0x1 20 20 83 0x0  56 0
266 61 4274 44 0 0 0x1 0 0 0 0x0 5 5 55 0x0 20 20 90 0x1  61 0
268 54 4279 22 0 0 0x1 0 0 0 0x0 7 7 95 0x0 20 20 83 0x1  13 0
270 103 4266 34 0 0 0x1 0 0 0 0x0 3 3 42 0x0 22 22 87 0x0  86 0
272 54 4275 38 0 0 0x1 0 0 0 0x0 7 7 91 0x0 17 17 74 0x1  31 0
274 56 4273 31 0 0 0x1 0 0 0 0x0 6 6 79 0x0 10 10 19 0x1  7 0
276 201 4245 30 0 0 0x1 0 0 0 0x0 4 4 52 0x0 7 7 15 0x0  49 0
278 56 4277 28 0 0 0x1 0 0 0 0x0 6 6 79 0x0 20 20 87 0x1  16 0
280 150 4247 40 0 0 0x1 0 0 0 0x0 4 4 67 0x1 20 20 85 0x1  11 0
282 53 4276 27 0 0 0x1 0 0 0 0x0 6 6 66 0x0 22 22 86 0x0  59 1
284 53 4277 30 0 0 0x1 0 0 0 0x0 6 6 82 0x0 20 20 87 0x0  14 1
286 54 4273 26 0 0 0x1 0 0 0 0x0 4 4 54 0x0 21 21 88 0x0  18 0
288 53 4276 31 0 0 0x1 0 0 0 0x0 6 6 84 0x0 20 20 87 0x0  46 1
290 62 4276 27 0 0 0x1 0 0 0 0x0 6 6 99 0x1 20 20 88 0x0  19 0
292 149 4246 42 0 0 0x1 0 0 0 0x0 0 0 0 0x1 20 20 88 0x0  26 1
294 231 4253 36 0 0 0x1 0 0 0 0x0 7 7 87 0x1 21 21 86 0x0  79 0
296 153 4247 37 0 0 0x1 0 0 0 0x0 4 4 55 0x1 20 20 92 0x1  23 0
298 53 4275 34 0 0 0x1 0 0 0 0x0 6 6 67 0x0 21 21 87 0x0  15 0
300 208 4253 45 0 0 0x1 0 0 0 0x0 7 7 97 0x0 17 17 74 0x1  81 0
302 150 4246 26 0 0 0x1 0 0 0 0x0 2 2 28 0x0 14 14 56 0x0  42 0
304 53 4276 36 0 0 0x1 0 0 0 0x0 7 7 89 0x0 20 20 86 0x0  58 0
306 207 4237 21 0 0 0x1 0 0 0 0x0 5 5 81 0x1 15 15 54 0x0  19 0
308 197 4253 28 0 0 0x1 0 0 0 0x0 6 6 42 0x0 8 8 20 0x0  20 0
310 96 4271 24 0 0 0x1 0 0 0 0x0 6 6 80 0x0 12 12 39 0x1  58 1
312 239 4236 30 0 0 0x1 0 0 0 0x0 3 3 53 0x1 21 21 88 0x0  10 0
314 63 4262 23 0 0 0x1 0 0 0 0x0 6 6 62 0x0 20 20 88 0x0  19 1
316 66 4271 23 0 0 0x1 0 0 0 0x0 6 6 93 0x1 20 20 87 0x0  61 0
318 54 4273 17 0 0 0x1 0 0 0 0x0 4 4 40 0x0 20 20 88 0x0  10 0
320 54 4274 24 0 0 0x1 0 0 0 0x0 6 6 83 0x0 21 21 87 0x0  23 0
322 256 4240 27 0 0 0x1 0 0 0 0x0 5 5 84 0x1 21 21 85 0x0  40 1
324 53 4274 46 0 0 0x1 0 0 0 0x0 4 4 33 0x0 20 20 87 0x0  51 0
326 52 4276 27 0 0 0x1 0 0 0 0x0 7 7 97 0x0 21 20 89 0x0  21 0
328 54 4269 28 0 0 0x1 0 0 0 0x0 3 3 39 0x0 20 21 86 0x0  41 0
330 243 4242 20 0 0 0x1 0 0 0 0x0 6 6 91 0x1 20 20 86 0x0  39 0
332 54 4275 26 0 0 0x1 0 0 0 0x0 7 7 84 0x0 20 20 88 0x0  30 0
334 54 4272 41 0 0 0x1 0 0 0 0x0 3 3 53 0x1 20 20 86 0x0  80 1
336 54 4275 37 0 0 0x1 0 0 0 0x0 7 7 83 0x0 20 20 88 0x0  48 0
338 170 4240 31 0 0 0x1 0 0 0 0x0 4 4 70 0x1 20 20 85 0x0  13 0
340 105 4258 28 0 0 0x1 0 0 0 0x0 6 6 68 0x1 12 12 34 0x1  54 0
342 106 4258 35 0 0 0x1 0 0 0 0x0 7 7 71 0x0 7 7 18 0x1  8 0
344 145 4252 42 0 0 0x1 0 0 0 0x0 4 4 51 0x0 16 16 60 0x0  22 0
346 55 4272 37 0 0 0x1 0 0 0 0x0 6 6 80 0x0 20 20 87 0x0  47 0
348 237 4227 30 0 0 0x1 0 0 0 0x0 6 6 93 0x1 20 20 88 0x0  7 0
350 99 4262 26 0 0 0x1 0 0 0 0x0 4 4 38 0x0 20 20 88 0x0  13 0
352 53 4272 28 0 0 0x1 0 0 0 0x0 6 6 81 0x0 21 21 87 0x0  43 0
354 279 4219 29 0 0 0x1 0 0 0 0x0 2 2 38 0x1 21 21 86 0x0  34 0
356 54 4271 26 0 0 0x1 0 0 0 0x0 6 6 67 0x0 20 20 88 0x0  3 0
358 165 4244 30 0 0 0x1 0 0 0 0x0 5 5 84 0x1 21 21 87 0x0  81 0
360 152 4239 29 0 0 0x1 0 0 0 0x0 0 0 0 0x1 20 20 89 0x1  58 0
362 102 4257 20 0 0 0x1 0 0 0 0x0 6 6 75 0x1 20 20 86 0x1  18 0
364 221 4228 35 0 0 0x1 0 0 0 0x0 5 5 66 0x1 21 21 85 0x0  23 0
366 65 4260 32 0 0 0x1 0 0 0 0x0 5 5 49 0x0 20 20 88 0x0  48 0
368 54 4271 25 0 0 0x1 0 0 0 0x0 7 7 93 0x0 21 21 89 0x0  27 0
# window_from=2  # samples before this mark saw a lit panel
