# t_s cur_mA v_mV APSS_sd APSS_xosd APSS_xopct APSS_cores LPASS_sd LPASS_xosd LPASS_xopct LPASS_cores MPSS_sd MPSS_xosd MPSS_xopct MPSS_cores PRONTO_sd PRONTO_xosd PRONTO_xopct PRONTO_cores edge_irq_per_s modem_irq_per_s
2 57 4259 28 0 0 0x1 0 0 0 0x0 7 7 106 0x0 20 20 88 0x0  82 0
4 54 4255 26 0 0 0x1 0 0 0 0x0 6 6 91 0x0 20 20 88 0x0  6 0
6 90 4252 38 0 0 0x1 0 0 0 0x0 7 7 106 0x0 22 22 91 0x0  52 0
8 54 4253 28 0 0 0x1 0 0 0 0x0 6 6 91 0x0 21 21 88 0x0  11 0
10 53 4252 23 0 0 0x1 0 0 0 0x0 6 6 90 0x0 20 20 88 0x0  44 0
12 53 4250 27 0 0 0x1 0 0 0 0x0 7 7 106 0x0 20 20 86 0x0  39 0
14 54 4249 22 0 0 0x1 0 0 0 0x0 6 6 91 0x0 20 20 88 0x0  5 0
16 59 4238 27 0 0 0x1 0 0 0 0x0 7 7 105 0x0 20 20 88 0x0  48 0
18 54 4248 31 0 0 0x1 0 0 0 0x0 6 6 91 0x0 21 21 87 0x0  42 0
20 166 4230 25 0 0 0x1 0 0 0 0x0 7 7 106 0x0 20 20 88 0x0  60 0
22 70 4247 35 0 0 0x1 0 0 0 0x0 6 6 91 0x0 20 20 88 0x0  10 0
24 53 4246 29 0 0 0x1 0 0 0 0x0 6 6 91 0x0 20 20 86 0x0  40 0
26 64 4242 31 0 0 0x1 0 0 0 0x0 7 7 106 0x0 20 20 87 0x0  75 0
28 99 4231 37 0 0 0x1 0 0 0 0x0 6 6 91 0x0 17 17 67 0x0  8 0
30 224 4213 30 0 0 0x1 0 0 0 0x0 7 7 106 0x0 9 9 21 0x1  70 0
32 53 4239 37 0 0 0x1 0 0 0 0x0 6 6 91 0x0 9 9 25 0x1  15 0
34 53 4243 33 0 0 0x1 0 0 0 0x0 7 7 106 0x0 19 19 81 0x1  7 0
36 92 4233 25 0 0 0x1 0 0 0 0x0 6 6 89 0x0 21 21 88 0x0  48 0
38 99 4231 28 0 0 0x1 0 0 0 0x0 6 6 90 0x0 19 19 80 0x0  7 0
40 213 4227 32 0 0 0x1 0 0 0 0x0 7 7 106 0x0 20 20 86 0x0  28 0
42 53 4232 36 0 0 0x1 0 0 0 0x0 1 1 27 0x1 20 20 84 0x0  80 0
44 98 4234 29 0 0 0x1 0 0 0 0x0 7 7 76 0x0 20 20 88 0x0  8 0
46 242 4209 17 0 0 0x1 0 0 0 0x0 5 5 81 0x1 20 20 88 0x0  20 0
48 56 4238 33 0 0 0x1 0 0 0 0x0 5 5 55 0x0 21 21 91 0x1  40 0
50 54 4237 35 0 0 0x1 0 0 0 0x0 6 6 84 0x0 20 20 82 0x0  26 0
52 183 4206 33 0 0 0x1 0 0 0 0x0 3 3 34 0x0 20 20 88 0x0  11 0
54 226 4193 32 0 0 0x1 0 0 0 0x0 6 6 83 0x0 13 13 58 0x1  46 0
56 55 4234 32 0 0 0x1 0 0 0 0x0 6 6 95 0x1 16 16 63 0x0  24 0
58 64 4233 27 0 0 0x1 0 0 0 0x0 4 4 40 0x0 20 20 87 0x0  12 0
60 59 4232 22 0 0 0x1 0 0 0 0x0 6 6 82 0x0 21 21 86 0x0  99 0
62 233 4192 35 0 0 0x1 0 0 0 0x0 1 1 28 0x1 12 12 49 0x1  39 0
64 224 4197 35 0 0 0x1 0 0 0 0x0 6 6 79 0x1 10 10 21 0x1  31 0
66 53 4232 31 0 0 0x1 0 0 0 0x0 6 6 69 0x0 12 12 45 0x1  55 0
68 54 4232 28 0 0 0x1 0 0 0 0x0 3 3 41 0x0 20 20 88 0x1  7 0
70 154 4214 22 0 0 0x1 0 0 0 0x0 6 6 97 0x1 22 22 86 0x0  25 0
72 165 4205 41 0 0 0x1 0 0 0 0x0 3 3 37 0x1 19 19 82 0x0  72 0
74 54 4229 37 0 0 0x1 0 0 0 0x0 5 5 64 0x1 20 20 88 0x0  17 0
76 54 4233 23 0 0 0x1 0 0 0 0x0 7 7 83 0x0 20 20 85 0x1  17 0
78 119 4213 35 0 0 0x1 0 0 0 0x0 3 3 42 0x0 16 16 65 0x0  46 0
80 102 4215 29 0 0 0x1 0 0 0 0x0 7 7 92 0x0 12 12 44 0x0  20 0
82 115 4219 23 0 0 0x1 0 0 0 0x0 4 4 49 0x0 16 16 67 0x0  6 0
84 148 4212 48 0 0 0x1 0 0 0 0x0 4 4 52 0x0 20 20 91 0x1  60 0
86 57 4213 28 0 0 0x1 0 0 0 0x0 6 6 79 0x0 20 20 87 0x1  12 0
88 155 4202 27 0 0 0x1 0 0 0 0x0 5 5 60 0x1 22 22 87 0x0  7 0
90 66 4229 27 0 0 0x1 0 0 0 0x0 6 6 64 0x0 20 20 88 0x0  89 0
92 100 4217 29 0 0 0x1 0 0 0 0x0 4 4 49 0x0 16 16 75 0x1  9 0
94 154 4201 36 0 0 0x1 0 0 0 0x0 4 4 52 0x0 20 20 82 0x0  74 0
96 105 4211 34 0 0 0x1 0 0 0 0x0 6 6 80 0x0 9 9 29 0x1  42 0
98 54 4224 30 0 0 0x1 0 0 0 0x0 6 6 95 0x1 8 8 20 0x1  6 0
100 54 4227 24 0 0 0x1 0 0 0 0x0 4 4 39 0x0 16 16 63 0x1  27 0
102 59 4227 35 0 0 0x1 0 0 0 0x0 3 3 52 0x1 21 21 88 0x0  79 0
104 196 4191 38 0 0 0x1 0 0 0 0x0 4 4 56 0x1 20 20 88 0x0  21 0
106 195 4191 26 0 0 0x1 0 0 0 0x0 3 3 39 0x1 21 21 87 0x0  9 0
108 54 4226 31 0 0 0x1 0 0 0 0x0 6 6 65 0x0 20 20 88 0x0  45 0
110 54 4223 36 0 0 0x1 0 0 0 0x0 3 3 39 0x0 21 21 88 0x0  30 0
112 53 4227 32 0 0 0x1 0 0 0 0x0 7 7 92 0x0 20 20 87 0x0  8 0
114 246 4197 21 0 0 0x1 0 0 0 0x0 5 5 83 0x1 19 19 81 0x0  65 0
116 87 4208 33 0 0 0x1 0 0 0 0x0 2 2 24 0x1 19 19 82 0x0  10 0
118 68 4222 28 0 0 0x1 0 0 0 0x0 7 7 75 0x0 21 21 87 0x0  15 0
120 158 4197 42 0 0 0x1 0 0 0 0x0 3 3 53 0x1 20 20 88 0x0  77 0
122 54 4226 28 0 0 0x1 0 0 0 0x0 6 6 59 0x0 20 20 92 0x1  24 0
124 60 4219 22 0 0 0x1 0 0 0 0x0 6 6 79 0x0 20 20 87 0x1  23 0
126 161 4194 28 0 0 0x1 0 0 0 0x0 2 2 26 0x0 21 21 88 0x0  60 0
128 99 4210 34 0 0 0x1 0 0 0 0x0 6 6 81 0x0 16 16 68 0x0  19 0
130 368 4165 34 0 0 0x1 0 0 0 0x0 5 5 83 0x1 8 8 20 0x0  21 0
132 151 4208 39 0 0 0x1 0 0 0 0x0 5 5 54 0x0 7 7 20 0x1  82 0
134 54 4224 32 0 0 0x1 0 0 0 0x0 6 6 97 0x1 20 20 78 0x0  30 0
136 104 4201 31 0 0 0x1 0 0 0 0x0 4 4 40 0x0 20 20 88 0x0  5 0
138 55 4220 26 0 0 0x1 0 0 0 0x0 6 6 74 0x0 20 20 87 0x0  43 0
140 54 4223 32 0 0 0x1 0 0 0 0x0 8 8 87 0x0 19 19 85 0x1  25 0
142 52 4222 41 0 0 0x1 0 0 0 0x0 3 3 39 0x0 22 22 86 0x0  12 0
144 53 4224 27 0 0 0x1 0 0 0 0x0 7 7 93 0x0 20 20 88 0x0  61 0
146 178 4190 14 0 0 0x1 0 0 0 0x0 4 4 66 0x1 21 21 87 0x0  10 0
148 54 4225 27 0 0 0x1 0 0 0 0x0 5 5 66 0x1 20 20 88 0x0  12 0
150 54 4221 31 0 0 0x1 0 0 0 0x0 7 7 80 0x0 20 20 88 0x0  75 0
152 152 4193 37 0 0 0x1 0 0 0 0x0 3 3 51 0x0 20 20 87 0x0  12 0
154 54 4223 35 0 0 0x1 0 0 0 0x0 7 7 79 0x0 20 20 88 0x0  34 0
156 175 4188 33 0 0 0x1 0 0 0 0x0 2 2 39 0x1 20 20 85 0x0  42 0
158 158 4211 16 0 0 0x1 0 0 0 0x0 5 5 46 0x0 21 21 87 0x0  27 0
160 68 4220 37 0 0 0x1 0 0 0 0x0 7 7 75 0x0 20 20 92 0x1  29 0
162 200 4179 35 0 0 0x1 0 0 0 0x0 3 3 53 0x1 15 15 57 0x1  31 0
164 113 4206 22 0 0 0x1 0 0 0 0x0 7 7 78 0x0 10 10 20 0x1  39 0
166 157 4190 29 0 0 0x1 0 0 0 0x0 4 4 66 0x1 11 11 32 0x0  9 0
168 242 4176 27 0 0 0x1 0 0 0 0x0 1 1 0 0x0 20 20 86 0x0  85 0
170 174 4186 37 0 0 0x1 0 0 0 0x0 6 6 74 0x0 20 20 86 0x0  16 0
172 184 4174 24 0 0 0x1 0 0 0 0x0 4 4 67 0x1 20 20 88 0x0  14 0
174 97 4210 27 0 0 0x1 0 0 0 0x0 6 6 60 0x0 20 20 88 0x0  53 0
176 54 4220 31 0 0 0x1 0 0 0 0x0 5 5 65 0x0 22 22 87 0x0  8 0
178 67 4214 16 0 0 0x1 0 0 0 0x0 3 3 38 0x0 20 20 91 0x1  30 0
180 59 4217 35 0 0 0x1 0 0 0 0x0 4 4 64 0x1 21 21 86 0x0  80 0
182 182 4188 25 0 0 0x1 0 0 0 0x0 6 6 80 0x1 20 20 86 0x0  11 0
184 100 4216 20 0 0 0x1 0 0 0 0x0 4 4 38 0x0 20 20 88 0x0  13 0
186 53 4221 28 0 0 0x1 0 0 0 0x0 8 8 86 0x0 20 20 88 0x0  40 0
188 173 4191 27 0 0 0x1 0 0 0 0x0 3 3 53 0x1 21 21 87 0x0  21 0
190 55 4219 22 0 0 0x1 0 0 0 0x0 7 7 80 0x0 20 20 88 0x0  55 0
192 54 4220 21 0 0 0x1 0 0 0 0x0 6 6 79 0x0 20 20 88 0x0  52 0
194 53 4219 27 0 0 0x1 0 0 0 0x0 3 3 53 0x1 21 20 87 0x0  26 0
196 54 4216 40 0 0 0x1 0 0 0 0x0 7 7 84 0x0 13 13 43 0x1  14 0
198 219 4172 38 0 0 0x1 0 0 0 0x0 5 5 84 0x1 7 7 13 0x0  105 0
200 53 4218 30 0 0 0x1 0 0 0 0x0 5 5 54 0x0 13 13 48 0x0  7 0
202 68 4219 14 0 0 0x1 0 0 0 0x0 6 6 84 0x0 20 20 93 0x0  18 0
204 190 4183 34 0 0 0x1 0 0 0 0x0 4 4 55 0x0 21 21 87 0x1  61 0
206 55 4212 14 0 0 0x1 0 0 0 0x0 6 6 80 0x0 21 21 88 0x0  13 0
208 54 4220 27 0 0 0x1 0 0 0 0x0 6 6 95 0x1 20 20 88 0x0  18 0
210 54 4215 31 0 0 0x1 0 0 0 0x0 4 4 37 0x0 20 20 88 0x0  58 0
212 100 4210 24 0 0 0x1 0 0 0 0x0 6 6 80 0x0 20 20 88 0x0  26 0
214 155 4189 25 0 0 0x1 0 0 0 0x0 5 5 79 0x1 20 20 86 0x0  26 0
216 54 4219 30 0 0 0x1 0 0 0 0x0 5 5 53 0x0 21 21 87 0x0  50 0
218 94 4210 31 0 0 0x1 0 0 0 0x0 7 7 92 0x0 20 20 88 0x0  20 0
220 159 4184 33 0 0 0x1 0 0 0 0x0 3 3 39 0x0 20 20 92 0x1  42 0
222 53 4219 25 0 0 0x1 0 0 0 0x0 6 6 93 0x1 21 21 87 0x0  54 0
224 106 4215 41 0 0 0x1 0 0 0 0x0 7 7 80 0x0 20 20 88 0x0  26 0
226 55 4217 28 0 0 0x1 0 0 0 0x0 3 3 40 0x0 20 20 88 0x0  14 0
228 58 4215 27 0 0 0x1 0 0 0 0x0 7 7 98 0x0 20 20 86 0x0  89 0
230 205 4176 35 0 0 0x1 0 0 0 0x0 4 4 69 0x1 6 6 20 0x1  11 0
232 204 4187 25 0 0 0x1 0 0 0 0x0 6 6 68 0x0 6 6 16 0x1  44 0
234 58 4218 39 0 0 0x1 0 0 0 0x0 6 6 81 0x0 18 18 68 0x0  51 0
236 68 4208 30 0 0 0x1 0 0 0 0x0 4 4 49 0x0 20 20 92 0x1  14 0
238 204 4187 26 0 0 0x1 0 0 0 0x0 6 6 80 0x0 20 20 88 0x1  12 0
240 59 4216 32 0 0 0x1 0 0 0 0x0 6 6 93 0x1 21 21 85 0x0  74 0
242 172 4192 25 0 0 0x1 0 0 0 0x0 4 4 39 0x0 20 19 87 0x0  30 0
244 54 4219 35 0 0 0x1 0 0 0 0x0 6 6 80 0x0 20 21 86 0x0  10 0
246 201 4188 40 0 0 0x1 0 0 0 0x0 4 4 70 0x1 21 21 85 0x0  53 0
248 139 4203 26 0 0 0x1 0 0 0 0x0 6 6 70 0x0 20 20 88 0x0  17 0
250 54 4216 34 0 0 0x1 0 0 0 0x0 7 7 97 0x0 20 20 87 0x0  14 0
252 54 4214 24 0 0 0x1 0 0 0 0x0 3 3 40 0x0 20 20 87 0x0  65 0
254 53 4217 29 0 0 0x1 0 0 0 0x0 6 6 98 0x1 20 20 92 0x1  118 0
256 54 4218 31 0 0 0x1 0 0 0 0x0 6 6 80 0x1 21 21 88 0x0  58 0
258 66 4207 40 0 0 0x1 0 0 0 0x0 4 4 37 0x0 21 21 84 0x0  62 0
260 134 4179 29 0 0 0x1 0 0 0 0x0 4 4 65 0x1 20 20 88 0x0  15 0
262 208 4171 34 0 0 0x1 0 0 0 0x0 4 4 49 0x1 16 16 69 0x1  60 0
264 107 4181 42 0 0 0x1 0 0 0 0x0 7 7 76 0x0 7 7 19 0x1  14 0
266 304 4161 29 0 0 0x1 0 0 0 0x0 2 2 26 0x0 8 8 15 0x0  14 0
268 54 4213 26 0 0 0x1 0 0 0 0x0 4 4 48 0x0 20 20 85 0x0  56 0
270 65 4215 25 0 0 0x1 0 0 0 0x0 6 6 80 0x0 21 21 91 0x0  45 0
272 172 4187 27 0 0 0x1 0 0 0 0x0 5 5 82 0x1 20 20 85 0x0  29 0
274 181 4192 36 0 0 0x1 0 0 0 0x0 5 5 55 0x0 21 21 86 0x0  44 0
276 54 4215 27 0 0 0x1 0 0 0 0x0 4 4 51 0x0 21 21 87 0x0  18 0
278 159 4188 28 0 0 0x1 0 0 0 0x0 4 4 55 0x0 20 20 88 0x0  5 0
280 53 4215 29 0 0 0x1 0 0 0 0x0 6 6 77 0x0 20 20 87 0x0  44 0
282 118 4210 30 0 0 0x1 0 0 0 0x0 7 7 93 0x0 16 16 70 0x0  26 0
284 54 4214 27 0 0 0x1 0 0 0 0x0 3 3 40 0x0 20 20 88 0x0  46 0
286 126 4195 31 0 0 0x1 0 0 0 0x0 4 4 61 0x1 21 21 87 0x0  64 0
288 166 4175 39 0 0 0x1 0 0 0 0x0 5 5 67 0x1 21 20 92 0x0  24 0
290 99 4202 18 0 0 0x1 0 0 0 0x0 5 5 63 0x1 12 13 52 0x0  20 0
292 192 4184 26 0 0 0x1 0 0 0 0x0 7 7 79 0x0 21 21 87 0x0  83 0
294 54 4211 34 0 0 0x1 0 0 0 0x0 3 3 40 0x0 20 20 88 0x0  12 0
296 101 4198 29 0 0 0x1 0 0 0 0x0 5 5 60 0x0 12 12 48 0x1  23 0
298 160 4192 41 0 0 0x1 0 0 0 0x0 6 6 79 0x0 7 7 16 0x1  32 0
300 201 4182 27 0 0 0x1 0 0 0 0x0 2 2 16 0x0 11 11 39 0x1  49 0
302 55 4214 22 0 0 0x1 0 0 0 0x0 6 6 78 0x0 20 20 88 0x1  40 0
304 192 4171 30 0 0 0x1 0 0 0 0x0 4 4 70 0x1 22 22 82 0x0  45 0
306 54 4214 27 0 0 0x1 0 0 0 0x0 6 6 68 0x0 20 20 88 0x0  19 0
308 107 4204 25 0 0 0x1 0 0 0 0x0 6 6 84 0x0 20 20 88 0x0  21 0
310 183 4188 25 0 0 0x1 0 0 0 0x0 4 4 54 0x0 21 21 87 0x0  46 0
312 54 4214 25 0 0 0x1 0 0 0 0x0 6 6 82 0x0 20 20 87 0x0  24 0
314 218 4178 25 0 0 0x1 0 0 0 0x0 6 6 96 0x1 20 20 88 0x0  11 0
316 62 4202 26 0 0 0x1 0 0 0 0x0 4 4 41 0x0 21 21 86 0x0  65 0
318 54 4214 42 0 0 0x1 0 0 0 0x0 6 6 97 0x1 20 20 88 0x0  49 0
320 154 4184 20 0 0 0x1 0 0 0 0x0 4 4 56 0x1 21 20 93 0x0  20 0
322 54 4214 38 0 0 0x1 0 0 0 0x0 6 6 68 0x0 21 22 87 0x0  58 0
324 54 4215 23 0 0 0x1 0 0 0 0x0 7 7 94 0x0 20 20 88 0x0  11 0
326 54 4211 37 0 0 0x1 0 0 0 0x0 3 3 35 0x0 17 17 73 0x0  24 0
328 226 4188 36 0 0 0x1 0 0 0 0x0 7 7 93 0x0 20 20 86 0x0  15 0
330 157 4183 48 0 0 0x1 0 0 0 0x0 5 5 79 0x1 11 11 31 0x1  90 0
332 191 4192 39 0 0 0x1 0 0 0 0x0 5 5 51 0x0 8 8 17 0x0  24 0
334 93 4206 34 0 0 0x1 0 0 0 0x0 6 6 80 0x0 16 16 61 0x0  47 0
336 164 4183 29 0 0 0x1 0 0 0 0x0 3 3 53 0x1 20 20 92 0x1  25 0
338 54 4212 28 0 0 0x1 0 0 0 0x0 7 7 79 0x0 16 16 68 0x1  16 0
340 95 4204 21 0 0 0x1 0 0 0 0x0 6 6 84 0x0 21 21 87 0x0  60 0
342 61 4212 25 0 0 0x1 0 0 0 0x0 4 4 54 0x0 20 20 88 0x0  6 0
344 53 4213 27 0 0 0x1 0 0 0 0x0 6 6 79 0x0 22 22 86 0x0  16 0
346 202 4171 37 0 0 0x1 0 0 0 0x0 5 5 79 0x1 20 20 86 0x0  59 0
348 53 4213 29 0 0 0x1 0 0 0 0x0 5 5 54 0x0 20 20 88 0x0  9 0
350 127 4201 23 0 0 0x1 0 0 0 0x0 6 6 97 0x1 21 21 87 0x0  32 0
352 168 4180 30 0 0 0x1 0 0 0 0x0 4 4 42 0x0 20 20 88 0x0  83 0
354 68 4212 29 0 0 0x1 0 0 0 0x0 6 6 82 0x0 20 20 88 0x0  13 0
356 106 4212 33 0 0 0x1 0 0 0 0x0 7 7 97 0x0 20 20 87 0x0  28 0
358 175 4179 24 0 0 0x1 0 0 0 0x0 1 1 14 0x0 20 20 87 0x0  51 0
360 59 4210 25 0 0 0x1 0 0 0 0x0 6 6 92 0x1 19 19 81 0x0  49 0
362 281 4157 30 0 0 0x1 0 0 0 0x0 5 5 69 0x1 19 19 80 0x1  19 0
364 206 4175 27 0 0 0x1 0 0 0 0x0 5 5 68 0x1 7 7 15 0x1  44 0
366 53 4208 35 0 0 0x1 0 0 0 0x0 7 7 84 0x0 9 9 21 0x1  26 0
368 56 4199 29 0 0 0x1 0 0 0 0x0 3 3 42 0x0 19 19 79 0x0  12 0
# window_from=2  # samples before this mark saw a lit panel
