# t_s cur_mA v_mV APSS_sd APSS_xosd APSS_xopct APSS_cores LPASS_sd LPASS_xosd LPASS_xopct LPASS_cores MPSS_sd MPSS_xosd MPSS_xopct MPSS_cores PRONTO_sd PRONTO_xosd PRONTO_xopct PRONTO_cores
2 0 4351 17 0 0 0x1 0 0 0 0x0 6 6 83 0x0 19 19 84 0x1 
4 0 4351 31 0 0 0x1 0 0 0 0x0 4 4 66 0x1 20 20 80 0x0 
6 0 4351 33 0 0 0x1 0 0 0 0x0 4 4 40 0x0 12 12 46 0x1 
8 0 4351 26 0 0 0x1 0 0 0 0x0 6 6 84 0x0 8 8 15 0x1 
10 0 4351 23 0 0 0x1 0 0 0 0x0 4 4 68 0x1 10 10 26 0x0 
12 211 4298 32 0 0 0x1 0 0 0 0x0 6 6 65 0x0 21 21 85 0x0 
14 52 4324 26 0 0 0x1 0 0 0 0x0 4 4 51 0x0 19 19 82 0x0 
16 263 4272 22 0 0 0x1 0 0 0 0x0 3 3 52 0x1 20 20 84 0x0 
18 53 4323 27 0 0 0x1 0 0 0 0x0 7 7 80 0x0 20 20 84 0x0 
20 52 4322 17 0 0 0x1 0 0 0 0x0 6 6 79 0x0 20 20 85 0x0 
22 53 4320 42 0 0 0x1 0 0 0 0x0 4 4 51 0x0 20 20 86 0x0 
24 52 4320 31 0 0 0x1 0 0 0 0x0 4 4 47 0x0 20 20 81 0x0 
26 161 4285 24 0 0 0x1 0 0 0 0x0 4 4 67 0x1 19 19 86 0x1 
28 63 4318 23 0 0 0x1 0 0 0 0x0 6 6 60 0x0 20 20 84 0x0 
30 115 4311 17 0 0 0x1 0 0 0 0x0 6 6 80 0x0 21 21 81 0x0 
32 151 4296 22 0 0 0x1 0 0 0 0x0 3 3 52 0x1 20 20 82 0x0 
34 83 4310 6 0 0 0x1 0 0 0 0x0 5 5 43 0x0 20 19 84 0x0 
36 52 4321 16 0 0 0x1 0 0 0 0x0 6 6 81 0x0 19 20 85 0x1 
38 53 4318 30 0 0 0x1 0 0 0 0x0 3 3 40 0x0 20 20 81 0x0 
40 135 4304 25 0 0 0x1 0 0 0 0x0 7 7 97 0x0 12 12 43 0x1 
42 254 4270 21 0 0 0x1 0 0 0 0x0 4 4 70 0x1 8 8 18 0x1 
44 155 4280 12 0 0 0x1 0 0 0 0x0 3 3 37 0x1 12 12 45 0x0 
46 52 4317 21 0 0 0x1 0 0 0 0x0 7 7 84 0x0 20 20 85 0x0 
48 53 4304 34 0 0 0x1 0 0 0 0x0 3 3 40 0x0 20 20 85 0x0 
50 100 4310 27 0 0 0x1 0 0 0 0x0 6 6 91 0x1 19 19 81 0x1 
52 95 4313 13 0 0 0x1 0 0 0 0x0 7 7 80 0x0 20 20 79 0x0 
54 154 4283 21 0 0 0x1 0 0 0 0x0 1 1 13 0x0 21 21 85 0x0 
56 63 4312 5 0 0 0x1 0 0 0 0x0 6 6 90 0x1 20 20 86 0x0 
58 206 4277 26 0 0 0x1 0 0 0 0x0 5 5 66 0x1 20 20 87 0x0 
60 52 4315 27 0 0 0x1 0 0 0 0x0 5 5 52 0x0 20 20 82 0x0 
62 112 4278 22 0 0 0x1 0 0 0 0x0 6 6 92 0x1 20 20 85 0x0 
64 150 4284 29 0 0 0x1 0 0 0 0x0 4 4 29 0x0 20 20 85 0x0 
66 66 4313 24 0 0 0x1 0 0 0 0x0 6 6 76 0x0 20 20 85 0x0 
68 82 4308 18 0 0 0x1 0 0 0 0x0 6 6 93 0x1 20 20 85 0x0 
70 97 4302 13 0 0 0x1 0 0 0 0x0 4 4 37 0x0 19 19 85 0x1 
72 174 4293 27 0 0 0x1 0 0 0 0x0 6 6 79 0x0 21 21 77 0x0 
74 215 4266 32 0 0 0x1 0 0 0 0x0 4 4 66 0x1 12 12 38 0x1 
76 177 4272 18 0 0 0x1 0 0 0 0x0 4 4 28 0x0 7 7 13 0x0 
78 89 4304 11 0 0 0x1 0 0 0 0x0 6 6 77 0x0 13 13 50 0x0 
80 159 4283 22 0 0 0x1 0 0 0 0x0 4 4 51 0x0 19 19 86 0x1 
82 52 4312 20 0 0 0x1 0 0 0 0x0 6 6 80 0x0 21 21 80 0x0 
84 93 4304 33 0 0 0x1 0 0 0 0x0 6 6 79 0x0 20 20 80 0x0 
86 168 4281 19 0 0 0x1 0 0 0 0x0 2 2 38 0x1 20 20 86 0x0 
88 108 4295 14 0 0 0x1 0 0 0 0x0 6 6 66 0x0 20 20 86 0x0 
90 223 4269 26 0 0 0x1 0 0 0 0x0 4 4 67 0x1 20 20 84 0x0 
92 106 4298 17 0 0 0x1 0 0 0 0x0 4 4 40 0x0 19 19 79 0x0 
94 52 4310 19 0 0 0x1 0 0 0 0x0 6 6 79 0x0 20 20 79 0x0 
96 53 4306 30 0 0 0x1 0 0 0 0x0 3 3 40 0x0 20 20 87 0x0 
98 62 4308 21 0 0 0x1 0 0 0 0x0 7 7 92 0x0 20 20 85 0x0 
100 107 4295 21 0 0 0x1 0 0 0 0x0 4 4 49 0x0 11 11 51 0x1 
102 52 4306 18 0 0 0x1 0 0 0 0x0 3 3 36 0x0 19 19 76 0x0 
104 152 4282 17 0 0 0x1 0 0 0 0x0 6 6 73 0x1 19 19 82 0x0 
106 236 4258 25 0 0 0x1 0 0 0 0x0 2 2 22 0x1 20 20 84 0x0 
108 109 4290 21 0 0 0x1 0 0 0 0x0 5 5 64 0x0 11 11 39 0x1 
110 148 4294 25 0 0 0x1 0 0 0 0x0 7 7 80 0x0 8 8 19 0x1 
112 53 4298 32 0 0 0x1 0 0 0 0x0 3 3 39 0x0 15 15 48 0x0 
114 166 4279 25 0 0 0x1 0 0 0 0x0 5 5 79 0x1 19 19 87 0x1 
116 54 4308 22 0 0 0x1 0 0 0 0x0 6 6 63 0x0 20 20 82 0x0 
118 62 4304 13 0 0 0x1 0 0 0 0x0 3 3 36 0x0 20 20 87 0x0 
120 67 4302 31 0 0 0x1 0 0 0 0x0 6 6 80 0x0 20 20 84 0x0 
122 196 4273 18 0 0 0x1 0 0 0 0x0 5 5 79 0x1 20 20 82 0x0 
124 275 4266 29 0 0 0x1 0 0 0 0x0 4 4 51 0x1 20 20 82 0x0 
126 53 4304 23 0 0 0x1 0 0 0 0x0 5 5 62 0x0 19 19 86 0x1 
128 124 4283 11 0 0 0x1 0 0 0 0x0 4 4 40 0x0 20 20 82 0x0 
130 84 4294 24 0 0 0x1 0 0 0 0x0 6 6 77 0x0 21 21 84 0x0 
132 85 4301 14 0 0 0x1 0 0 0 0x0 6 6 93 0x1 20 20 87 0x0 
134 293 4259 11 0 0 0x1 0 0 0 0x0 3 3 39 0x1 20 20 87 0x0 
136 157 4298 33 0 0 0x1 0 0 0 0x0 5 5 49 0x0 20 20 80 0x0 
138 166 4280 25 0 0 0x1 0 0 0 0x0 5 5 79 0x1 19 19 86 0x1 
140 193 4281 27 0 0 0x1 0 0 0 0x0 5 5 51 0x0 20 20 83 0x0 
142 113 4289 22 0 0 0x1 0 0 0 0x0 6 6 82 0x0 9 9 35 0x1 
144 209 4260 21 0 0 0x1 0 0 0 0x0 3 3 56 0x1 8 8 18 0x1 
146 53 4305 21 0 0 0x1 0 0 0 0x0 5 5 52 0x0 14 14 52 0x0 
148 52 4306 27 0 0 0x1 0 0 0 0x0 6 6 83 0x0 21 21 86 0x0 
150 53 4302 30 0 0 0x1 0 0 0 0x0 4 4 51 0x0 19 19 84 0x1 
152 101 4288 23 0 0 0x1 0 0 0 0x0 6 6 81 0x0 20 20 81 0x0 
154 67 4307 26 0 0 0x1 0 0 0 0x0 5 5 82 0x1 20 20 85 0x0 
156 53 4304 27 0 0 0x1 0 0 0 0x0 5 5 47 0x0 21 21 85 0x0 
158 56 4288 13 0 0 0x1 0 0 0 0x0 4 4 53 0x0 20 20 86 0x0 
160 189 4273 22 0 0 0x1 0 0 0 0x0 3 3 52 0x1 20 20 86 0x1 
162 51 4305 33 0 0 0x1 0 0 0 0x0 7 7 78 0x0 20 20 87 0x1 
164 85 4299 31 0 0 0x1 0 0 0 0x0 6 6 80 0x0 20 20 82 0x0 
166 62 4299 19 0 0 0x1 0 0 0 0x0 3 3 41 0x0 20 20 85 0x0 
168 172 4280 20 0 0 0x1 0 0 0 0x0 7 7 98 0x0 20 20 85 0x0 
170 211 4268 22 0 0 0x1 0 0 0 0x0 5 5 83 0x1 20 20 86 0x0 
172 63 4299 20 0 0 0x1 0 0 0 0x0 4 4 41 0x0 21 21 84 0x0 
174 62 4302 27 0 0 0x1 0 0 0 0x0 7 7 96 0x0 19 19 87 0x1 
176 217 4258 29 0 0 0x1 0 0 0 0x0 2 2 26 0x0 9 9 27 0x0 
178 134 4284 29 0 0 0x1 0 0 0 0x0 6 6 88 0x1 8 8 19 0x1 
180 125 4298 30 0 0 0x1 0 0 0 0x0 8 8 74 0x0 15 15 54 0x0 
182 188 4275 31 0 0 0x1 0 0 0 0x0 3 3 38 0x0 20 20 83 0x0 
184 71 4303 28 0 0 0x1 0 0 0 0x0 6 6 93 0x1 20 20 85 0x0 
186 197 4260 16 0 0 0x1 0 0 0 0x0 2 2 27 0x1 19 19 86 0x1 
188 59 4301 28 0 0 0x1 0 0 0 0x0 6 6 60 0x0 20 20 82 0x0 
190 58 4290 21 0 0 0x1 0 0 0 0x0 7 7 93 0x0 22 22 84 0x0 
192 53 4299 15 0 0 0x1 0 0 0 0x0 3 3 40 0x0 20 20 86 0x0 
194 106 4292 32 0 0 0x1 0 0 0 0x0 6 6 80 0x0 20 20 84 0x0 
196 93 4296 23 0 0 0x1 0 0 0 0x0 4 4 64 0x1 19 19 85 0x1 
198 101 4288 24 0 0 0x1 0 0 0 0x0 4 4 36 0x0 20 20 81 0x0 
200 165 4268 22 0 0 0x1 0 0 0 0x0 6 6 79 0x0 20 20 87 0x0 
202 218 4260 20 0 0 0x1 0 0 0 0x0 4 4 66 0x1 21 21 84 0x0 
204 54 4301 29 0 0 0x1 0 0 0 0x0 6 6 64 0x0 20 20 87 0x0 
206 143 4287 17 0 0 0x1 0 0 0 0x0 4 4 49 0x0 19 19 87 0x1 
208 154 4273 31 0 0 0x1 0 0 0 0x0 2 2 39 0x1 20 20 80 0x0 
210 196 4269 31 0 0 0x1 0 0 0 0x0 6 6 54 0x0 11 11 31 0x1 
212 142 4277 22 0 0 0x1 0 0 0 0x0 6 6 80 0x0 7 7 14 0x0 
214 147 4291 35 0 0 0x1 0 0 0 0x0 4 4 39 0x0 15 15 57 0x0 
216 97 4273 28 0 0 0x1 0 0 0 0x0 6 6 79 0x0 14 14 63 0x1 
218 201 4263 34 0 0 0x1 0 0 0 0x0 4 4 67 0x1 18 18 69 0x0 
220 52 4298 29 0 0 0x1 0 0 0 0x0 6 6 64 0x0 19 19 85 0x1 
222 52 4299 22 0 0 0x1 0 0 0 0x0 6 6 79 0x0 13 13 50 0x0 
224 78 4287 36 0 0 0x1 0 0 0 0x0 3 3 40 0x0 20 20 82 0x0 
226 54 4301 36 0 0 0x1 0 0 0 0x0 6 6 94 0x1 20 20 85 0x0 
228 68 4302 31 0 0 0x1 0 0 0 0x0 8 8 72 0x0 19 19 82 0x0 
230 58 4293 16 0 0 0x1 0 0 0 0x0 3 3 40 0x0 21 21 79 0x0 
232 191 4271 18 0 0 0x1 0 0 0 0x0 7 7 93 0x0 19 19 80 0x0 
234 181 4275 23 0 0 0x1 0 0 0 0x0 4 4 67 0x1 20 20 87 0x0 
236 81 4291 26 0 0 0x1 0 0 0 0x0 5 5 50 0x0 19 19 80 0x0 
238 82 4298 16 0 0 0x1 0 0 0 0x0 7 7 98 0x0 17 17 75 0x1 
240 54 4289 38 0 0 0x1 0 0 0 0x0 3 3 42 0x0 16 16 67 0x1 
242 98 4283 31 0 0 0x1 0 0 0 0x0 6 6 82 0x0 21 21 78 0x0 
244 104 4286 30 0 0 0x1 0 0 0 0x0 7 7 98 0x0 9 9 27 0x1 
246 158 4264 11 0 0 0x1 0 0 0 0x0 1 1 13 0x0 9 9 18 0x0 
248 66 4289 22 0 0 0x1 0 0 0 0x0 6 6 79 0x0 16 16 60 0x0 
250 263 4247 26 0 0 0x1 0 0 0 0x0 5 5 72 0x1 19 19 84 0x1 
252 53 4298 23 0 0 0x1 0 0 0 0x0 6 6 56 0x0 20 20 82 0x0 
254 74 4296 32 0 0 0x1 0 0 0 0x0 6 6 80 0x0 20 20 83 0x0 
256 62 4287 13 0 0 0x1 0 0 0 0x0 4 4 53 0x0 16 16 69 0x0 
258 53 4298 22 0 0 0x1 0 0 0 0x0 6 6 80 0x0 14 14 61 0x0 
260 83 4298 29 0 0 0x1 0 0 0 0x0 6 6 92 0x1 21 20 84 0x0 
262 54 4297 28 0 0 0x1 0 0 0 0x0 4 4 38 0x0 19 20 88 0x1 
264 112 4285 24 0 0 0x1 0 0 0 0x0 6 6 81 0x0 20 20 82 0x0 
266 157 4266 22 0 0 0x1 0 0 0 0x0 3 3 56 0x1 20 20 87 0x0 
268 95 4291 30 0 0 0x1 0 0 0 0x0 6 6 62 0x0 19 19 84 0x1 
270 104 4289 25 0 0 0x1 0 0 0 0x0 6 6 84 0x0 21 21 83 0x0 
272 100 4284 27 0 0 0x1 0 0 0 0x0 2 2 41 0x1 21 21 85 0x0 
274 53 4299 27 0 0 0x1 0 0 0 0x0 7 7 79 0x0 19 19 87 0x1 
276 185 4265 30 0 0 0x1 0 0 0 0x0 4 4 66 0x1 20 20 86 0x1 
278 230 4262 28 0 0 0x1 0 0 0 0x0 6 6 57 0x0 9 9 22 0x1 
280 137 4264 17 0 0 0x1 0 0 0 0x0 6 6 80 0x0 9 9 20 0x1 
282 59 4283 17 0 0 0x1 0 0 0 0x0 3 3 41 0x0 16 16 61 0x0 
284 53 4297 25 0 0 0x1 0 0 0 0x0 7 7 97 0x0 20 20 84 0x0 
286 211 4265 30 0 0 0x1 0 0 0 0x0 4 4 69 0x1 20 20 85 0x0 
288 142 4287 29 0 0 0x1 0 0 0 0x0 4 4 31 0x0 19 19 87 0x1 
290 58 4293 16 0 0 0x1 0 0 0 0x0 7 7 98 0x0 21 21 80 0x0 
292 170 4263 27 0 0 0x1 0 0 0 0x0 3 3 53 0x1 21 21 86 0x0 
294 53 4297 34 0 0 0x1 0 0 0 0x0 6 6 77 0x1 20 20 87 0x0 
296 178 4261 23 0 0 0x1 0 0 0 0x0 5 5 66 0x1 20 20 86 0x0 
298 74 4292 42 0 0 0x1 0 0 0 0x0 3 3 18 0x1 20 20 83 0x0 
300 62 4292 17 0 0 0x1 0 0 0 0x0 7 7 84 0x1 19 19 84 0x1 
302 264 4234 37 0 0 0x1 0 0 0 0x0 5 5 65 0x1 13 13 43 0x1 
304 52 4296 28 0 0 0x1 0 0 0 0x0 5 5 51 0x0 20 20 81 0x0 
306 178 4258 30 0 0 0x1 0 0 0 0x0 5 5 79 0x1 13 13 51 0x0 
308 188 4260 33 0 0 0x1 0 0 0 0x0 3 3 19 0x0 13 13 50 0x0 
310 159 4282 11 0 0 0x1 0 0 0 0x0 7 7 80 0x0 19 19 85 0x1 
312 220 4280 22 0 0 0x1 0 0 0 0x0 7 7 83 0x0 7 7 16 0x1 
314 105 4279 37 0 0 0x1 0 0 0 0x0 3 3 38 0x0 7 7 18 0x1 
316 94 4289 30 0 0 0x1 0 0 0 0x0 6 6 79 0x0 17 17 66 0x0 
318 173 4258 30 0 0 0x1 0 0 0 0x0 3 3 49 0x1 20 20 85 0x0 
320 52 4293 17 0 0 0x1 0 0 0 0x0 5 5 52 0x0 21 21 83 0x0 
322 52 4296 30 0 0 0x1 0 0 0 0x0 6 6 80 0x0 19 19 87 0x1 
324 135 4266 29 0 0 0x1 0 0 0 0x0 3 3 56 0x1 20 20 82 0x0 
326 70 4289 15 0 0 0x1 0 0 0 0x0 7 7 77 0x0 21 21 85 0x0 
328 54 4293 30 0 0 0x1 0 0 0 0x0 4 4 49 0x0 20 20 82 0x0 
330 127 4275 13 0 0 0x1 0 0 0 0x0 3 3 52 0x1 20 20 83 0x0 
332 52 4293 21 0 0 0x1 0 0 0 0x0 7 7 80 0x0 21 21 86 0x0 
334 278 4238 33 0 0 0x1 0 0 0 0x0 5 5 81 0x1 20 20 85 0x0 
336 151 4272 12 0 0 0x1 0 0 0 0x0 5 5 51 0x0 18 18 76 0x0 
338 223 4261 17 0 0 0x1 0 0 0 0x0 4 4 52 0x0 20 20 84 0x0 
340 156 4264 17 0 0 0x1 0 0 0 0x0 3 3 56 0x1 20 20 84 0x0 
342 95 4282 27 0 0 0x1 0 0 0 0x0 4 4 38 0x0 20 20 75 0x0 
344 52 4295 35 0 0 0x1 0 0 0 0x0 6 6 78 0x0 18 18 79 0x1 
346 144 4271 15 0 0 0x1 0 0 0 0x0 3 3 51 0x1 9 9 20 0x1 
348 122 4274 11 0 0 0x1 0 0 0 0x0 7 7 79 0x0 8 8 17 0x0 
350 197 4260 15 0 0 0x1 0 0 0 0x0 5 5 80 0x1 18 18 67 0x0 
352 213 4264 27 0 0 0x1 0 0 0 0x0 4 4 48 0x1 20 20 87 0x0 
354 95 4292 33 0 0 0x1 0 0 0 0x0 7 7 80 0x0 20 20 86 0x0 
356 185 4256 7 0 0 0x1 0 0 0 0x0 3 3 52 0x1 20 20 86 0x0 
358 59 4294 34 0 0 0x1 0 0 0 0x0 6 6 79 0x1 18 18 76 0x1 
360 52 4289 37 0 0 0x1 0 0 0 0x0 8 8 75 0x0 22 22 75 0x0 
362 56 4287 10 0 0 0x1 0 0 0 0x0 3 3 38 0x0 20 20 83 0x0 
364 62 4290 19 0 0 0x1 0 0 0 0x0 6 6 93 0x1 20 20 85 0x0 
366 122 4287 23 0 0 0x1 0 0 0 0x0 6 6 79 0x1 17 17 69 0x0 
368 102 4279 12 0 0 0x1 0 0 0 0x0 4 4 39 0x0 18 18 82 0x1 
370 167 4268 24 0 0 0x1 0 0 0 0x0 7 7 93 0x0 20 20 84 0x1 
372 182 4247 26 0 0 0x1 0 0 0 0x0 3 3 53 0x1 20 20 70 0x0 
374 62 4288 21 0 0 0x1 0 0 0 0x0 4 4 37 0x0 20 20 86 0x0 
376 53 4293 25 0 0 0x1 0 0 0 0x0 7 7 94 0x0 20 20 87 0x0 
378 112 4272 32 0 0 0x1 0 0 0 0x0 4 4 34 0x0 19 19 77 0x1 
# window_from=2  # samples before this mark saw a lit panel
