# t_s cur_mA v_mV APSS_sd APSS_xosd APSS_xopct APSS_cores LPASS_sd LPASS_xosd LPASS_xopct LPASS_cores MPSS_sd MPSS_xosd MPSS_xopct MPSS_cores PRONTO_sd PRONTO_xosd PRONTO_xopct PRONTO_cores edge_irq_per_s modem_irq_per_s
2 155 4219 20 0 0 0x1 0 0 0 0x0 3 3 13 0x0 20 20 88 0x1  65 0
4 52 4256 22 0 0 0x1 0 0 0 0x0 7 7 73 0x0 20 20 87 0x1  47 0
6 74 4247 30 0 0 0x1 0 0 0 0x0 5 4 37 0x0 20 20 88 0x1  44 0
8 234 4214 21 0 0 0x1 0 0 0 0x0 3 3 40 0x1 20 20 88 0x1  26 0
10 172 4219 28 0 0 0x1 0 0 0 0x0 5 5 40 0x0 22 22 87 0x0  48 0
12 279 4210 29 0 0 0x1 0 0 0 0x0 4 4 47 0x1 20 20 88 0x0  9 0
14 101 4240 29 0 0 0x1 0 0 0 0x0 6 6 49 0x0 19 19 81 0x0  16 0
16 54 4251 17 0 0 0x1 0 0 0 0x0 6 6 61 0x0 21 21 81 0x0  68 0
18 57 4251 27 0 0 0x1 0 0 0 0x0 4 3 40 0x1 20 20 88 0x0  24 0
20 147 4218 22 0 0 0x1 0 0 0 0x0 5 5 40 0x0 20 20 88 0x0  39 0
22 103 4243 30 0 0 0x1 0 0 0 0x0 6 6 73 0x1 20 20 87 0x0  40 0
24 207 4211 28 0 0 0x1 0 0 0 0x0 1 1 0 0x0 20 20 87 0x0  12 0
26 206 4222 19 0 0 0x1 0 0 0 0x0 6 6 60 0x0 20 20 88 0x0  29 0
28 199 4211 32 0 0 0x1 0 0 0 0x0 4 4 52 0x1 21 21 87 0x0  50 0
30 139 4220 28 0 0 0x1 0 0 0 0x0 6 6 51 0x0 14 14 54 0x0  55 0
32 204 4207 33 0 0 0x1 0 0 0 0x0 4 4 50 0x1 8 8 19 0x0  10 0
34 63 4233 25 0 0 0x1 0 0 0 0x0 3 3 19 0x0 11 11 37 0x0  55 0
36 270 4208 26 0 0 0x1 0 0 0 0x0 6 6 68 0x1 21 20 92 0x0  30 0
38 52 4253 25 0 0 0x1 0 0 0 0x0 6 6 61 0x1 20 21 88 0x0  9 0
40 195 4216 33 0 0 0x1 0 0 0 0x0 4 4 30 0x0 21 21 87 0x0  88 0
42 61 4250 17 0 0 0x1 0 0 0 0x0 7 7 75 0x0 20 20 88 0x0  23 0
44 156 4219 13 0 0 0x1 0 0 0 0x0 3 3 44 0x1 20 20 88 0x0  10 0
46 52 4252 28 0 0 0x1 0 0 0 0x0 6 6 57 0x1 20 20 87 0x0  54 0
48 52 4246 32 0 0 0x1 0 0 0 0x0 7 7 59 0x0 19 19 81 0x0  11 0
50 158 4229 35 0 0 0x1 0 0 0 0x0 3 3 40 0x1 20 20 88 0x0  19 0
52 101 4238 23 0 0 0x1 0 0 0 0x0 7 7 60 0x0 20 20 87 0x0  56 0
54 180 4224 21 0 0 0x1 0 0 0 0x0 5 5 61 0x1 19 19 81 0x0  19 0
56 53 4251 23 0 0 0x1 0 0 0 0x0 4 4 40 0x1 21 21 89 0x0  28 0
58 59 4245 30 0 0 0x1 0 0 0 0x0 7 7 61 0x0 20 20 87 0x0  88 0
60 160 4216 29 0 0 0x1 0 0 0 0x0 3 3 42 0x1 20 20 88 0x0  19 0
62 61 4247 16 0 0 0x1 0 0 0 0x0 7 7 65 0x0 20 20 88 0x0  55 0
64 229 4211 34 0 0 0x1 0 0 0 0x0 6 6 64 0x0 11 11 38 0x1  43 0
66 102 4230 25 0 0 0x1 0 0 0 0x0 4 4 42 0x0 8 8 21 0x1  18 0
68 187 4221 33 0 0 0x1 0 0 0 0x0 6 6 65 0x0 14 14 42 0x1  20 0
70 210 4198 33 0 0 0x1 0 0 0 0x0 5 5 60 0x1 21 21 88 0x0  60 0
72 61 4242 11 0 0 0x1 0 0 0 0x0 5 5 43 0x0 20 20 88 0x0  64 0
74 190 4223 30 0 0 0x1 0 0 0 0x0 7 6 70 0x0 21 21 87 0x0  11 0
76 53 4243 31 0 0 0x1 0 0 0 0x0 5 4 30 0x0 20 20 88 0x0  52 0
78 186 4235 35 0 0 0x1 0 0 0 0x0 6 6 68 0x1 20 20 88 0x0  12 0
80 52 4250 27 0 0 0x1 0 0 0 0x0 7 7 58 0x0 20 20 87 0x0  20 0
82 191 4216 20 0 0 0x1 0 0 0 0x0 4 4 31 0x0 20 20 88 0x0  55 0
84 53 4249 12 0 0 0x1 0 0 0 0x0 6 6 68 0x1 20 20 87 0x0  16 0
86 164 4220 38 0 0 0x1 0 0 0 0x0 5 5 45 0x1 21 21 86 0x0  22 0
88 54 4241 15 0 0 0x1 0 0 0 0x0 6 6 58 0x1 20 20 88 0x0  99 0
90 128 4229 35 0 0 0x1 0 0 0 0x0 7 7 58 0x0 20 20 88 0x0  19 0
92 174 4220 25 0 0 0x1 0 0 0 0x0 3 3 30 0x0 20 20 92 0x1  27 0
94 66 4245 31 0 0 0x1 0 0 0 0x0 7 7 70 0x0 21 20 88 0x0  68 0
96 206 4217 31 0 0 0x1 0 0 0 0x0 5 5 61 0x1 19 20 87 0x1  12 0
98 113 4228 21 0 0 0x1 0 0 0 0x0 5 4 39 0x1 7 7 13 0x0  15 0
100 126 4215 18 0 0 0x1 0 0 0 0x0 7 7 61 0x0 9 9 18 0x0  94 0
102 201 4203 24 0 0 0x1 0 0 0 0x0 3 3 42 0x1 16 16 70 0x1  33 0
104 89 4244 18 0 0 0x1 0 0 0 0x0 7 7 65 0x0 21 21 85 0x0  22 0
106 182 4228 31 0 0 0x1 0 0 0 0x0 6 6 64 0x0 20 20 88 0x0  47 0
108 56 4246 31 0 0 0x1 0 0 0 0x0 3 3 43 0x1 20 20 88 0x0  9 0
110 180 4223 28 0 0 0x1 0 0 0 0x0 7 7 62 0x0 20 20 86 0x0  22 0
112 250 4203 23 0 0 0x1 0 0 0 0x0 5 5 62 0x1 20 20 92 0x1  51 0
114 187 4218 23 0 0 0x1 0 0 0 0x0 5 5 40 0x0 21 21 88 0x0  23 0
116 52 4250 31 0 0 0x1 0 0 0 0x0 6 6 71 0x1 21 21 87 0x0  11 1
118 57 4238 34 0 0 0x1 0 0 0 0x0 4 4 30 0x0 20 20 88 0x0  55 1
120 156 4232 29 0 0 0x1 0 0 0 0x0 6 6 61 0x0 20 20 88 0x0  18 0
122 108 4235 22 0 0 0x1 0 0 0 0x0 6 6 71 0x1 20 20 87 0x0  58 0
124 180 4217 16 0 0 0x1 0 0 0 0x0 4 4 30 0x0 20 20 88 0x0  67 1
126 104 4239 36 0 0 0x1 0 0 0 0x0 6 6 70 0x1 20 20 88 0x0  40 1
128 162 4216 36 0 0 0x1 0 0 0 0x0 5 5 52 0x1 21 21 87 0x0  8 0
130 97 4232 37 0 0 0x1 0 0 0 0x0 5 5 50 0x1 16 16 68 0x1  54 0
132 191 4205 20 0 0 0x1 0 0 0 0x0 7 7 61 0x0 10 10 20 0x1  59 0
134 202 4196 23 0 0 0x1 0 0 0 0x0 3 3 30 0x0 10 10 21 0x0  23 0
136 52 4246 30 0 0 0x1 0 0 0 0x0 6 6 71 0x1 20 20 88 0x0  9 0
138 180 4221 14 0 0 0x1 0 0 0 0x0 7 7 60 0x0 20 20 87 0x0  39 0
140 70 4244 33 0 0 0x1 0 0 0 0x0 4 4 40 0x1 20 20 88 0x0  19 0
142 186 4217 16 0 0 0x1 0 0 0 0x0 7 7 61 0x0 20 20 88 0x0  21 0
144 161 4215 32 0 0 0x1 0 0 0 0x0 4 4 52 0x1 21 21 91 0x1  52 0
146 120 4228 25 0 0 0x1 0 0 0 0x0 5 5 40 0x0 21 21 88 0x0  15 0
148 94 4246 28 0 0 0x1 0 0 0 0x0 6 6 64 0x0 20 20 88 0x0  4 0
150 52 4240 31 0 0 0x1 0 0 0 0x0 3 3 43 0x1 19 19 88 0x1  51 0
152 191 4219 10 0 0 0x1 0 0 0 0x0 7 7 63 0x0 20 20 88 0x1  86 0
154 166 4202 16 0 0 0x1 0 0 0 0x0 5 4 45 0x1 21 21 87 0x0  51 0
156 256 4208 40 0 0 0x1 0 0 0 0x0 2 2 8 0x0 22 22 86 0x0  58 0
158 123 4221 28 0 0 0x1 0 0 0 0x0 6 6 60 0x0 20 20 88 0x0  22 0
160 164 4210 30 0 0 0x1 0 0 0 0x0 2 2 30 0x1 20 20 88 0x0  13 0
162 98 4239 24 0 0 0x1 0 0 0 0x0 7 7 56 0x0 20 20 88 0x0  52 0
164 112 4228 25 0 0 0x1 0 0 0 0x0 6 6 75 0x1 14 14 53 0x1  25 0
166 130 4218 16 0 0 0x1 0 0 0 0x0 5 4 23 0x0 10 10 21 0x1  30 0
168 51 4241 32 0 0 0x1 0 0 0 0x0 6 6 61 0x0 12 12 38 0x0  66 0
170 157 4211 31 0 0 0x1 0 0 0 0x0 3 3 41 0x1 20 20 88 0x0  12 0
172 53 4245 19 0 0 0x1 0 0 0 0x0 7 7 55 0x0 20 20 93 0x1  19 0
174 121 4212 33 0 0 0x1 0 0 0 0x0 6 6 66 0x1 14 14 50 0x1  61 0
176 81 4236 13 0 0 0x1 0 0 0 0x0 5 5 32 0x0 20 19 82 0x0  26 0
178 101 4226 24 0 0 0x1 0 0 0 0x0 6 6 71 0x1 15 16 65 0x1  36 0
180 155 4210 31 0 0 0x1 0 0 0 0x0 3 3 30 0x1 16 16 62 0x0  47 0
182 100 4230 29 0 0 0x1 0 0 0 0x0 6 6 48 0x0 20 20 88 0x0  46 0
184 198 4213 29 0 0 0x1 0 0 0 0x0 7 7 76 0x0 20 20 88 0x0  19 0
186 174 4223 23 0 0 0x1 0 0 0 0x0 3 3 25 0x0 21 21 86 0x0  93 0
188 52 4241 32 0 0 0x1 0 0 0 0x0 6 6 71 0x1 20 20 88 0x0  20 0
190 176 4208 31 0 0 0x1 0 0 0 0x0 3 3 30 0x1 20 20 87 0x0  9 0
192 52 4243 33 0 0 0x1 0 0 0 0x0 5 5 46 0x1 20 20 88 0x0  45 0
194 246 4199 23 0 0 0x1 0 0 0 0x0 8 7 57 0x0 20 20 88 0x0  65 0
196 62 4234 19 0 0 0x1 0 0 0 0x0 3 3 30 0x0 20 20 88 0x0  55 0
198 233 4199 44 0 0 0x1 0 0 0 0x0 7 7 72 0x0 10 10 31 0x1  17 0
200 161 4214 32 0 0 0x1 0 0 0 0x0 4 4 35 0x0 9 9 20 0x1  41 0
202 53 4238 40 0 0 0x1 0 0 0 0x0 3 3 39 0x1 17 17 57 0x0  17 0
204 79 4238 23 0 0 0x1 0 0 0 0x0 7 7 60 0x0 20 20 86 0x0  23 0
206 177 4204 14 0 0 0x1 0 0 0 0x0 4 4 52 0x1 20 20 88 0x0  48 0
208 196 4217 27 0 0 0x1 0 0 0 0x0 6 6 51 0x0 21 21 92 0x0  23 0
210 53 4239 30 0 0 0x1 0 0 0 0x0 4 4 36 0x0 20 20 88 0x0  9 0
212 217 4210 38 0 0 0x1 0 0 0 0x0 3 3 41 0x1 21 21 88 0x0  37 0
214 62 4241 22 0 0 0x1 0 0 0 0x0 7 7 61 0x0 21 21 87 0x0  70 0
216 150 4211 22 0 0 0x1 0 0 0 0x0 6 6 71 0x1 20 20 88 0x0  69 0
218 61 4239 3 0 0 0x1 0 0 0 0x0 4 4 30 0x0 20 20 87 0x0  89 0
220 52 4232 22 0 0 0x1 0 0 0 0x0 4 4 37 0x0 20 20 88 0x0  24 0
222 184 4202 21 0 0 0x1 0 0 0 0x0 4 4 53 0x1 20 20 88 0x0  56 0
224 54 4237 24 0 0 0x1 0 0 0 0x0 6 6 51 0x0 20 20 88 0x0  21 0
226 210 4205 29 0 0 0x1 0 0 0 0x0 6 6 70 0x1 20 20 86 0x0  4 0
228 53 4236 19 0 0 0x1 0 0 0 0x0 4 4 29 0x0 19 19 82 0x0  70 0
230 52 4232 17 0 0 0x1 0 0 0 0x0 4 4 47 0x1 19 19 86 0x1  20 0
232 103 4219 33 0 0 0x1 0 0 0 0x0 6 6 61 0x1 8 8 16 0x1  23 0
234 54 4231 31 0 0 0x1 0 0 0 0x0 4 4 30 0x0 9 9 21 0x1  42 0
236 181 4218 33 0 0 0x1 0 0 0 0x0 6 6 72 0x1 17 17 71 0x0  11 0
238 213 4202 25 0 0 0x1 0 0 0 0x0 4 4 43 0x1 20 20 87 0x0  19 0
240 319 4192 19 0 0 0x1 0 0 0 0x0 5 5 44 0x1 20 20 88 0x0  63 1
242 56 4238 28 0 0 0x1 0 0 0 0x0 7 7 59 0x0 20 20 88 0x0  36 0
244 161 4206 26 0 0 0x1 0 0 0 0x0 1 1 20 0x1 22 22 87 0x0  28 1
246 52 4241 32 0 0 0x1 0 0 0 0x0 6 6 61 0x1 20 20 92 0x0  58 0
248 191 4200 25 0 0 0x1 0 0 0 0x0 6 6 60 0x1 20 20 83 0x0  54 0
250 218 4211 15 0 0 0x1 0 0 0 0x0 3 3 20 0x1 20 20 92 0x1  13 0
252 94 4224 30 0 0 0x1 0 0 0 0x0 7 7 61 0x0 21 20 88 0x0  49 0
254 191 4200 30 0 0 0x1 0 0 0 0x0 4 4 45 0x0 20 21 88 0x0  14 0
256 53 4242 25 0 0 0x1 0 0 0 0x0 7 7 62 0x0 20 20 86 0x0  10 0
258 62 4234 16 0 0 0x1 0 0 0 0x0 6 6 63 0x0 20 20 88 0x0  72 0
260 61 4236 13 0 0 0x1 0 0 0 0x0 3 3 38 0x1 20 20 88 0x0  14 0
262 52 4237 26 0 0 0x1 0 0 0 0x0 4 4 22 0x0 21 21 87 0x0  24 0
264 312 4169 34 0 0 0x1 0 0 0 0x0 5 5 64 0x1 16 16 68 0x1  40 0
266 62 4228 29 0 0 0x1 0 0 0 0x0 5 5 43 0x0 10 10 19 0x1  12 0
268 231 4196 26 0 0 0x1 0 0 0 0x0 6 6 66 0x0 9 9 22 0x0  39 0
270 53 4229 34 0 0 0x1 0 0 0 0x0 4 4 38 0x0 20 20 88 0x0  40 0
272 161 4204 27 0 0 0x1 0 0 0 0x0 4 4 41 0x0 20 20 88 0x0  54 0
274 53 4241 27 0 0 0x1 0 0 0 0x0 6 6 70 0x1 21 21 87 0x0  11 0
276 87 4224 27 0 0 0x1 0 0 0 0x0 4 4 30 0x0 18 18 76 0x0  47 0
278 53 4240 21 0 0 0x1 0 0 0 0x0 6 6 71 0x1 20 20 92 0x1  41 0
280 149 4204 33 0 0 0x1 0 0 0 0x0 3 3 32 0x1 20 20 88 0x1  12 0
282 184 4211 31 0 0 0x1 0 0 0 0x0 7 7 62 0x0 20 20 88 0x1  89 0
284 67 4239 40 0 0 0x1 0 0 0 0x0 7 7 75 0x0 21 21 86 0x0  9 0
286 218 4179 27 0 0 0x1 0 0 0 0x0 0 0 11 0x1 21 21 87 0x0  16 0
288 81 4231 27 0 0 0x1 0 0 0 0x0 4 3 30 0x1 19 19 82 0x0  90 0
290 291 4201 36 0 0 0x1 0 0 0 0x0 5 5 53 0x1 21 21 87 0x0  9 0
292 179 4212 24 0 0 0x1 0 0 0 0x0 5 5 40 0x0 19 19 83 0x0  45 0
294 61 4233 29 0 0 0x1 0 0 0 0x0 7 7 70 0x0 20 20 88 0x0  45 0
296 234 4201 31 0 0 0x1 0 0 0 0x0 4 4 32 0x0 20 20 88 0x0  18 0
298 102 4222 35 0 0 0x1 0 0 0 0x0 6 6 68 0x1 13 13 52 0x1  12 0
300 77 4215 27 0 0 0x1 0 0 0 0x0 7 7 58 0x0 10 10 21 0x1  47 0
302 81 4226 21 0 0 0x1 0 0 0 0x0 3 3 40 0x1 12 12 38 0x0  30 0
304 52 4238 32 0 0 0x1 0 0 0 0x0 7 7 63 0x0 20 20 88 0x0  42 0
306 258 4197 28 0 0 0x1 0 0 0 0x0 4 4 54 0x1 20 20 88 0x0  56 0
308 52 4238 20 0 0 0x1 0 0 0 0x0 6 6 51 0x1 20 20 88 0x0  12 0
310 180 4211 24 0 0 0x1 0 0 0 0x0 7 7 60 0x0 20 20 93 0x1  14 0
312 99 4222 17 0 0 0x1 0 0 0 0x0 4 4 42 0x1 19 19 82 0x1  75 0
314 195 4201 28 0 0 0x1 0 0 0 0x0 5 5 40 0x0 22 22 87 0x0  8 0
316 52 4239 15 0 0 0x1 0 0 0 0x0 6 6 70 0x1 20 20 88 0x0  22 0
318 113 4213 33 0 0 0x1 0 0 0 0x0 5 5 33 0x0 20 20 88 0x0  44 0
320 189 4199 25 0 0 0x1 0 0 0 0x0 2 2 20 0x0 21 21 87 0x0  14 0
322 159 4206 13 0 0 0x1 0 0 0 0x0 4 4 53 0x1 20 20 88 0x0  67 0
324 184 4210 36 0 0 0x1 0 0 0 0x0 7 7 52 0x0 20 20 88 0x0  46 0
326 62 4235 26 0 0 0x1 0 0 0 0x0 6 6 70 0x1 20 20 88 0x0  36 0
328 189 4204 14 0 0 0x1 0 0 0 0x0 5 5 34 0x0 20 20 88 0x0  10 0
330 52 4237 18 0 0 0x1 0 0 0 0x0 4 4 50 0x1 20 20 88 0x0  38 0
332 237 4182 32 0 0 0x1 0 0 0 0x0 6 6 60 0x1 12 12 34 0x1  45 0
334 152 4201 27 0 0 0x1 0 0 0 0x0 5 5 32 0x0 9 9 19 0x1  75 0
336 56 4230 23 0 0 0x1 0 0 0 0x0 7 7 72 0x0 17 17 61 0x0  64 0
338 154 4206 33 0 0 0x1 0 0 0 0x0 3 3 43 0x1 20 20 88 0x0  9 0
340 52 4236 26 0 0 0x1 0 0 0 0x0 5 5 44 0x1 20 20 88 0x0  5 0
342 196 4205 21 0 0 0x1 0 0 0 0x0 7 7 59 0x0 20 20 87 0x0  92 0
344 63 4231 18 0 0 0x1 0 0 0 0x0 4 4 42 0x1 21 21 87 0x0  15 1
346 93 4217 18 0 0 0x1 0 0 0 0x0 7 7 59 0x0 21 21 88 0x0  30 1
348 184 4216 31 0 0 0x1 0 0 0 0x0 6 6 60 0x1 21 21 89 0x0  38 0
350 52 4235 28 0 0 0x1 0 0 0 0x0 3 3 30 0x1 20 20 87 0x0  12 0
352 184 4211 29 0 0 0x1 0 0 0 0x0 7 7 60 0x0 20 20 88 0x0  13 0
354 155 4202 17 0 0 0x1 0 0 0 0x0 4 4 43 0x1 20 20 87 0x0  48 0
356 210 4205 10 0 0 0x1 0 0 0 0x0 7 7 60 0x0 20 20 88 0x0  63 0
358 53 4238 34 0 0 0x1 0 0 0 0x0 6 6 59 0x0 20 20 88 0x0  12 0
360 99 4222 26 0 0 0x1 0 0 0 0x0 4 4 46 0x1 20 20 79 0x0  62 0
362 147 4219 20 0 0 0x1 0 0 0 0x0 7 7 60 0x0 20 20 93 0x1  24 0
364 207 4201 35 0 0 0x1 0 0 0 0x0 5 5 59 0x1 18 18 79 0x1  42 0
366 229 4193 38 0 0 0x1 0 0 0 0x0 5 5 39 0x0 9 9 22 0x1  85 0
368 114 4218 39 0 0 0x1 0 0 0 0x0 6 6 71 0x1 8 8 20 0x1  11 0
# window_from=2  # samples before this mark saw a lit panel
