# t_s cur_mA v_mV APSS_sd APSS_xosd APSS_xopct APSS_cores LPASS_sd LPASS_xosd LPASS_xopct LPASS_cores MPSS_sd MPSS_xosd MPSS_xopct MPSS_cores PRONTO_sd PRONTO_xosd PRONTO_xopct PRONTO_cores edge_irq_per_s modem_irq_per_s
2 217 4413 91 0 0 0x1 0 0 0 0x0 6 6 91 0x0 20 20 86 0x0  137 0
4 216 4413 95 0 0 0x1 0 0 0 0x0 6 6 106 0x1 21 21 86 0x0  29 0
6 219 4413 79 0 0 0x1 0 0 0 0x0 7 7 91 0x0 20 20 84 0x0  132 0
8 213 4413 93 0 0 0x1 0 0 0 0x0 6 6 91 0x0 20 20 84 0x0  26 0
10 218 4414 107 0 0 0x1 0 0 0 0x0 7 7 106 0x0 15 15 59 0x1  12 0
12 212 4414 94 0 0 0x1 0 0 0 0x0 6 6 91 0x0 9 9 20 0x1  50 0
14 209 4414 102 0 0 0x1 0 0 0 0x0 7 7 106 0x0 10 10 26 0x0  17 0
16 207 4413 82 0 0 0x1 0 0 0 0x0 6 6 91 0x0 21 21 88 0x1  58 0
18 206 4413 100 0 0 0x1 0 0 0 0x0 6 6 106 0x1 21 21 87 0x0  50 0
20 207 4413 94 0 0 0x1 0 0 0 0x0 8 8 87 0x0 20 20 86 0x0  52 2
22 204 4413 111 0 0 0x1 0 0 0 0x0 6 6 91 0x0 21 21 85 0x0  14 0
24 204 4413 91 0 0 0x1 0 0 0 0x0 7 7 106 0x0 20 20 86 0x0  79 0
26 200 4413 106 0 0 0x1 0 0 0 0x0 6 6 91 0x0 20 20 83 0x0  25 0
28 200 4413 98 0 0 0x1 0 0 0 0x0 7 7 106 0x0 20 20 84 0x0  15 0
30 201 4413 88 0 0 0x1 0 0 0 0x0 6 6 91 0x0 20 20 87 0x0  94 0
32 197 4413 111 0 0 0x1 0 0 0 0x0 7 7 106 0x0 21 21 87 0x0  16 0
34 199 4414 98 0 0 0x1 0 0 0 0x0 6 6 91 0x0 21 21 89 0x0  11 0
36 198 4413 94 0 0 0x1 0 0 0 0x0 6 6 106 0x1 20 20 84 0x0  49 0
38 197 4413 98 0 0 0x1 0 0 0 0x0 7 7 91 0x0 20 20 85 0x0  10 0
40 197 4413 94 0 0 0x1 0 0 0 0x0 2 2 45 0x1 20 20 85 0x0  36 0
42 195 4413 108 0 0 0x1 0 0 0 0x0 6 6 57 0x0 20 20 84 0x0  49 0
44 197 4413 107 0 0 0x1 0 0 0 0x0 6 6 85 0x0 11 11 40 0x1  11 0
46 195 4414 104 0 0 0x1 0 0 0 0x0 4 4 52 0x0 8 8 15 0x1  25 0
48 192 4413 107 0 0 0x1 0 0 0 0x0 7 7 92 0x0 15 15 55 0x1  43 0
50 192 4414 111 0 0 0x1 0 0 0 0x0 2 2 39 0x1 20 20 76 0x0  29 0
52 190 4413 95 0 0 0x1 0 0 0 0x0 7 7 71 0x0 21 21 90 0x0  17 0
54 189 4413 97 0 0 0x1 0 0 0 0x0 6 6 80 0x0 20 20 88 0x0  65 0
56 189 4414 97 0 0 0x1 0 0 0 0x0 4 4 52 0x0 21 20 89 0x1  17 0
58 190 4414 98 0 0 0x1 0 0 0 0x0 6 6 79 0x0 22 22 84 0x0  23 0
60 190 4413 79 0 0 0x1 0 0 0 0x0 2 2 42 0x1 20 20 86 0x0  93 0
62 187 4413 100 0 0 0x1 0 0 0 0x0 6 6 65 0x0 20 20 79 0x0  63 0
64 189 4413 108 0 0 0x1 0 0 0 0x0 7 7 97 0x0 12 12 55 0x1  17 0
66 186 4413 73 0 0 0x1 0 0 0 0x0 3 3 41 0x0 16 16 62 0x0  59 0
68 185 4413 100 0 0 0x1 0 0 0 0x0 7 7 98 0x0 20 20 86 0x0  57 0
70 186 4413 95 0 0 0x1 0 0 0 0x0 3 3 50 0x1 20 20 86 0x0  46 0
72 184 4413 103 0 0 0x1 0 0 0 0x0 4 4 53 0x1 20 20 86 0x0  12 0
74 184 4414 87 0 0 0x1 0 0 0 0x0 7 7 82 0x0 20 20 85 0x0  63 0
76 182 4413 109 0 0 0x1 0 0 0 0x0 3 3 56 0x1 18 18 78 0x1  18 0
78 184 4414 96 0 0 0x1 0 0 0 0x0 7 7 84 0x0 8 8 18 0x1  14 0
80 182 4413 93 0 0 0x1 0 0 0 0x0 4 4 52 0x0 7 7 16 0x1  54 0
82 183 4413 97 0 0 0x1 0 0 0 0x0 3 3 41 0x0 16 16 59 0x0  11 0
84 181 4413 104 0 0 0x1 0 0 0 0x0 7 7 95 0x0 20 20 84 0x0  25 0
86 183 4412 99 0 0 0x1 0 0 0 0x0 5 5 83 0x1 20 20 84 0x0  48 0
88 179 4413 95 0 0 0x1 0 0 0 0x0 4 4 37 0x0 20 20 86 0x0  17 0
90 178 4413 95 0 0 0x1 0 0 0 0x0 5 5 63 0x0 20 20 87 0x0  60 0
92 180 4413 102 0 0 0x1 0 0 0 0x0 3 3 53 0x1 20 20 85 0x0  16 0
94 179 4413 101 0 0 0x1 0 0 0 0x0 3 3 25 0x0 20 20 85 0x0  102 0
96 178 4413 100 0 0 0x1 0 0 0 0x0 6 6 79 0x0 20 20 85 0x0  17 0
98 177 4413 102 0 0 0x1 0 0 0 0x0 4 4 46 0x0 20 20 90 0x1  10 0
100 178 4413 104 0 0 0x1 0 0 0 0x0 4 4 50 0x0 21 21 84 0x0  49 0
102 180 4413 99 0 0 0x1 0 0 0 0x0 5 5 82 0x1 21 21 86 0x0  17 0
104 175 4413 82 0 0 0x1 0 0 0 0x0 5 5 53 0x0 20 20 88 0x0  57 0
106 173 4413 102 0 0 0x1 0 0 0 0x0 6 6 80 0x0 20 20 87 0x0  46 0
108 175 4413 93 0 0 0x1 0 0 0 0x0 4 4 52 0x0 19 19 77 0x0  34 0
110 176 4413 98 0 0 0x1 0 0 0 0x0 4 4 48 0x0 16 16 62 0x0  14 0
112 175 4413 95 0 0 0x1 0 0 0 0x0 4 4 65 0x1 7 7 18 0x0  60 0
114 172 4413 84 0 0 0x1 0 0 0 0x0 3 3 20 0x0 9 9 23 0x0  19 0
116 172 4413 98 0 0 0x1 0 0 0 0x0 6 6 93 0x1 20 20 85 0x0  18 0
118 173 4413 98 0 0 0x1 0 0 0 0x0 5 5 66 0x1 20 20 87 0x1  62 0
120 172 4413 85 0 0 0x1 0 0 0 0x0 3 3 23 0x0 20 20 84 0x1  56 0
122 173 4413 99 0 0 0x1 0 0 0 0x0 7 7 93 0x0 21 21 84 0x0  50 0
124 172 4413 70 0 0 0x1 0 0 0 0x0 3 3 42 0x0 20 20 82 0x0  98 0
126 173 4413 51 0 0 0x1 0 0 0 0x0 7 7 96 0x0 20 20 84 0x0  20 0
128 170 4413 97 0 0 0x1 0 0 0 0x0 6 6 84 0x0 20 20 85 0x0  18 0
130 171 4413 108 0 0 0x1 0 0 0 0x0 3 3 51 0x1 20 20 87 0x0  38 0
132 171 4413 109 0 0 0x1 0 0 0 0x0 7 7 82 0x0 21 21 89 0x1  5 0
134 171 4413 105 0 0 0x1 0 0 0 0x0 4 4 66 0x1 21 21 86 0x0  28 0
136 171 4413 97 0 0 0x1 0 0 0 0x0 6 6 65 0x0 20 20 87 0x0  53 0
138 168 4413 88 0 0 0x1 0 0 0 0x0 6 6 80 0x0 20 20 86 0x0  65 0
140 169 4413 102 0 0 0x1 0 0 0 0x0 4 4 52 0x0 20 20 85 0x0  14 0
142 170 4413 113 0 0 0x1 0 0 0 0x0 6 6 82 0x1 20 20 86 0x0  39 0
144 168 4413 102 0 0 0x1 0 0 0 0x0 5 5 56 0x1 13 13 43 0x1  24 0
146 167 4413 105 0 0 0x1 0 0 0 0x0 4 4 38 0x0 7 7 18 0x1  30 0
148 167 4413 96 0 0 0x1 0 0 0 0x0 6 6 92 0x1 13 13 42 0x0  69 0
150 167 4413 101 0 0 0x1 0 0 0 0x0 2 2 26 0x1 20 20 90 0x1  35 0
152 167 4413 101 0 0 0x1 0 0 0 0x0 7 7 86 0x0 21 21 86 0x0  29 0
154 166 4413 102 0 0 0x1 0 0 0 0x0 7 7 79 0x0 20 20 86 0x0  50 0
156 167 4413 98 0 0 0x1 0 0 0 0x0 3 3 40 0x0 20 20 86 0x0  15 0
158 167 4413 95 0 0 0x1 0 0 0 0x0 2 2 14 0x0 20 20 86 0x0  53 0
160 163 4413 94 0 0 0x1 0 0 0 0x0 4 4 67 0x1 20 20 87 0x0  48 0
162 165 4413 102 0 0 0x1 0 0 0 0x0 6 6 60 0x0 20 20 85 0x0  21 0
164 164 4413 52 0 0 0x1 0 0 0 0x0 6 6 79 0x0 20 20 88 0x1  21 0
166 165 4414 104 0 0 0x1 0 0 0 0x0 2 2 40 0x1 21 21 82 0x1  47 0
168 165 4413 98 0 0 0x1 0 0 0 0x0 6 6 52 0x0 20 20 84 0x1  17 0
170 164 4414 81 0 0 0x1 0 0 0 0x0 6 6 80 0x0 20 20 80 0x0  36 0
172 164 4413 95 0 0 0x1 0 0 0 0x0 4 4 51 0x0 21 21 85 0x0  53 0
174 164 4413 111 0 0 0x1 0 0 0 0x0 6 6 79 0x0 20 20 83 0x0  8 0
176 162 4413 105 0 0 0x1 0 0 0 0x0 4 4 66 0x1 19 19 78 0x0  17 0
178 163 4413 96 0 0 0x1 0 0 0 0x0 6 6 64 0x0 9 9 25 0x1  59 0
180 163 4413 79 0 0 0x1 0 0 0 0x0 6 6 93 0x1 7 7 16 0x1  15 0
182 162 4413 100 0 0 0x1 0 0 0 0x0 4 4 40 0x0 16 16 60 0x0  75 0
184 161 4413 85 0 0 0x1 0 0 0 0x0 6 6 80 0x0 21 21 84 0x0  110 0
186 160 4413 114 0 0 0x1 0 0 0 0x0 6 6 98 0x1 20 20 77 0x0  14 0
188 161 4413 101 0 0 0x1 0 0 0 0x0 4 4 38 0x0 20 20 87 0x0  19 0
190 160 4413 110 0 0 0x1 0 0 0 0x0 7 7 93 0x0 22 22 89 0x0  39 0
192 161 4413 98 0 0 0x1 0 0 0 0x0 3 3 53 0x1 20 20 86 0x0  44 0
194 161 4413 85 0 0 0x1 0 0 0 0x0 7 7 79 0x0 20 20 81 0x0  14 0
196 159 4413 103 0 0 0x1 0 0 0 0x0 6 6 80 0x0 20 20 83 0x0  25 0
198 160 4413 107 0 0 0x1 0 0 0 0x0 3 3 52 0x1 20 20 82 0x0  27 0
200 160 4414 87 0 0 0x1 0 0 0 0x0 7 7 81 0x0 20 20 85 0x0  63 0
202 153 4413 71 0 0 0x1 0 0 0 0x0 6 6 74 0x1 21 21 84 0x0  53 0
204 159 4413 97 0 0 0x1 0 0 0 0x0 5 5 53 0x0 20 20 92 0x1  21 0
206 157 4413 101 0 0 0x1 0 0 0 0x0 6 6 79 0x0 21 21 87 0x0  31 0
208 158 4413 101 0 0 0x1 0 0 0 0x0 4 4 53 0x0 20 20 86 0x0  47 0
210 158 4413 104 0 0 0x1 0 0 0 0x0 6 6 80 0x0 17 17 71 0x1  45 0
212 157 4414 86 0 0 0x1 0 0 0 0x0 6 6 96 0x1 10 10 21 0x1  17 0
214 157 4414 83 0 0 0x1 0 0 0 0x0 4 4 40 0x0 8 8 17 0x0  117 0
216 156 4414 105 0 0 0x1 0 0 0 0x0 6 6 84 0x0 20 20 82 0x0  26 0
218 158 4413 108 0 0 0x1 0 0 0 0x0 5 5 83 0x1 20 20 89 0x1  42 0
220 156 4413 104 0 0 0x1 0 0 0 0x0 4 4 42 0x0 21 21 86 0x1  14 0
222 155 4412 90 0 0 0x1 0 0 0 0x0 7 7 93 0x0 21 21 86 0x0  27 0
224 156 4413 101 0 0 0x1 0 0 0 0x0 4 4 35 0x0 21 21 85 0x0  27 0
226 156 4412 94 0 0 0x1 0 0 0 0x0 7 7 93 0x0 20 20 84 0x0  40 0
228 159 4413 101 0 0 0x1 0 0 0 0x0 5 5 80 0x1 20 20 85 0x0  44 0
230 155 4413 95 0 0 0x1 0 0 0 0x0 4 4 50 0x1 21 21 84 0x0  21 0
232 156 4413 100 0 0 0x1 0 0 0 0x0 7 7 79 0x0 20 20 87 0x0  26 0
234 153 4413 89 0 0 0x1 0 0 0 0x0 3 3 53 0x1 20 20 85 0x0  52 0
# window_from=242  # samples before this mark saw a lit panel
