# t_s cur_mA v_mV APSS_sd APSS_xosd APSS_xopct APSS_cores LPASS_sd LPASS_xosd LPASS_xopct LPASS_cores MPSS_sd MPSS_xosd MPSS_xopct MPSS_cores PRONTO_sd PRONTO_xosd PRONTO_xopct PRONTO_cores
2 97 4282 34 0 0 0x1 0 0 0 0x0 5 5 47 0x0 14 14 54 0x1 
4 65 4288 40 0 0 0x1 0 0 0 0x0 6 6 79 0x0 21 21 80 0x0 
6 171 4248 18 0 0 0x1 0 0 0 0x0 4 4 53 0x0 20 20 87 0x0 
8 90 4279 27 0 0 0x1 0 0 0 0x0 6 6 80 0x0 19 19 83 0x1 
10 181 4258 30 0 0 0x1 0 0 0 0x0 4 4 67 0x1 20 20 81 0x0 
12 53 4283 38 0 0 0x1 0 0 0 0x0 4 4 33 0x0 20 20 85 0x0 
14 53 4282 28 0 0 0x1 0 0 0 0x0 6 6 80 0x0 20 20 86 0x0 
16 267 4237 22 0 0 0x1 0 0 0 0x0 4 4 70 0x1 20 20 83 0x0 
18 57 4279 21 0 0 0x1 0 0 0 0x0 6 6 63 0x0 19 19 85 0x1 
20 173 4248 24 0 0 0x1 0 0 0 0x0 4 4 65 0x1 20 20 82 0x0 
22 97 4260 28 0 0 0x1 0 0 0 0x0 3 3 17 0x0 13 13 48 0x1 
24 131 4259 27 0 0 0x1 0 0 0 0x0 7 7 91 0x0 7 7 19 0x1 
26 52 4276 15 0 0 0x1 0 0 0 0x0 6 6 80 0x0 12 12 37 0x0 
28 150 4247 32 0 0 0x1 0 0 0 0x0 0 0 14 0x1 20 20 85 0x1 
30 52 4278 22 0 0 0x1 0 0 0 0x0 8 7 76 0x0 20 20 80 0x0 
32 187 4238 20 0 0 0x1 0 0 0 0x0 4 4 66 0x1 20 20 86 0x0 
34 148 4260 30 0 0 0x1 0 0 0 0x0 5 5 53 0x0 20 20 78 0x0 
36 53 4277 27 0 0 0x1 0 0 0 0x0 7 7 95 0x0 21 21 86 0x0 
38 178 4246 34 0 0 0x1 0 0 0 0x0 3 3 42 0x0 19 19 76 0x0 
40 62 4272 9 0 0 0x1 0 0 0 0x0 6 6 78 0x0 19 19 84 0x1 
42 98 4268 12 0 0 0x1 0 0 0 0x0 7 7 93 0x0 20 20 80 0x0 
44 81 4266 23 0 0 0x1 0 0 0 0x0 3 3 40 0x0 14 14 60 0x0 
46 123 4256 26 0 0 0x1 0 0 0 0x0 6 6 78 0x0 18 18 77 0x1 
48 276 4219 20 0 0 0x1 0 0 0 0x0 5 5 80 0x1 13 13 51 0x0 
50 54 4272 26 0 0 0x1 0 0 0 0x0 5 5 54 0x0 19 19 87 0x1 
52 173 4250 30 0 0 0x1 0 0 0 0x0 7 7 73 0x0 21 21 79 0x0 
54 149 4245 34 0 0 0x1 0 0 0 0x0 4 4 53 0x0 20 20 83 0x0 
56 129 4250 43 0 0 0x1 0 0 0 0x0 6 6 78 0x0 12 12 42 0x1 
58 115 4256 17 0 0 0x1 0 0 0 0x0 6 6 92 0x1 8 8 20 0x1 
60 104 4262 21 0 0 0x1 0 0 0 0x0 4 4 40 0x0 14 14 41 0x0 
62 52 4274 26 0 0 0x1 0 0 0 0x0 6 6 79 0x0 20 20 83 0x0 
64 221 4236 25 0 0 0x1 0 0 0 0x0 5 5 80 0x1 20 20 80 0x0 
66 168 4246 26 0 0 0x1 0 0 0 0x0 5 5 50 0x0 20 20 84 0x0 
68 136 4247 23 0 0 0x1 0 0 0 0x0 6 6 79 0x0 20 20 83 0x0 
70 292 4224 25 0 0 0x1 0 0 0 0x0 3 3 57 0x1 21 21 82 0x0 
72 95 4265 25 0 0 0x1 0 0 0 0x0 7 7 78 0x0 20 20 84 0x0 
74 63 4267 22 0 0 0x1 0 0 0 0x0 6 6 79 0x0 20 20 83 0x0 
76 66 4268 13 0 0 0x1 0 0 0 0x0 4 4 51 0x0 19 19 79 0x0 
78 62 4268 11 0 0 0x1 0 0 0 0x0 6 6 79 0x0 20 20 87 0x0 
80 196 4249 34 0 0 0x1 0 0 0 0x0 5 5 80 0x1 21 21 83 0x0 
82 54 4269 26 0 0 0x1 0 0 0 0x0 5 5 51 0x0 20 20 85 0x0 
84 64 4265 15 0 0 0x1 0 0 0 0x0 6 6 81 0x0 20 20 85 0x0 
86 150 4241 23 0 0 0x1 0 0 0 0x0 3 3 56 0x1 19 19 85 0x1 
88 81 4270 29 0 0 0x1 0 0 0 0x0 7 7 84 0x0 20 20 85 0x1 
90 98 4259 40 0 0 0x1 0 0 0 0x0 6 6 84 0x0 13 13 37 0x0 
92 106 4250 28 0 0 0x1 0 0 0 0x0 3 3 39 0x0 8 8 20 0x1 
94 62 4266 20 0 0 0x1 0 0 0 0x0 7 7 94 0x0 15 15 46 0x0 
96 174 4239 29 0 0 0x1 0 0 0 0x0 2 2 41 0x1 20 20 86 0x0 
98 86 4260 36 0 0 0x1 0 0 0 0x0 5 5 43 0x1 19 19 84 0x1 
100 53 4270 29 0 0 0x1 0 0 0 0x0 6 6 80 0x1 20 20 80 0x0 
102 162 4229 28 0 0 0x1 0 0 0 0x0 0 0 0 0x1 20 20 87 0x0 
104 52 4268 24 0 0 0x1 0 0 0 0x0 7 7 74 0x1 22 22 85 0x0 
106 145 4247 22 0 0 0x1 0 0 0 0x0 7 7 79 0x0 20 20 87 0x0 
108 122 4254 18 0 0 0x1 0 0 0 0x0 3 3 38 0x0 20 20 86 0x0 
110 52 4268 26 0 0 0x1 0 0 0 0x0 6 6 92 0x1 20 20 79 0x0 
112 237 4226 35 0 0 0x1 0 0 0 0x0 3 3 39 0x1 20 20 86 0x0 
114 75 4258 13 0 0 0x1 0 0 0 0x0 5 5 49 0x0 19 19 78 0x0 
116 53 4267 15 0 0 0x1 0 0 0 0x0 6 6 93 0x1 20 20 83 0x0 
118 203 4227 35 0 0 0x1 0 0 0 0x0 4 4 39 0x0 19 19 79 0x0 
120 152 4256 14 0 0 0x1 0 0 0 0x0 6 6 79 0x0 19 19 85 0x1 
122 54 4266 25 0 0 0x1 0 0 0 0x0 5 5 62 0x0 21 21 85 0x1 
124 140 4227 35 0 0 0x1 0 0 0 0x0 3 3 38 0x0 13 13 38 0x1 
126 229 4209 26 0 0 0x1 0 0 0 0x0 6 6 79 0x0 6 6 13 0x1 
128 175 4234 44 0 0 0x1 0 0 0 0x0 5 5 81 0x1 15 15 48 0x0 
130 59 4254 18 0 0 0x1 0 0 0 0x0 5 5 50 0x0 19 19 86 0x1 
132 113 4260 35 0 0 0x1 0 0 0 0x0 4 4 49 0x0 19 19 76 0x0 
134 148 4238 36 0 0 0x1 0 0 0 0x0 3 3 53 0x1 21 21 84 0x0 
136 53 4264 18 0 0 0x1 0 0 0 0x0 7 7 78 0x0 18 18 73 0x0 
138 137 4247 25 0 0 0x1 0 0 0 0x0 6 6 80 0x0 21 21 86 0x0 
140 146 4245 22 0 0 0x1 0 0 0 0x0 4 4 52 0x0 18 18 81 0x1 
142 53 4264 36 0 0 0x1 0 0 0 0x0 4 4 50 0x0 20 20 81 0x0 
144 245 4229 29 0 0 0x1 0 0 0 0x0 5 5 79 0x1 20 20 85 0x0 
146 107 4251 19 0 0 0x1 0 0 0 0x0 5 5 52 0x0 20 20 85 0x0 
148 52 4266 32 0 0 0x1 0 0 0 0x0 6 6 82 0x0 20 20 84 0x0 
150 151 4224 24 0 0 0x1 0 0 0 0x0 3 3 55 0x1 20 20 87 0x0 
152 68 4258 37 0 0 0x1 0 0 0 0x0 5 5 49 0x0 20 20 81 0x0 
154 79 4263 32 0 0 0x1 0 0 0 0x0 6 6 84 0x0 20 20 85 0x0 
156 62 4258 10 0 0 0x1 0 0 0 0x0 3 3 37 0x0 20 20 86 0x0 
158 249 4226 40 0 0 0x1 0 0 0 0x0 7 7 92 0x0 11 11 37 0x1 
160 213 4206 25 0 0 0x1 0 0 0 0x0 5 5 80 0x1 8 8 20 0x1 
162 64 4252 24 0 0 0x1 0 0 0 0x0 2 2 15 0x1 15 15 50 0x0 
164 65 4262 27 0 0 0x1 0 0 0 0x0 7 7 78 0x0 20 20 85 0x1 
166 197 4224 9 0 0 0x1 0 0 0 0x0 3 3 54 0x1 20 20 83 0x0 
168 129 4257 25 0 0 0x1 0 0 0 0x0 4 4 52 0x1 20 20 87 0x0 
170 147 4246 28 0 0 0x1 0 0 0 0x0 7 7 79 0x0 21 21 85 0x0 
172 184 4224 14 0 0 0x1 0 0 0 0x0 3 3 37 0x0 20 20 84 0x0 
174 96 4253 36 0 0 0x1 0 0 0 0x0 6 6 92 0x1 20 20 84 0x0 
176 209 4229 34 0 0 0x1 0 0 0 0x0 6 6 80 0x1 19 19 85 0x1 
178 134 4246 33 0 0 0x1 0 0 0 0x0 4 4 40 0x0 19 19 75 0x0 
180 57 4255 30 0 0 0x1 0 0 0 0x0 6 6 92 0x1 20 20 87 0x0 
182 224 4218 25 0 0 0x1 0 0 0 0x0 4 4 53 0x1 21 21 85 0x0 
184 53 4264 31 0 0 0x1 0 0 0 0x0 6 6 66 0x0 19 19 80 0x0 
186 105 4250 31 0 0 0x1 0 0 0 0x0 6 6 81 0x0 17 17 73 0x1 
188 54 4256 27 0 0 0x1 0 0 0 0x0 4 4 50 0x0 20 20 82 0x0 
190 272 4231 26 0 0 0x1 0 0 0 0x0 5 5 79 0x1 20 20 87 0x0 
192 109 4249 32 0 0 0x1 0 0 0 0x0 5 5 65 0x1 10 10 35 0x1 
194 109 4247 35 0 0 0x1 0 0 0 0x0 4 4 39 0x0 9 9 19 0x1 
196 52 4262 24 0 0 0x1 0 0 0 0x0 6 6 78 0x0 12 12 48 0x1 
198 174 4226 20 0 0 0x1 0 0 0 0x0 4 4 68 0x1 20 20 82 0x0 
200 52 4262 29 0 0 0x1 0 0 0 0x0 5 5 43 0x0 20 20 85 0x0 
202 62 4260 28 0 0 0x1 0 0 0 0x0 6 6 79 0x0 20 20 86 0x0 
204 259 4207 20 0 0 0x1 0 0 0 0x0 3 3 50 0x1 20 20 85 0x0 
206 80 4263 27 0 0 0x1 0 0 0 0x0 7 7 79 0x0 20 20 87 0x1 
208 60 4261 22 0 0 0x1 0 0 0 0x0 6 6 79 0x0 20 20 82 0x0 
210 53 4261 12 0 0 0x1 0 0 0 0x0 3 3 53 0x1 21 21 83 0x0 
212 53 4262 19 0 0 0x1 0 0 0 0x0 7 7 79 0x0 20 20 86 0x0 
214 158 4230 35 0 0 0x1 0 0 0 0x0 4 4 56 0x1 20 20 86 0x0 
216 53 4263 31 0 0 0x1 0 0 0 0x0 7 7 72 0x0 20 20 83 0x0 
218 161 4237 30 0 0 0x1 0 0 0 0x0 6 6 80 0x0 19 19 81 0x1 
220 136 4251 30 0 0 0x1 0 0 0 0x0 3 3 31 0x0 20 20 81 0x0 
222 131 4241 20 0 0 0x1 0 0 0 0x0 7 7 92 0x0 21 21 85 0x0 
224 53 4264 31 0 0 0x1 0 0 0 0x0 5 5 80 0x1 20 20 87 0x0 
226 133 4239 20 0 0 0x1 0 0 0 0x0 4 4 39 0x0 9 9 32 0x1 
228 105 4248 25 0 0 0x1 0 0 0 0x0 7 7 93 0x0 8 8 19 0x1 
230 213 4214 33 0 0 0x1 0 0 0 0x0 3 3 55 0x1 15 15 50 0x0 
232 184 4236 32 0 0 0x1 0 0 0 0x0 6 6 70 0x0 20 20 85 0x0 
234 53 4263 31 0 0 0x1 0 0 0 0x0 7 7 98 0x0 20 20 81 0x0 
236 118 4237 23 0 0 0x1 0 0 0 0x0 3 3 38 0x0 20 20 85 0x0 
238 52 4263 29 0 0 0x1 0 0 0 0x0 6 6 83 0x0 20 20 85 0x0 
240 119 4245 26 0 0 0x1 0 0 0 0x0 6 6 94 0x1 19 19 78 0x1 
242 53 4262 31 0 0 0x1 0 0 0 0x0 4 4 42 0x0 20 20 80 0x0 
244 121 4247 32 0 0 0x1 0 0 0 0x0 7 7 74 0x0 18 18 80 0x1 
246 161 4224 22 0 0 0x1 0 0 0 0x0 4 4 66 0x1 21 21 80 0x0 
248 143 4244 27 0 0 0x1 0 0 0 0x0 6 6 65 0x0 20 20 85 0x0 
250 76 4251 27 0 0 0x1 0 0 0 0x0 6 6 80 0x0 19 19 84 0x1 
252 54 4255 27 0 0 0x1 0 0 0 0x0 4 4 52 0x0 21 21 83 0x1 
254 69 4258 20 0 0 0x1 0 0 0 0x0 6 6 80 0x0 20 20 82 0x0 
256 88 4254 13 0 0 0x1 0 0 0 0x0 6 6 80 0x0 20 20 87 0x0 
258 56 4260 31 0 0 0x1 0 0 0 0x0 4 4 52 0x0 20 20 86 0x0 
260 113 4247 37 0 0 0x1 0 0 0 0x0 6 6 79 0x0 9 9 30 0x1 
262 209 4215 16 0 0 0x1 0 0 0 0x0 4 4 66 0x1 6 6 15 0x1 
264 211 4233 31 0 0 0x1 0 0 0 0x0 5 5 48 0x0 17 16 61 0x0 
266 52 4262 26 0 0 0x1 0 0 0 0x0 6 6 80 0x0 19 20 85 0x1 
268 149 4230 40 0 0 0x1 0 0 0 0x0 3 3 50 0x1 20 20 82 0x0 
270 62 4258 18 0 0 0x1 0 0 0 0x0 7 7 79 0x0 21 21 85 0x0 
272 165 4233 26 0 0 0x1 0 0 0 0x0 6 6 72 0x1 20 20 86 0x0 
274 121 4238 32 0 0 0x1 0 0 0 0x0 4 4 45 0x1 20 20 86 0x0 
276 53 4244 34 0 0 0x1 0 0 0 0x0 7 7 79 0x0 20 20 84 0x0 
278 172 4231 32 0 0 0x1 0 0 0 0x0 3 3 53 0x1 19 19 84 0x1 
280 104 4251 21 0 0 0x1 0 0 0 0x0 7 7 79 0x0 20 20 82 0x0 
282 180 4222 38 0 0 0x1 0 0 0 0x0 6 6 73 0x1 21 21 84 0x0 
284 107 4241 22 0 0 0x1 0 0 0 0x0 3 3 16 0x0 20 20 86 0x0 
286 51 4260 20 0 0 0x1 0 0 0 0x0 7 7 93 0x0 20 20 86 0x0 
288 283 4215 37 0 0 0x1 0 0 0 0x0 4 4 66 0x1 19 19 86 0x1 
290 54 4259 30 0 0 0x1 0 0 0 0x0 5 5 65 0x1 20 20 83 0x1 
292 271 4226 26 0 0 0x1 0 0 0 0x0 8 8 72 0x0 20 20 80 0x0 
294 305 4193 33 0 0 0x1 0 0 0 0x0 0 0 13 0x1 8 8 26 0x1 
296 105 4240 19 0 0 0x1 0 0 0 0x0 5 5 63 0x1 5 5 10 0x1 
298 53 4260 41 0 0 0x1 0 0 0 0x0 6 6 80 0x1 14 14 48 0x0 
300 126 4245 25 0 0 0x1 0 0 0 0x0 4 4 35 0x0 20 20 84 0x1 
302 54 4260 30 0 0 0x1 0 0 0 0x0 6 6 92 0x1 20 20 79 0x0 
304 199 4221 30 0 0 0x1 0 0 0 0x0 4 4 53 0x1 20 20 85 0x0 
306 145 4242 29 0 0 0x1 0 0 0 0x0 6 6 65 0x0 20 20 83 0x0 
308 71 4256 33 0 0 0x1 0 0 0 0x0 6 6 95 0x1 20 20 85 0x0 
310 54 4251 14 0 0 0x1 0 0 0 0x0 4 4 39 0x0 20 20 86 0x0 
312 99 4247 36 0 0 0x1 0 0 0 0x0 6 6 80 0x0 21 21 83 0x0 
314 52 4259 22 0 0 0x1 0 0 0 0x0 6 6 92 0x1 19 19 86 0x1 
316 57 4259 18 0 0 0x1 0 0 0 0x0 4 4 39 0x0 20 20 82 0x0 
318 52 4258 34 0 0 0x1 0 0 0 0x0 6 6 79 0x0 20 20 85 0x0 
320 161 4226 17 0 0 0x1 0 0 0 0x0 4 4 68 0x1 20 20 85 0x0 
322 113 4240 30 0 0 0x1 0 0 0 0x0 6 6 66 0x0 20 20 85 0x0 
324 63 4257 34 0 0 0x1 0 0 0 0x0 6 6 84 0x0 21 21 86 0x0 
326 91 4241 26 0 0 0x1 0 0 0 0x0 4 4 55 0x0 19 19 83 0x1 
328 110 4233 28 0 0 0x1 0 0 0 0x0 6 6 84 0x0 10 10 17 0x0 
330 116 4240 18 0 0 0x1 0 0 0 0x0 6 6 80 0x0 8 8 20 0x1 
332 53 4256 28 0 0 0x1 0 0 0 0x0 4 4 51 0x0 17 17 69 0x0 
334 53 4260 33 0 0 0x1 0 0 0 0x0 6 6 80 0x0 20 20 83 0x0 
336 220 4216 29 0 0 0x1 0 0 0 0x0 4 4 66 0x1 19 19 84 0x1 
338 203 4224 29 0 0 0x1 0 0 0 0x0 6 6 66 0x0 20 20 81 0x0 
340 147 4242 23 0 0 0x1 0 0 0 0x0 6 6 80 0x0 21 21 85 0x0 
342 93 4238 31 0 0 0x1 0 0 0 0x0 3 3 39 0x0 20 20 84 0x0 
344 82 4253 18 0 0 0x1 0 0 0 0x0 7 7 96 0x0 20 20 87 0x0 
346 63 4255 20 0 0 0x1 0 0 0 0x0 6 6 83 0x0 20 20 83 0x0 
348 53 4258 42 0 0 0x1 0 0 0 0x0 3 3 41 0x0 19 19 84 0x1 
350 53 4259 27 0 0 0x1 0 0 0 0x0 7 7 97 0x0 18 18 71 0x0 
352 258 4222 36 0 0 0x1 0 0 0 0x0 4 4 69 0x1 17 17 67 0x0 
354 108 4244 36 0 0 0x1 0 0 0 0x0 5 5 63 0x1 20 20 78 0x0 
356 53 4256 14 0 0 0x1 0 0 0 0x0 7 7 81 0x0 20 20 85 0x0 
358 110 4243 20 0 0 0x1 0 0 0 0x0 3 3 42 0x0 21 21 85 0x0 
360 94 4252 19 0 0 0x1 0 0 0 0x0 6 6 91 0x1 18 18 82 0x1 
362 105 4244 21 0 0 0x1 0 0 0 0x0 7 7 79 0x0 8 8 20 0x1 
364 96 4240 33 0 0 0x1 0 0 0 0x0 3 3 39 0x0 9 9 17 0x0 
366 120 4253 28 0 0 0x1 0 0 0 0x0 6 6 93 0x1 17 17 71 0x0 
368 148 4236 36 0 0 0x1 0 0 0 0x0 5 5 69 0x1 20 20 86 0x0 
370 53 4254 21 0 0 0x1 0 0 0 0x0 5 5 50 0x0 21 21 83 0x0 
372 63 4256 5 0 0 0x1 0 0 0 0x0 7 7 94 0x0 19 19 86 0x1 
374 111 4234 17 0 0 0x1 0 0 0 0x0 3 3 40 0x0 20 20 83 0x0 
# window_from=2  # samples before this mark saw a lit panel
