# xo-series master=MPSS window=600s tick=19200000 sampled at 1 Hz
# kernel=#80-fp3 SMP PREEMPT Sat Aug 29 08:52:09 UTC 2026
# t_s  awake_ms  xo_off_ms  dt_s  xo_shutdowns  state
# ☠️ state=down with awake_ms=1000 means the master was ASLEEP THE WHOLE SECOND
#    and the edge-updated counter simply did not advance - NOT 100% awake.
1.0 236.1 793.9 1.030 3 up+cores
2.1 449.1 580.9 1.030 3 up+cores
3.1 434.6 595.4 1.030 4 up
4.1 841.7 198.3 1.040 0 up+cores
5.2 492.5 537.5 1.030 4 up
6.2 418.1 621.9 1.040 3 up
7.2 179.6 850.4 1.030 3 up+cores
8.3 390.2 639.8 1.030 4 up
9.3 840.7 199.3 1.040 0 up+cores
10.3 563.1 466.9 1.030 4 up
11.4 241.3 798.7 1.040 4 up+cores
12.4 439.1 580.9 1.020 3 up+cores
13.4 447.8 592.2 1.040 4 up
14.5 633.3 396.7 1.030 1 up+cores
15.5 600.4 429.6 1.030 3 up+cores
16.5 445.0 595.0 1.040 3 up+cores
17.6 440.5 589.5 1.030 4 up
18.6 445.0 595.0 1.040 3 up
19.6 449.0 581.0 1.030 2 up+cores
20.7 833.0 197.0 1.030 1 up+cores
21.7 459.0 581.0 1.040 4 up
22.7 633.2 396.8 1.030 1 up+cores
23.8 639.9 390.1 1.030 3 up
24.8 193.5 836.5 1.030 3 up+cores
25.8 986.5 53.5 1.040 1 up+cores
26.9 779.7 250.3 1.030 3 up
27.9 401.6 638.4 1.040 2 up+cores
28.9 1030.0 0.0 1.030 0 up+cores
30.0 445.8 594.2 1.040 3 up+cores
31.0 847.9 182.1 1.030 1 up+cores
32.0 564.4 465.6 1.030 4 up
33.1 249.5 790.5 1.040 3 up
34.1 438.0 592.0 1.030 3 up+cores
35.1 458.8 581.2 1.040 4 up
36.2 643.3 396.7 1.040 1 up+cores
37.2 802.0 228.0 1.030 3 up
38.2 449.2 580.8 1.030 2 up+cores
39.3 643.3 396.7 1.040 2 up
40.3 460.7 569.3 1.030 5 up
41.3 438.0 592.0 1.030 2 up+cores
42.4 768.9 261.1 1.030 2 up+cores
43.4 425.1 594.9 1.020 3 up+cores
44.4 435.0 595.0 1.030 4 up
45.5 465.9 574.1 1.040 3 up
46.5 447.8 592.2 1.040 3 up
47.5 778.5 241.5 1.020 1 up+cores
48.6 643.7 396.3 1.040 2 up+cores
49.6 633.4 396.6 1.030 3 up
50.6 435.0 595.0 1.030 3 up
51.7 205.4 824.6 1.030 3 up+cores
52.7 830.4 209.6 1.040 1 up+cores
53.7 576.0 464.0 1.040 5 up
54.8 449.1 580.9 1.030 3 up
55.8 250.1 789.9 1.040 3 up+cores
56.8 438.1 591.9 1.030 3 up+cores
57.9 657.4 382.6 1.040 2 up+cores
58.9 1030.0 0.0 1.030 0 up+cores
59.9 644.8 395.2 1.040 3 up
61.0 236.3 793.7 1.030 3 up+cores
62.0 458.9 581.1 1.040 4 up
63.0 438.1 591.9 1.030 2 up+cores
64.1 970.8 59.2 1.030 2 up
65.1 241.8 788.2 1.030 3 up+cores
66.1 434.7 595.3 1.030 3 up+cores
67.2 437.8 592.2 1.030 4 up
68.2 435.1 594.9 1.030 3 up
69.2 829.5 210.5 1.040 0 up+cores
70.3 833.8 196.2 1.030 1 up+cores
71.3 429.2 600.8 1.030 4 up
72.3 408.8 631.2 1.040 3 up
73.4 401.4 628.6 1.030 3 up
74.4 728.1 311.9 1.040 1 up+cores
75.4 430.5 599.5 1.030 3 up+cores
76.5 428.8 601.2 1.030 4 up
77.5 446.2 583.8 1.030 3 up
78.5 429.2 600.8 1.030 3 up
79.6 642.5 397.5 1.040 1 up+cores
80.6 577.3 442.7 1.020 4 up
81.6 456.2 583.8 1.040 3 up
82.7 433.0 597.0 1.030 3 up
83.7 228.8 801.2 1.030 3 up+cores
84.7 639.5 400.5 1.040 2 up+cores
85.8 772.0 258.0 1.030 3 up
86.8 419.2 600.8 1.020 3 up
87.8 384.0 646.0 1.030 3 up
88.8 185.4 844.6 1.030 3 up+cores
89.9 384.6 645.4 1.030 3 up+cores
90.9 947.8 92.2 1.040 2 up
91.9 428.6 601.4 1.030 3 up
93.0 238.4 801.6 1.040 3 up+cores
94.0 429.3 600.7 1.030 3 up+cores
95.0 445.9 584.1 1.030 4 up
96.1 849.7 200.3 1.050 0 up+cores
97.1 391.2 638.8 1.030 4 up+cores
98.1 446.0 584.0 1.030 3 up+cores
99.2 439.1 600.9 1.040 4 up
100.2 429.1 600.9 1.030 3 up
101.2 629.2 400.8 1.030 1 up+cores
102.3 648.9 381.1 1.030 2 up+cores
103.3 446.3 583.7 1.030 4 up
104.3 299.5 740.5 1.040 3 up+cores
105.4 551.0 479.0 1.030 4 up
106.4 429.2 600.8 1.030 2 up+cores
107.4 767.7 272.3 1.040 2 up+cores
108.5 438.8 601.2 1.040 4 up
109.5 429.2 600.8 1.030 3 up
110.5 238.9 801.1 1.040 3 up+cores
111.6 449.4 580.6 1.030 3 up+cores
112.6 1030.0 0.0 1.030 1 up
113.7 440.6 599.4 1.040 3 up
114.7 445.2 584.8 1.030 3 up
115.7 241.9 798.1 1.040 3 up+cores
116.8 446.6 583.4 1.030 4 up
117.8 839.8 200.2 1.040 0 up+cores
118.8 630.8 399.2 1.030 3 up
119.8 228.5 801.5 1.030 3 up+cores
120.9 459.2 580.8 1.040 3 up+cores
121.9 451.5 588.5 1.040 5 up
122.9 619.5 400.5 1.020 1 up+cores
124.0 582.6 457.4 1.040 3 up+cores
125.0 439.1 600.9 1.040 3 up+cores
126.1 442.1 597.9 1.040 4 up
127.1 446.2 583.8 1.030 3 up
128.1 431.9 598.1 1.030 2 up+cores
129.2 766.1 263.9 1.030 2 up+cores
130.2 446.9 583.1 1.030 4 up
131.2 432.2 597.8 1.030 3 up
132.2 407.4 612.6 1.020 3 up
133.3 181.5 858.5 1.040 3 up+cores
134.3 942.6 87.4 1.030 1 up+cores
135.3 395.1 644.9 1.040 4 up
136.4 385.4 644.6 1.030 3 up
137.4 415.4 624.6 1.040 3 up
138.5 180.9 859.1 1.040 3 up+cores
139.5 817.9 212.1 1.030 1 up+cores
140.5 570.3 469.7 1.040 4 up
141.6 400.4 629.6 1.030 3 up
142.6 228.7 801.3 1.030 3 up+cores
143.6 410.8 629.2 1.040 4 up
144.7 708.2 311.8 1.020 1 up+cores
145.7 640.2 399.8 1.040 3 up
146.7 245.6 784.4 1.030 3 up+cores
147.8 442.2 597.8 1.040 3 up+cores
148.8 428.9 601.1 1.030 4 up
149.8 642.1 397.9 1.040 1 up+cores
150.9 630.8 399.2 1.030 2 up+cores
151.9 429.1 600.9 1.030 3 up+cores
152.9 458.7 581.3 1.040 4 up
154.0 429.2 600.8 1.030 3 up
155.0 432.1 597.9 1.030 2 up+cores
156.0 766.9 263.1 1.030 2 up+cores
157.0 429.1 600.9 1.030 4 up
158.1 442.3 597.7 1.040 3 up
159.1 433.0 597.0 1.030 3 up
160.2 188.2 841.8 1.030 3 up+cores
161.2 984.8 45.2 1.030 1 up+cores
162.2 442.5 597.5 1.040 4 up
163.2 450.9 579.1 1.030 3 up
164.3 442.0 598.0 1.040 3 up
165.3 228.9 801.1 1.030 3 up+cores
166.4 842.7 197.3 1.040 1 up+cores
167.4 570.7 459.3 1.030 4 up
168.4 432.8 597.2 1.030 3 up
169.5 249.6 780.4 1.030 3 up+cores
170.5 432.2 597.8 1.030 3 up+cores
171.5 620.9 399.1 1.020 2 up+cores
172.5 820.9 219.1 1.040 3 up
173.6 429.0 601.0 1.030 3 up
174.6 182.6 857.4 1.040 3 up+cores
175.6 374.1 645.9 1.020 4 up
176.7 411.0 629.0 1.040 2 up+cores
177.7 976.3 63.7 1.040 2 up
178.7 246.6 783.4 1.030 3 up+cores
179.8 432.2 597.8 1.030 4 up
180.8 438.9 601.1 1.040 3 up
181.8 439.2 600.8 1.040 3 up
182.9 832.7 197.3 1.030 0 up+cores
183.9 543.4 486.6 1.030 3 up+cores
184.9 429.1 600.9 1.030 4 up
186.0 449.1 580.9 1.030 3 up
187.0 643.3 396.7 1.040 1 up+cores
188.0 829.8 200.2 1.030 1 up+cores
189.1 663.0 377.0 1.040 3 up
190.1 429.4 600.6 1.030 3 up
191.2 442.4 597.6 1.040 3 up
192.2 626.3 413.7 1.040 1 up+cores
193.2 1030.0 0.0 1.030 0 up+cores
194.3 651.9 388.1 1.040 4 up
195.3 439.2 600.8 1.040 3 up
196.3 249.0 781.0 1.030 3 up+cores
197.4 429.4 600.6 1.030 3 up+cores
198.4 629.1 400.9 1.030 2 up+cores
199.4 877.6 152.4 1.030 2 up
200.5 239.2 800.8 1.040 3 up+cores
201.5 432.0 598.0 1.030 3 up+cores
202.5 646.1 383.9 1.030 2 up+cores
203.5 629.6 400.4 1.030 2 up+cores
204.6 1030.0 0.0 1.030 0 up+cores
205.6 679.6 360.4 1.040 2 up+cores
206.7 446.5 583.5 1.030 4 up
207.7 431.9 598.1 1.030 3 up
208.7 424.3 615.7 1.040 3 up
209.8 745.5 294.5 1.040 1 up+cores
210.8 428.2 601.8 1.030 3 up+cores
211.8 438.9 601.1 1.040 4 up
212.9 449.1 580.9 1.030 3 up
213.9 228.6 801.4 1.030 3 up+cores
214.9 842.8 197.2 1.040 1 up+cores
216.0 630.7 399.3 1.030 3 up
217.0 428.9 601.1 1.030 3 up
218.0 431.9 598.1 1.030 3 up
219.1 256.6 783.4 1.040 3 up+cores
220.1 631.9 398.1 1.030 2 up+cores
221.1 765.8 264.2 1.030 3 up
222.2 446.0 584.0 1.030 3 up
223.2 249.1 790.9 1.040 3 up+cores
224.2 413.9 616.1 1.030 3 up+cores
225.3 396.4 643.6 1.040 3 up+cores
226.3 965.7 74.3 1.040 2 up
227.3 228.8 801.2 1.030 3 up+cores
228.4 432.1 597.9 1.030 3 up+cores
229.4 445.6 584.4 1.030 4 up
230.4 438.9 601.1 1.040 3 up
231.5 842.6 197.4 1.040 0 up
232.5 430.3 599.7 1.030 3 up+cores
233.5 429.3 600.7 1.030 4 up
234.6 441.4 598.6 1.040 3 up
235.6 459.8 580.2 1.040 3 up
236.6 629.4 400.6 1.030 1 up+cores
237.7 545.5 484.5 1.030 3 up+cores
238.7 456.2 583.8 1.040 4 up
239.7 397.1 642.9 1.040 3 up
240.8 384.2 645.8 1.030 3 up
241.8 387.1 642.9 1.030 2 up+cores
242.8 750.3 279.7 1.030 3 up
243.9 429.2 600.8 1.030 3 up
244.9 432.2 597.8 1.030 3 up
245.9 255.8 784.2 1.040 3 up+cores
247.0 431.8 598.2 1.030 3 up+cores
248.0 1020.0 0.0 1.020 1 up
249.0 440.5 599.5 1.040 3 up
250.1 231.8 798.2 1.030 3 up+cores
251.1 429.1 600.9 1.030 3 up+cores
252.1 446.1 583.9 1.030 4 up
253.2 839.8 200.2 1.040 0 up+cores
254.2 593.3 446.7 1.040 4 up
255.2 231.6 798.4 1.030 3 up+cores
256.3 429.0 601.0 1.030 4 up
257.3 411.8 628.2 1.040 3 up
258.3 609.4 430.6 1.040 1 up+cores
259.4 588.0 442.0 1.030 3 up+cores
260.4 429.3 600.7 1.030 3 up+cores
261.4 458.7 581.3 1.040 4 up
262.5 429.1 600.9 1.030 3 up
263.5 431.8 598.2 1.030 2 up+cores
264.5 809.8 230.2 1.040 2 up+cores
265.6 428.2 601.8 1.030 4 up
266.6 432.0 598.0 1.030 3 up
267.6 439.1 600.9 1.040 3 up
268.7 252.6 777.4 1.030 3 up+cores
269.7 979.9 60.1 1.040 2 up
270.7 439.3 600.7 1.040 3 up
271.8 449.6 580.4 1.030 3 up
272.8 231.6 798.4 1.030 3 up+cores
273.8 429.0 601.0 1.030 3 up+cores
274.9 829.4 200.6 1.030 1 up+cores
275.9 639.4 400.6 1.040 3 up
277.0 223.3 816.7 1.040 3 up+cores
278.0 401.1 628.9 1.030 3 up+cores
279.0 383.8 646.2 1.030 4 up
280.0 612.3 427.7 1.040 1 up+cores
281.1 757.7 282.3 1.040 3 up
282.1 173.9 856.1 1.030 3 up+cores
283.2 398.5 641.5 1.040 4 up
284.2 389.1 640.9 1.030 3 up
285.2 405.2 624.8 1.030 2 up+cores
286.2 816.6 213.4 1.030 1 up+cores
287.3 456.1 583.9 1.040 3 up+cores
288.3 426.6 613.4 1.040 4 up
289.4 393.9 646.1 1.040 3 up
290.4 177.2 852.8 1.030 3 up+cores
291.4 957.1 72.9 1.030 1 up+cores
292.5 395.3 644.7 1.040 4 up
293.5 385.2 644.8 1.030 3 up
294.5 415.0 625.0 1.040 3 up
295.6 170.0 860.0 1.030 3 up+cores
296.6 818.0 212.0 1.030 1 up+cores
297.6 568.7 471.3 1.040 4 up
298.7 429.1 600.9 1.030 3 up
299.7 238.6 801.4 1.040 4 up+cores
300.7 446.1 583.9 1.030 4 up
301.8 632.4 397.6 1.030 1 up+cores
302.8 780.8 259.2 1.040 3 up
303.8 244.4 785.6 1.030 3 up+cores
304.9 439.0 601.0 1.040 3 up+cores
305.9 441.8 598.2 1.040 4 up
307.0 429.0 601.0 1.030 2 up+cores
308.0 770.6 269.4 1.040 2 up+cores
309.0 429.3 600.7 1.030 3 up+cores
310.0 435.2 594.8 1.030 4 up
311.1 394.0 646.0 1.040 3 up
312.1 373.7 646.3 1.020 3 up
313.1 708.4 321.6 1.030 1 up+cores
314.2 432.6 597.4 1.030 4 up
315.2 439.0 601.0 1.040 3 up
316.2 432.1 597.9 1.030 3 up
317.3 245.8 784.2 1.030 3 up+cores
318.3 1040.0 0.0 1.040 0 up+cores
319.3 440.2 599.8 1.040 4 up
320.4 428.8 601.2 1.030 3 up
321.4 248.4 781.6 1.030 3 up+cores
322.5 439.1 600.9 1.040 3 up+cores
323.5 832.7 197.3 1.030 1 up+cores
324.5 634.1 395.9 1.030 3 up
325.5 426.1 613.9 1.040 3 up
326.6 231.0 799.0 1.030 3 up+cores
327.6 426.2 613.8 1.040 4 up
328.7 586.3 443.7 1.030 1 up+cores
329.7 827.8 202.2 1.030 2 up
330.7 231.0 809.0 1.040 3 up+cores
331.7 416.8 613.2 1.030 3 up+cores
332.8 421.0 619.0 1.040 4 up
333.8 426.2 613.8 1.040 2 up+cores
334.9 835.2 204.8 1.040 1 up+cores
335.9 416.2 613.8 1.030 3 up+cores
336.9 420.9 619.1 1.040 4 up
338.0 440.1 599.9 1.040 3 up
339.0 218.8 811.2 1.030 3 up+cores
340.0 1030.0 0.0 1.030 0 up+cores
341.1 871.8 158.2 1.030 2 up
342.1 448.5 591.5 1.040 3 up
343.1 437.9 592.1 1.030 3 up
344.2 243.6 786.4 1.030 3 up+cores
345.2 817.2 212.8 1.030 1 up+cores
346.2 592.4 437.6 1.030 4 up
347.3 448.1 591.9 1.040 3 up
348.3 240.6 789.4 1.030 3 up+cores
349.3 451.8 578.2 1.030 3 up+cores
350.4 645.4 394.6 1.040 2 up+cores
351.4 765.7 264.3 1.030 3 up
352.4 452.1 577.9 1.030 3 up
353.5 250.4 789.6 1.040 3 up+cores
354.5 438.1 591.9 1.030 4 up
355.5 437.7 592.3 1.030 2 up+cores
356.6 1030.0 0.0 1.030 0 up+cores
357.6 661.8 368.2 1.030 2 up+cores
358.6 438.1 591.9 1.030 3 up+cores
359.7 447.9 592.1 1.040 4 up
360.7 452.1 577.9 1.030 3 up
361.7 832.7 197.3 1.030 1 up
362.8 420.0 620.0 1.040 3 up+cores
363.8 441.6 588.4 1.030 4 up
364.8 438.1 591.9 1.030 3 up
365.9 461.9 578.1 1.040 3 up
366.9 836.4 193.6 1.030 0 up+cores
367.9 448.9 591.1 1.040 3 up+cores
369.0 620.1 409.9 1.030 2 up+cores
370.0 553.7 476.3 1.030 4 up
371.0 244.3 795.7 1.040 4 up+cores
372.1 832.8 197.2 1.030 1 up+cores
373.1 636.5 393.5 1.030 3 up
374.1 447.7 592.3 1.040 3 up
375.2 455.1 574.9 1.030 3 up
376.2 250.2 789.8 1.040 3 up+cores
377.2 1030.0 0.0 1.030 0 up+cores
378.3 648.9 391.1 1.040 3 up
379.3 447.7 592.3 1.040 3 up
380.3 269.0 771.0 1.040 3 up+cores
381.4 832.7 197.3 1.030 2 up
382.4 842.4 197.6 1.040 0 up+cores
383.5 742.8 297.2 1.040 3 up
384.5 210.3 819.7 1.030 3 up+cores
385.5 393.0 637.0 1.030 3 up+cores
386.5 383.0 637.0 1.020 3 up+cores
387.6 1030.0 0.0 1.030 0 up+cores
388.6 817.7 212.3 1.030 2 up
389.6 190.4 849.6 1.040 3 up+cores
390.7 417.5 622.5 1.040 4 up
391.7 394.6 635.4 1.030 3 up
392.7 404.6 635.4 1.040 2 up+cores
393.8 819.6 210.4 1.030 1 up+cores
394.8 409.2 620.8 1.030 3 up+cores
395.8 447.8 592.2 1.040 4 up
396.9 438.0 592.0 1.030 2 up+cores
397.9 635.4 394.6 1.030 2 up+cores
398.9 1030.0 0.0 1.030 0 up+cores
400.0 449.0 591.0 1.040 4 up
401.0 453.0 577.0 1.030 3 up
402.0 451.3 588.7 1.040 4 up
403.1 259.6 770.4 1.030 3 up+cores
404.1 832.8 197.2 1.030 1 up+cores
405.1 612.1 417.9 1.030 4 up
406.2 437.8 592.2 1.030 3 up
407.2 455.9 574.1 1.030 2 up+cores
408.2 645.3 394.7 1.040 2 up+cores
409.3 653.1 376.9 1.030 2 up+cores
410.3 710.8 319.2 1.030 3 up
411.3 437.9 592.1 1.030 3 up
412.4 443.3 586.7 1.030 3 up
413.4 210.2 819.8 1.030 3 up+cores
414.4 606.1 423.9 1.030 2 up+cores
415.5 842.7 197.3 1.040 2 up
416.5 255.0 775.0 1.030 3 up+cores
417.5 645.4 394.6 1.040 2 up+cores
418.6 645.4 394.6 1.040 3 up
419.6 442.2 577.8 1.020 2 up+cores
420.6 897.8 142.2 1.040 2 up
421.7 255.2 774.8 1.030 3 up+cores
422.7 438.1 591.9 1.030 3 up+cores
423.7 438.1 591.9 1.030 4 up
424.7 422.8 607.2 1.030 2 up+cores
425.8 733.8 306.2 1.040 2 up+cores
426.8 553.1 476.9 1.030 4 up
427.8 428.1 591.9 1.020 2 up+cores
428.9 898.9 141.1 1.040 1 up+cores
429.9 438.0 592.0 1.030 3 up+cores
431.0 843.9 196.1 1.040 1 up+cores
432.0 428.3 591.7 1.020 3 up+cores
433.0 451.1 578.9 1.030 4 up
434.0 438.0 592.0 1.030 3 up
435.1 448.2 591.8 1.040 3 up
436.1 805.5 214.5 1.020 1 up+cores
437.1 448.3 591.7 1.040 3 up+cores
438.2 408.2 621.8 1.030 3 up+cores
439.2 827.6 212.4 1.040 2 up
440.2 195.2 834.8 1.030 3 up+cores
441.3 817.4 212.6 1.030 1 up+cores
442.3 636.5 393.5 1.030 3 up
443.3 462.0 578.0 1.040 3 up
444.4 244.6 785.4 1.030 3 up+cores
445.4 438.1 591.9 1.030 4 up
446.4 625.3 394.7 1.020 1 up+cores
447.5 844.2 195.8 1.040 2 up
448.5 240.7 789.3 1.030 3 up+cores
449.5 1040.0 0.0 1.040 0 up+cores
450.5 438.0 592.0 1.030 4 up
451.6 438.1 591.9 1.030 2 up+cores
452.6 1030.0 0.0 1.030 1 up
453.6 242.2 787.8 1.030 3 up+cores
454.7 418.0 622.0 1.040 4 up
455.7 392.8 637.2 1.030 3 up
456.7 314.5 715.5 1.030 3 up+cores
457.8 832.7 197.3 1.030 1 up+cores
458.8 452.2 577.8 1.030 3 up+cores
459.8 832.8 197.2 1.030 2 up
460.9 462.1 577.9 1.040 3 up
461.9 240.7 789.3 1.030 3 up+cores
462.9 1001.8 28.2 1.030 1 up+cores
464.0 438.6 591.4 1.030 4 up
465.0 448.3 591.7 1.040 3 up
466.0 456.1 573.9 1.030 3 up
467.1 254.2 785.8 1.040 3 up+cores
468.1 832.5 197.5 1.030 1 up+cores
469.1 598.6 441.4 1.040 3 up+cores
470.2 832.8 197.2 1.030 2 up
471.2 225.5 804.5 1.030 3 up+cores
472.2 407.6 622.4 1.030 3 up+cores
473.3 616.0 424.0 1.040 2 up+cores
474.3 1040.0 0.0 1.040 0 up+cores
475.3 473.2 556.8 1.030 3 up+cores
476.4 452.7 577.3 1.030 3 up+cores
477.4 437.5 592.5 1.030 4 up
478.4 408.2 621.8 1.030 2 up+cores
479.5 938.8 81.2 1.020 2 up
480.5 242.1 787.9 1.030 3 up+cores
481.5 438.4 591.6 1.030 3 up+cores
482.5 460.0 580.0 1.040 4 up
483.6 448.5 591.5 1.040 3 up
484.6 832.8 197.2 1.030 0 up+cores
485.7 635.6 394.4 1.030 2 up+cores
486.7 462.2 577.8 1.040 3 up+cores
487.7 438.0 592.0 1.030 4 up
488.7 438.2 591.8 1.030 3 up
489.8 842.8 197.2 1.040 0 up+cores
490.8 437.9 592.1 1.030 3 up+cores
491.8 406.9 623.1 1.030 4 up
492.9 403.8 636.2 1.040 3 up
493.9 195.4 834.6 1.030 3 up+cores
495.0 818.0 212.0 1.030 1 up+cores
496.0 560.8 479.2 1.040 4 up
497.0 409.2 630.8 1.040 3 up
498.1 408.3 621.7 1.030 3 up
499.1 183.2 846.8 1.030 3 up+cores
500.1 621.2 408.8 1.030 2 up+cores
501.2 634.7 395.3 1.030 2 up+cores
502.2 448.1 591.9 1.040 3 up+cores
503.2 438.0 592.0 1.030 4 up
504.2 422.7 607.3 1.030 3 up
505.3 402.7 637.3 1.040 2 up+cores
506.3 894.4 135.6 1.030 2 up
507.3 255.0 775.0 1.030 3 up+cores
508.4 448.7 591.3 1.040 3 up+cores
509.4 441.9 588.1 1.030 4 up
510.5 452.0 578.0 1.030 2 up+cores
511.5 1040.0 0.0 1.040 1 up
512.5 242.0 788.0 1.030 3 up+cores
513.5 438.3 591.7 1.030 4 up
514.6 448.0 592.0 1.040 2 up+cores
515.6 918.7 121.3 1.040 2 up
516.7 822.4 197.6 1.020 1 up
517.7 348.1 691.9 1.040 3 up+cores
518.7 452.1 577.9 1.030 3 up+cores
519.8 448.0 592.0 1.040 3 up+cores
520.8 1030.0 0.0 1.030 0 up+cores
521.8 1030.0 0.0 1.030 0 up+cores
522.8 797.8 232.2 1.030 3 up
523.9 447.5 592.5 1.040 3 up
524.9 392.9 637.1 1.030 3 up
526.0 190.8 849.2 1.040 3 up+cores
527.0 827.3 212.7 1.040 1 up+cores
528.0 561.5 468.5 1.030 4 up
529.1 456.4 573.6 1.030 3 up
530.1 260.5 789.5 1.050 3 up+cores
531.2 843.0 197.0 1.040 2 up
532.2 636.3 393.7 1.030 1 up+cores
533.2 789.5 240.5 1.030 3 up
534.2 254.8 785.2 1.040 3 up+cores
535.3 452.0 578.0 1.030 3 up+cores
536.3 438.2 591.8 1.030 4 up
537.3 448.6 591.4 1.040 2 up+cores
538.4 785.6 244.4 1.030 2 up+cores
539.4 449.2 590.8 1.040 3 up+cores
540.5 422.7 607.3 1.030 3 up+cores
541.5 817.8 212.2 1.030 2 up
542.5 403.2 636.8 1.040 3 up
543.5 710.9 319.1 1.030 1 up+cores
544.6 451.0 589.0 1.040 4 up+cores
545.6 461.7 578.3 1.040 4 up
546.7 437.7 592.3 1.030 3 up
547.7 243.8 786.2 1.030 3 up+cores
548.7 842.7 197.3 1.040 1 up+cores
549.8 595.5 434.5 1.030 4 up
550.8 438.1 591.9 1.030 2 up+cores
551.8 645.8 394.2 1.040 2 up+cores
552.9 452.0 578.0 1.030 3 up+cores
553.9 645.4 394.6 1.040 2 up+cores
554.9 643.4 386.6 1.030 2 up+cores
556.0 437.8 592.2 1.030 3 up+cores
557.0 437.7 592.3 1.030 4 up
558.0 443.3 586.7 1.030 3 up
559.1 447.0 593.0 1.040 2 up+cores
560.1 758.8 271.2 1.030 2 up+cores
561.1 461.5 578.5 1.040 3 up+cores
562.2 1030.0 0.0 1.030 1 up
563.2 252.3 787.7 1.040 3 up+cores
564.2 438.1 591.9 1.030 3 up+cores
565.3 1030.0 0.0 1.030 1 up
566.3 248.6 781.4 1.030 3 up+cores
567.3 448.2 591.8 1.040 3 up+cores
568.4 453.0 577.0 1.030 4 up
569.4 448.2 591.8 1.040 3 up
570.4 832.8 197.2 1.030 0 up+cores
571.5 447.6 582.4 1.030 3 up+cores
572.5 843.5 196.5 1.040 2 up
573.5 437.9 592.1 1.030 3 up
574.6 211.0 819.0 1.030 3 up+cores
575.6 817.7 212.3 1.030 1 up+cores
576.6 546.4 493.6 1.040 4 up
577.7 462.0 578.0 1.040 3 up
578.7 247.7 782.3 1.030 3 up+cores
579.7 438.9 591.1 1.030 3 up+cores
580.8 635.5 394.5 1.030 2 up+cores
581.8 966.8 63.2 1.030 1 up+cores
582.8 844.1 195.9 1.040 2 up
583.9 241.4 788.6 1.030 3 up+cores
584.9 452.4 577.6 1.030 3 up+cores
585.9 447.8 592.2 1.040 3 up+cores
587.0 1030.0 0.0 1.030 1 up
588.0 255.9 784.1 1.040 3 up+cores
589.0 447.9 592.1 1.040 3 up+cores
590.1 397.6 622.4 1.020 4 up
591.1 416.8 623.2 1.040 3 up
592.1 817.6 212.4 1.030 0 up+cores
593.2 666.3 373.7 1.040 2 up+cores
594.2 468.0 562.0 1.030 4 up
595.2 468.7 561.3 1.030 3 up
596.3 481.6 558.4 1.040 3 up
597.3 659.1 370.9 1.030 1 up+cores
598.3 625.6 404.4 1.030 3 up+cores
599.4 478.0 562.0 1.040 4 up
600.4 482.0 558.0 1.040 3 up
