# t_s cur_mA v_mV APSS_sd APSS_xosd APSS_xopct APSS_cores LPASS_sd LPASS_xosd LPASS_xopct LPASS_cores MPSS_sd MPSS_xosd MPSS_xopct MPSS_cores PRONTO_sd PRONTO_xosd PRONTO_xopct PRONTO_cores edge_irq_per_s modem_irq_per_s
2 0 4362 75 0 0 0x1 0 0 0 0x0 6 6 91 0x0 21 21 84 0x0  142 0
4 0 4362 95 0 0 0x1 0 0 0 0x0 7 7 106 0x0 19 18 77 0x0  31 1
6 0 4362 90 0 0 0x1 0 0 0 0x0 3 3 60 0x1 20 20 82 0x1  56 3
8 0 4362 106 0 0 0x1 0 0 0 0x0 5 5 43 0x0 21 21 85 0x0  20 0
10 0 4362 109 0 0 0x1 0 0 0 0x0 6 6 83 0x0 20 20 84 0x0  10 0
12 0 4362 94 0 0 0x1 0 0 0 0x0 5 5 51 0x0 20 20 84 0x0  50 2
14 0 4362 91 0 0 0x1 0 0 0 0x0 6 6 80 0x0 20 20 83 0x0  22 1
16 0 4362 103 0 0 0x1 0 0 0 0x0 4 4 65 0x1 20 20 85 0x0  12 0
18 0 4362 108 0 0 0x1 0 0 0 0x0 5 5 44 0x0 20 20 84 0x0  48 0
20 0 4362 94 0 0 0x1 0 0 0 0x0 6 6 79 0x0 21 21 84 0x0  54 0
22 0 4362 101 0 0 0x1 0 0 0 0x0 4 4 56 0x0 20 20 84 0x0  51 1
24 0 4362 96 0 0 0x1 0 0 0 0x0 6 6 77 0x0 20 20 86 0x0  87 1
26 0 4362 82 0 0 0x1 0 0 0 0x0 4 4 66 0x1 20 20 86 0x0  14 0
28 0 4362 83 0 0 0x1 0 0 0 0x0 5 5 38 0x0 15 15 65 0x1  31 1
30 0 4362 52 0 0 0x1 0 0 0 0x0 6 6 87 0x1 8 8 21 0x1  60 0
32 0 4362 103 0 0 0x1 0 0 0 0x0 5 5 65 0x1 6 6 12 0x0  24 1
34 0 4362 95 0 0 0x1 0 0 0 0x0 5 5 52 0x0 19 19 75 0x0  31 1
36 0 4362 86 0 0 0x1 0 0 0 0x0 4 4 65 0x1 19 19 79 0x0  55 0
38 0 4361 110 0 0 0x1 0 0 0 0x0 4 4 36 0x0 20 20 84 0x0  10 0
40 0 4361 98 0 0 0x1 0 0 0 0x0 6 6 93 0x1 20 20 86 0x0  22 0
42 0 4361 95 0 0 0x1 0 0 0 0x0 7 7 80 0x0 19 19 81 0x1  40 0
44 0 4361 114 0 0 0x1 0 0 0 0x0 3 3 40 0x0 21 21 83 0x0  16 0
46 0 4361 101 0 0 0x1 0 0 0 0x0 5 5 70 0x0 19 19 84 0x1  17 0
48 0 4361 100 0 0 0x1 0 0 0 0x0 4 4 66 0x1 20 20 84 0x1  43 0
50 0 4361 99 0 0 0x1 0 0 0 0x0 6 6 70 0x0 22 22 81 0x0  15 0
52 0 4361 97 0 0 0x1 0 0 0 0x0 4 4 55 0x0 20 20 83 0x0  16 0
54 0 4360 87 0 0 0x1 0 0 0 0x0 3 3 53 0x1 20 20 86 0x0  86 0
56 0 4360 91 0 0 0x1 0 0 0 0x0 5 5 53 0x0 20 20 85 0x0  34 0
58 0 4361 91 0 0 0x1 0 0 0 0x0 7 7 76 0x0 20 20 84 0x0  15 1
60 0 4361 107 0 0 0x1 0 0 0 0x0 4 4 55 0x0 20 20 86 0x0  28 0
62 0 4361 111 0 0 0x1 0 0 0 0x0 6 6 83 0x0 14 14 53 0x0  36 0
64 0 4361 98 0 0 0x1 0 0 0 0x0 4 4 70 0x1 7 7 20 0x1  45 0
66 0 4360 92 0 0 0x1 0 0 0 0x0 4 4 40 0x0 11 11 33 0x0  54 0
68 0 4360 89 0 0 0x1 0 0 0 0x0 6 6 93 0x1 20 20 86 0x0  22 0
70 0 4360 77 0 0 0x1 0 0 0 0x0 4 4 38 0x0 12 12 54 0x1  18 0
72 0 4360 100 0 0 0x1 0 0 0 0x0 6 6 80 0x0 20 20 84 0x1  47 0
74 0 4360 106 0 0 0x1 0 0 0 0x0 6 6 98 0x1 20 20 79 0x0  13 0
76 0 4361 111 0 0 0x1 0 0 0 0x0 2 2 10 0x0 20 20 83 0x0  6 0
78 0 4360 97 0 0 0x1 0 0 0 0x0 7 7 89 0x0 21 21 85 0x0  52 0
80 0 4360 78 0 0 0x1 0 0 0 0x0 3 3 53 0x1 20 20 86 0x0  16 0
82 0 4361 100 0 0 0x1 0 0 0 0x0 6 6 80 0x1 20 20 86 0x0  10 0
84 0 4360 88 0 0 0x1 0 0 0 0x0 7 7 79 0x0 20 20 86 0x0  58 1
86 0 4360 102 0 0 0x1 0 0 0 0x0 2 2 27 0x0 20 20 85 0x0  7 0
88 0 4360 82 0 0 0x1 0 0 0 0x0 7 7 88 0x0 20 20 84 0x0  29 2
90 0 4360 79 0 0 0x1 0 0 0 0x0 3 3 54 0x1 22 22 90 0x0  83 0
92 0 4360 108 0 0 0x1 0 0 0 0x0 6 6 64 0x0 20 20 86 0x0  15 1
94 0 4360 70 0 0 0x1 0 0 0 0x0 6 6 83 0x0 20 20 87 0x0  68 0
96 0 4359 98 0 0 0x1 0 0 0 0x0 3 3 51 0x1 8 8 31 0x1  27 1
98 0 4360 104 0 0 0x1 0 0 0 0x0 7 7 84 0x0 7 7 17 0x1  89 0
100 0 4359 92 0 0 0x1 0 0 0 0x0 3 3 55 0x1 15 15 54 0x0  24 0
102 0 4360 95 0 0 0x1 0 0 0 0x0 5 5 44 0x0 20 20 85 0x0  21 0
104 0 4360 101 0 0 0x1 0 0 0 0x0 6 6 79 0x0 20 20 84 0x0  56 0
106 0 4360 103 0 0 0x1 0 0 0 0x0 4 4 52 0x0 20 20 80 0x0  12 0
108 0 4360 107 0 0 0x1 0 0 0 0x0 6 6 80 0x0 21 21 81 0x0  9 0
110 0 4359 90 0 0 0x1 0 0 0 0x0 4 4 59 0x1 20 20 85 0x0  55 0
112 0 4359 114 0 0 0x1 0 0 0 0x0 4 4 39 0x0 20 20 90 0x1  13 0
114 0 4359 93 0 0 0x1 0 0 0 0x0 6 6 80 0x0 20 20 86 0x1  35 0
116 0 4359 97 0 0 0x1 0 0 0 0x0 5 5 80 0x1 19 19 81 0x1  53 1
118 0 4360 106 0 0 0x1 0 0 0 0x0 5 5 55 0x0 21 21 87 0x0  13 0
120 0 4359 99 0 0 0x1 0 0 0 0x0 4 4 70 0x1 21 21 85 0x1  25 0
122 0 4359 95 0 0 0x1 0 0 0 0x0 4 4 38 0x0 20 20 80 0x0  88 0
124 0 4359 49 0 0 0x1 0 0 0 0x0 6 6 93 0x1 20 20 83 0x0  38 0
126 0 4359 97 0 0 0x1 0 0 0 0x0 7 7 79 0x0 21 21 84 0x0  27 0
128 0 4359 107 0 0 0x1 0 0 0 0x0 1 1 16 0x1 19 19 82 0x1  101 0
130 0 4359 106 0 0 0x1 0 0 0 0x0 7 7 73 0x0 9 9 20 0x1  9 0
132 0 4359 89 0 0 0x1 0 0 0 0x0 4 4 68 0x1 8 8 16 0x0  62 1
134 0 4358 53 0 0 0x1 0 0 0 0x0 6 6 60 0x0 17 17 75 0x1  37 0
136 0 4358 88 0 0 0x1 0 0 0 0x0 6 6 80 0x0 21 21 82 0x1  44 0
138 0 4358 104 0 0 0x1 0 0 0 0x0 2 2 39 0x1 21 21 86 0x0  17 0
140 0 4358 100 0 0 0x1 0 0 0 0x0 6 6 64 0x0 20 20 86 0x0  45 0
142 0 4359 104 0 0 0x1 0 0 0 0x0 6 6 80 0x0 20 20 86 0x0  17 0
144 0 4359 96 0 0 0x1 0 0 0 0x0 4 4 53 0x0 20 20 86 0x0  25 1
146 0 4358 92 0 0 0x1 0 0 0 0x0 7 7 82 0x0 20 20 83 0x0  53 1
148 0 4359 101 0 0 0x1 0 0 0 0x0 4 4 70 0x1 21 21 86 0x0  17 0
150 0 4358 55 0 0 0x1 0 0 0 0x0 6 6 68 0x0 20 20 86 0x0  58 1
152 0 4359 106 0 0 0x1 0 0 0 0x0 6 6 95 0x1 16 16 68 0x0  44 0
154 0 4359 71 0 0 0x1 0 0 0 0x0 4 4 40 0x0 20 20 78 0x0  31 0
156 0 4358 115 0 0 0x1 0 0 0 0x0 6 6 80 0x0 20 20 86 0x0  18 0
158 0 4358 96 0 0 0x1 0 0 0 0x0 6 6 92 0x1 19 19 76 0x0  86 0
160 0 4359 90 0 0 0x1 0 0 0 0x0 4 4 39 0x0 20 20 89 0x1  28 1
162 0 4358 0 0 0 0x1 0 0 0 0x0 7 7 93 0x0 17 17 62 0x0  11 0
164 0 4358 91 0 0 0x1 0 0 0 0x0 3 3 55 0x1 7 7 19 0x1  44 0
166 0 4358 79 0 0 0x1 0 0 0 0x0 7 7 82 0x0 11 11 25 0x0  56 0
168 0 4358 66 0 0 0x1 0 0 0 0x0 7 7 72 0x0 20 20 86 0x0  18 0
170 0 4357 92 0 0 0x1 0 0 0 0x0 3 3 38 0x0 20 20 85 0x0  57 0
172 0 4358 81 0 0 0x1 0 0 0 0x0 7 7 92 0x0 20 20 85 0x0  40 1
174 0 4358 92 0 0 0x1 0 0 0 0x0 5 5 79 0x1 20 20 87 0x0  22 1
176 0 4358 106 0 0 0x1 0 0 0 0x0 5 5 52 0x0 20 20 85 0x0  40 0
178 0 4358 102 0 0 0x1 0 0 0 0x0 6 6 82 0x0 21 21 85 0x0  15 0
180 0 4358 88 0 0 0x1 0 0 0 0x0 3 3 56 0x1 20 20 86 0x0  22 0
182 0 4358 97 0 0 0x1 0 0 0 0x0 7 7 82 0x0 20 20 85 0x0  101 0
184 0 4358 95 0 0 0x1 0 0 0 0x0 6 6 84 0x0 20 20 89 0x1  23 0
186 0 4357 106 0 0 0x1 0 0 0 0x0 4 4 52 0x0 20 20 85 0x1  26 1
188 0 4358 91 0 0 0x1 0 0 0 0x0 6 6 79 0x0 21 21 87 0x0  85 0
190 0 4358 110 0 0 0x1 0 0 0 0x0 6 6 73 0x1 20 20 84 0x0  15 0
192 0 4357 101 0 0 0x1 0 0 0 0x0 5 5 50 0x0 20 20 83 0x0  25 0
194 0 4357 101 0 0 0x1 0 0 0 0x0 6 6 93 0x1 20 20 85 0x0  42 0
196 0 4357 94 0 0 0x1 0 0 0 0x0 4 4 39 0x0 13 13 46 0x1  18 1
198 0 4357 68 0 0 0x1 0 0 0 0x0 6 6 79 0x0 9 9 20 0x1  33 1
200 0 4357 82 0 0 0x1 0 0 0 0x0 7 7 92 0x0 12 12 40 0x0  86 0
202 0 4357 91 0 0 0x1 0 0 0 0x0 3 3 39 0x0 20 20 82 0x0  27 0
204 0 4357 100 0 0 0x1 0 0 0 0x0 8 8 89 0x0 20 20 90 0x1  21 1
206 0 4357 91 0 0 0x1 0 0 0 0x0 4 4 66 0x1 22 22 83 0x0  50 0
208 0 4357 101 0 0 0x1 0 0 0 0x0 5 5 64 0x1 20 20 86 0x0  19 0
210 0 4357 104 0 0 0x1 0 0 0 0x0 7 7 79 0x0 20 20 85 0x0  88 0
212 0 4357 97 0 0 0x1 0 0 0 0x0 3 3 50 0x1 20 20 85 0x0  14 0
214 0 4357 98 0 0 0x1 0 0 0 0x0 8 8 73 0x0 20 20 83 0x0  18 0
216 0 4357 98 0 0 0x1 0 0 0 0x0 6 6 80 0x0 20 20 83 0x0  49 0
218 0 4357 90 0 0 0x1 0 0 0 0x0 4 4 51 0x0 21 21 86 0x0  65 0
220 0 4357 102 0 0 0x1 0 0 0 0x0 6 6 79 0x0 20 20 86 0x0  7 0
222 0 4357 96 0 0 0x1 0 0 0 0x0 4 4 66 0x1 20 20 90 0x1  51 0
224 0 4357 95 0 0 0x1 0 0 0 0x0 6 6 66 0x0 20 20 71 0x0  31 1
226 0 4357 103 0 0 0x1 0 0 0 0x0 6 6 92 0x1 20 20 84 0x0  8 0
228 0 4357 82 0 0 0x1 0 0 0 0x0 4 4 37 0x0 18 18 70 0x0  71 1
230 0 4357 68 0 0 0x1 0 0 0 0x0 6 6 79 0x0 9 9 27 0x1  97 0
232 0 4357 37 0 0 0x1 0 0 0 0x0 6 6 92 0x1 10 10 16 0x0  21 1
234 0 4357 40 0 0 0x1 0 0 0 0x0 4 4 39 0x0 15 15 62 0x0  11 1
236 0 4357 46 0 0 0x1 0 0 0 0x0 6 6 92 0x1 21 21 84 0x0  42 0
238 0 4357 37 0 0 0x1 0 0 0 0x0 4 4 52 0x1 20 20 85 0x0  47 0
240 53 4332 31 0 0 0x1 0 0 0 0x0 6 6 66 0x0 20 20 82 0x0  58 0
242 53 4334 28 0 0 0x1 0 0 0 0x0 7 7 96 0x0 20 20 82 0x0  24 1
244 149 4303 38 0 0 0x1 0 0 0 0x0 1 1 28 0x1 20 20 83 0x0  39 0
246 54 4331 23 0 0 0x1 0 0 0 0x0 7 7 84 0x0 20 20 85 0x0  22 0
248 184 4297 43 0 0 0x1 0 0 0 0x0 5 5 83 0x1 22 22 88 0x0  17 0
250 53 4326 35 0 0 0x1 0 0 0 0x0 1 1 10 0x1 19 19 86 0x1  44 1
252 56 4329 28 0 0 0x1 0 0 0 0x0 7 7 83 0x0 20 20 82 0x1  98 0
254 180 4292 38 0 0 0x1 0 0 0 0x0 3 3 53 0x1 22 22 84 0x0  21 1
256 53 4324 38 0 0 0x1 0 0 0 0x0 4 4 38 0x0 20 20 86 0x0  50 0
258 54 4326 33 0 0 0x1 0 0 0 0x0 6 6 78 0x0 20 20 85 0x0  6 0
260 59 4323 28 0 0 0x1 0 0 0 0x0 3 3 51 0x1 20 20 85 0x0  13 1
262 101 4313 24 0 0 0x1 0 0 0 0x0 8 8 78 0x0 17 17 77 0x1  67 2
264 273 4281 46 0 0 0x1 0 0 0 0x0 5 5 80 0x1 10 10 20 0x1  15 0
266 220 4278 28 0 0 0x1 0 0 0 0x0 3 3 36 0x1 8 8 20 0x1  25 1
268 95 4311 40 0 0 0x1 0 0 0 0x0 6 6 65 0x0 19 19 76 0x0  42 1
270 149 4297 42 0 0 0x1 0 0 0 0x0 4 4 53 0x0 20 20 87 0x0  43 0
272 154 4306 29 0 0 0x1 0 0 0 0x0 6 6 79 0x0 20 20 90 0x1  21 0
274 87 4317 45 0 0 0x1 0 0 0 0x0 7 7 86 0x1 20 20 87 0x1  53 0
276 54 4320 35 0 0 0x1 0 0 0 0x0 4 4 36 0x0 21 21 85 0x1  24 0
278 53 4323 37 0 0 0x1 0 0 0 0x0 6 6 79 0x0 20 20 83 0x1  20 0
280 176 4288 39 0 0 0x1 0 0 0 0x0 5 5 80 0x1 21 21 84 0x0  44 0
282 131 4308 24 0 0 0x1 0 0 0 0x0 5 5 52 0x0 20 20 86 0x0  29 1
284 59 4322 32 0 0 0x1 0 0 0 0x0 7 7 93 0x0 20 20 86 0x0  14 1
286 192 4286 24 0 0 0x1 0 0 0 0x0 3 3 39 0x0 20 20 83 0x0  80 0
288 53 4323 30 0 0 0x1 0 0 0 0x0 6 6 91 0x1 20 20 85 0x0  11 1
290 62 4323 40 0 0 0x1 0 0 0 0x0 7 7 84 0x0 20 20 86 0x0  7 0
292 157 4289 26 0 0 0x1 0 0 0 0x0 1 1 26 0x1 20 20 86 0x0  105 2
294 217 4291 38 0 0 0x1 0 0 0 0x0 8 8 74 0x0 21 21 85 0x0  13 1
296 195 4280 34 0 0 0x1 0 0 0 0x0 4 4 66 0x1 14 14 61 0x1  14 0
298 188 4294 32 0 0 0x1 0 0 0 0x0 6 6 65 0x0 9 9 19 0x1  43 0
300 57 4312 29 0 0 0x1 0 0 0 0x0 6 6 79 0x0 9 9 30 0x1  33 0
302 53 4314 43 0 0 0x1 0 0 0 0x0 3 3 53 0x1 20 20 85 0x1  31 0
304 53 4321 29 0 0 0x1 0 0 0 0x0 7 7 80 0x0 21 21 85 0x0  45 0
306 57 4313 27 0 0 0x1 0 0 0 0x0 6 6 93 0x0 21 21 84 0x0  20 1
308 150 4303 34 0 0 0x1 0 0 0 0x0 4 4 33 0x0 20 20 81 0x0  7 0
310 188 4291 37 0 0 0x1 0 0 0 0x0 7 7 85 0x0 20 20 83 0x0  40 0
312 150 4289 44 0 0 0x1 0 0 0 0x0 4 4 57 0x1 19 19 79 0x0  47 0
314 53 4320 42 0 0 0x1 0 0 0 0x0 6 6 62 0x0 20 20 90 0x1  11 0
316 91 4317 24 0 0 0x1 0 0 0 0x0 7 7 92 0x0 19 19 81 0x1  88 0
318 53 4317 29 0 0 0x1 0 0 0 0x0 3 3 39 0x0 20 20 84 0x1  5 0
320 53 4317 44 0 0 0x1 0 0 0 0x0 6 6 93 0x1 21 21 83 0x0  38 1
322 169 4298 45 0 0 0x1 0 0 0 0x0 7 7 72 0x1 20 20 84 0x0  50 0
324 109 4309 36 0 0 0x1 0 0 0 0x0 4 4 51 0x1 21 21 85 0x0  8 0
326 115 4302 42 0 0 0x1 0 0 0 0x0 7 7 80 0x0 20 20 85 0x0  33 1
328 157 4290 21 0 0 0x1 0 0 0 0x0 3 3 53 0x1 20 20 87 0x0  45 0
330 53 4311 32 0 0 0x1 0 0 0 0x0 7 7 70 0x0 11 11 38 0x0  54 0
332 63 4312 27 0 0 0x1 0 0 0 0x0 6 6 83 0x0 7 7 16 0x0  10 0
334 54 4314 45 0 0 0x1 0 0 0 0x0 4 4 54 0x0 13 13 53 0x1  43 0
336 52 4318 43 0 0 0x1 0 0 0 0x0 6 6 84 0x0 22 22 85 0x0  31 0
338 199 4283 41 0 0 0x1 0 0 0 0x0 5 5 84 0x1 18 18 76 0x0  14 1
340 53 4317 36 0 0 0x1 0 0 0 0x0 5 5 54 0x0 20 20 85 0x0  18 0
342 53 4316 34 0 0 0x1 0 0 0 0x0 6 6 80 0x0 19 19 80 0x0  46 0
344 161 4289 37 0 0 0x1 0 0 0 0x0 4 4 56 0x0 20 20 83 0x0  12 0
346 53 4315 44 0 0 0x1 0 0 0 0x0 6 6 78 0x0 20 20 85 0x0  99 0
348 245 4278 31 0 0 0x1 0 0 0 0x0 7 7 92 0x0 20 20 87 0x0  11 0
350 124 4304 35 0 0 0x1 0 0 0 0x0 3 3 40 0x0 19 19 79 0x0  28 2
352 58 4313 41 0 0 0x1 0 0 0 0x0 6 6 92 0x1 21 21 84 0x0  40 0
354 242 4258 32 0 0 0x1 0 0 0 0x0 5 5 66 0x1 20 20 85 0x0  18 0
356 63 4313 44 0 0 0x1 0 0 0 0x0 5 5 48 0x0 20 20 87 0x0  65 0
358 179 4307 32 0 0 0x1 0 0 0 0x0 8 8 86 0x0 20 20 87 0x1  41 0
360 96 4302 23 0 0 0x1 0 0 0 0x0 3 3 39 0x0 20 20 86 0x1  39 0
362 290 4271 29 0 0 0x1 0 0 0 0x0 6 6 91 0x1 21 21 85 0x0  43 0
364 201 4279 34 0 0 0x1 0 0 0 0x0 7 7 79 0x0 7 7 21 0x1  63 0
366 57 4307 36 0 0 0x1 0 0 0 0x0 3 3 52 0x1 10 10 20 0x1  18 1
368 53 4315 41 0 0 0x1 0 0 0 0x0 7 7 82 0x0 17 17 64 0x0  11 0
370 155 4285 34 0 0 0x1 0 0 0 0x0 4 4 70 0x1 19 19 79 0x0  61 0
372 54 4314 35 0 0 0x1 0 0 0 0x0 6 6 68 0x0 20 20 84 0x0  8 0
374 53 4311 34 0 0 0x1 0 0 0 0x0 6 6 84 0x0 19 19 80 0x0  29 0
376 68 4307 35 0 0 0x1 0 0 0 0x0 4 4 54 0x0 20 20 84 0x0  86 0
378 54 4313 23 0 0 0x1 0 0 0 0x0 6 6 87 0x1 20 20 90 0x1  11 2
380 172 4298 38 0 0 0x1 0 0 0 0x0 7 7 89 0x1 18 18 74 0x1  30 0
382 106 4292 35 0 0 0x1 0 0 0 0x0 2 2 2 0x0 22 22 84 0x1  43 0
384 66 4306 23 0 0 0x1 0 0 0 0x0 6 6 77 0x0 20 20 78 0x0  17 0
386 169 4280 37 0 0 0x1 0 0 0 0x0 4 4 67 0x1 20 20 85 0x0  4 0
388 57 4302 27 0 0 0x1 0 0 0 0x0 6 6 62 0x0 20 20 84 0x0  56 0
390 53 4313 36 0 0 0x1 0 0 0 0x0 6 6 92 0x1 20 20 85 0x0  27 0
392 101 4308 42 0 0 0x1 0 0 0 0x0 4 4 38 0x0 20 20 86 0x0  36 0
394 104 4306 21 0 0 0x1 0 0 0 0x0 6 6 80 0x0 21 21 86 0x0  58 1
396 98 4300 35 0 0 0x1 0 0 0 0x0 6 6 95 0x1 17 17 66 0x1  9 1
398 229 4276 38 0 0 0x1 0 0 0 0x0 4 4 41 0x0 9 9 19 0x1  8 0
400 100 4298 34 0 0 0x1 0 0 0 0x0 6 6 98 0x1 6 6 9 0x0  63 0
402 257 4258 35 0 0 0x1 0 0 0 0x0 4 4 56 0x1 19 19 77 0x0  16 1
404 53 4310 27 0 0 0x1 0 0 0 0x0 4 4 38 0x0 20 20 87 0x0  14 0
406 52 4305 25 0 0 0x1 0 0 0 0x0 7 7 94 0x0 21 21 85 0x0  126 0
408 139 4300 35 0 0 0x1 0 0 0 0x0 3 3 37 0x0 19 19 78 0x0  31 1
410 54 4305 39 0 0 0x1 0 0 0 0x0 3 3 31 0x0 20 20 89 0x0  21 0
412 54 4311 33 0 0 0x1 0 0 0 0x0 5 5 80 0x1 21 21 84 0x1  45 1
414 53 4310 31 0 0 0x1 0 0 0 0x0 4 4 52 0x1 20 20 86 0x1  18 0
416 185 4289 38 0 0 0x1 0 0 0 0x0 5 5 54 0x0 20 20 85 0x1  17 0
418 153 4273 46 0 0 0x1 0 0 0 0x0 3 3 55 0x1 21 21 86 0x0  48 0
420 53 4302 29 0 0 0x1 0 0 0 0x0 5 5 47 0x0 20 20 85 0x0  38 1
422 63 4304 30 0 0 0x1 0 0 0 0x0 6 6 79 0x0 21 21 86 0x0  37 0
424 110 4290 42 0 0 0x1 0 0 0 0x0 4 4 52 0x0 18 18 75 0x0  55 0
426 54 4308 33 0 0 0x1 0 0 0 0x0 6 6 79 0x0 20 20 82 0x0  7 0
428 192 4274 32 0 0 0x1 0 0 0 0x0 5 5 82 0x1 19 19 76 0x0  10 0
430 97 4295 34 0 0 0x1 0 0 0 0x0 4 4 35 0x0 15 15 53 0x0  48 0
432 106 4295 39 0 0 0x1 0 0 0 0x0 6 6 79 0x0 9 9 20 0x0  9 0
434 92 4286 31 0 0 0x1 0 0 0 0x0 4 4 52 0x0 12 12 34 0x0  29 0
436 53 4308 30 0 0 0x1 0 0 0 0x0 6 6 77 0x0 20 20 87 0x0  42 0
438 67 4302 22 0 0 0x1 0 0 0 0x0 7 7 93 0x0 20 20 89 0x1  70 2
440 53 4307 39 0 0 0x1 0 0 0 0x0 3 3 39 0x0 21 21 78 0x0  11 0
442 122 4298 31 0 0 0x1 0 0 0 0x0 8 8 88 0x0 20 20 85 0x0  81 0
444 247 4267 38 0 0 0x1 0 0 0 0x0 4 4 67 0x1 20 20 85 0x0  26 0
446 53 4308 26 0 0 0x1 0 0 0 0x0 5 5 64 0x1 20 20 84 0x0  8 0
448 145 4290 21 0 0 0x1 0 0 0 0x0 7 7 79 0x0 20 20 85 0x0  21 0
450 67 4301 34 0 0 0x1 0 0 0 0x0 3 3 33 0x0 20 20 80 0x0  74 0
452 183 4281 26 0 0 0x1 0 0 0 0x0 7 7 95 0x0 21 21 86 0x0  20 0
454 157 4284 24 0 0 0x1 0 0 0 0x0 5 5 83 0x1 20 20 90 0x1  46 0
456 190 4292 30 0 0 0x1 0 0 0 0x0 5 5 53 0x0 21 21 84 0x0  51 0
458 53 4308 40 0 0 0x1 0 0 0 0x0 6 6 84 0x0 20 20 85 0x0  31 0
460 86 4286 36 0 0 0x1 0 0 0 0x0 2 2 33 0x1 20 20 84 0x0  8 0
462 54 4309 30 0 0 0x1 0 0 0 0x0 7 7 82 0x0 20 20 87 0x0  46 1
464 98 4294 34 0 0 0x1 0 0 0 0x0 6 6 92 0x1 10 10 35 0x1  21 0
466 104 4292 32 0 0 0x1 0 0 0 0x0 5 5 41 0x0 9 9 19 0x1  21 1
468 53 4307 33 0 0 0x1 0 0 0 0x0 6 6 83 0x0 15 15 55 0x0  65 0
470 172 4271 37 0 0 0x1 0 0 0 0x0 1 1 28 0x1 21 21 89 0x0  8 0
472 133 4292 18 0 0 0x1 0 0 0 0x0 7 7 78 0x0 20 20 80 0x0  45 0
474 54 4305 26 0 0 0x1 0 0 0 0x0 6 6 97 0x1 20 20 91 0x1  57 0
476 54 4304 32 0 0 0x1 0 0 0 0x0 4 4 39 0x0 21 21 86 0x0  17 0
478 54 4305 28 0 0 0x1 0 0 0 0x0 6 6 92 0x1 20 20 84 0x0  27 0
480 217 4263 37 0 0 0x1 0 0 0 0x0 3 3 36 0x1 20 20 86 0x0  39 0
482 53 4306 27 0 0 0x1 0 0 0 0x0 5 5 53 0x0 21 21 84 0x0  9 0
484 146 4291 32 0 0 0x1 0 0 0 0x0 7 7 93 0x0 20 20 84 0x0  24 0
486 99 4290 31 0 0 0x1 0 0 0 0x0 3 3 39 0x0 20 20 85 0x0  93 0
488 171 4282 29 0 0 0x1 0 0 0 0x0 7 7 91 0x0 20 20 85 0x0  26 0
490 139 4293 31 0 0 0x1 0 0 0 0x0 3 3 40 0x0 20 20 91 0x0  9 0
492 105 4292 25 0 0 0x1 0 0 0 0x0 4 4 46 0x1 21 21 80 0x0  56 0
494 66 4298 31 0 0 0x1 0 0 0 0x0 7 7 80 0x0 21 21 90 0x0  7 0
496 172 4272 37 0 0 0x1 0 0 0 0x0 5 5 64 0x1 18 18 81 0x1  25 1
498 120 4291 42 0 0 0x1 0 0 0 0x0 6 6 65 0x0 9 9 18 0x1  58 0
500 53 4299 31 0 0 0x1 0 0 0 0x0 4 4 49 0x0 8 8 21 0x1  9 0
502 53 4299 29 0 0 0x1 0 0 0 0x0 3 3 52 0x1 18 18 74 0x0  13 0
504 142 4295 32 0 0 0x1 0 0 0 0x0 7 7 80 0x0 20 20 84 0x0  76 0
506 235 4272 39 0 0 0x1 0 0 0 0x0 6 6 79 0x0 20 20 84 0x0  19 0
508 133 4274 27 0 0 0x1 0 0 0 0x0 1 1 13 0x0 21 21 85 0x0  27 1
510 53 4301 32 0 0 0x1 0 0 0 0x0 6 6 75 0x0 21 21 85 0x0  101 0
512 161 4271 25 0 0 0x1 0 0 0 0x0 4 4 66 0x1 21 21 89 0x0  43 0
514 57 4303 35 0 0 0x1 0 0 0 0x0 6 6 66 0x0 20 20 85 0x0  8 0
516 53 4304 46 0 0 0x1 0 0 0 0x0 7 7 99 0x1 17 17 68 0x0  38 0
518 53 4301 21 0 0 0x1 0 0 0 0x0 4 4 28 0x0 20 20 86 0x0  45 1
520 162 4282 31 0 0 0x1 0 0 0 0x0 7 7 92 0x0 18 18 72 0x0  59 0
522 224 4266 33 0 0 0x1 0 0 0 0x0 5 5 80 0x1 21 21 79 0x0  31 1
524 119 4274 29 0 0 0x1 0 0 0 0x0 5 5 52 0x1 20 20 91 0x1  18 2
526 107 4293 32 0 0 0x1 0 0 0 0x0 7 7 80 0x0 20 20 86 0x1  58 1
528 194 4274 33 0 0 0x1 0 0 0 0x0 3 3 53 0x1 20 20 85 0x1  30 0
530 98 4291 40 0 0 0x1 0 0 0 0x0 7 7 76 0x0 16 16 62 0x1  14 0
532 102 4288 26 0 0 0x1 0 0 0 0x0 6 6 79 0x0 9 9 19 0x1  60 0
534 54 4299 38 0 0 0x1 0 0 0 0x0 4 4 53 0x0 10 10 23 0x0  49 0
536 59 4299 29 0 0 0x1 0 0 0 0x0 4 4 51 0x0 20 20 83 0x0  20 0
538 184 4257 32 0 0 0x1 0 0 0 0x0 5 5 80 0x1 20 20 85 0x0  49 0
540 71 4300 41 0 0 0x1 0 0 0 0x0 5 5 53 0x0 21 21 84 0x0  45 0
542 54 4301 31 0 0 0x1 0 0 0 0x0 6 6 80 0x0 20 20 86 0x0  30 0
544 155 4274 36 0 0 0x1 0 0 0 0x0 4 4 52 0x0 20 20 86 0x0  43 0
546 194 4278 25 0 0 0x1 0 0 0 0x0 7 7 80 0x0 20 20 85 0x0  12 1
548 53 4303 29 0 0 0x1 0 0 0 0x0 7 7 83 0x0 20 20 86 0x0  18 0
550 52 4301 31 0 0 0x1 0 0 0 0x0 3 3 38 0x0 20 20 91 0x1  58 0
552 57 4302 21 0 0 0x1 0 0 0 0x0 6 6 92 0x1 21 21 86 0x1  31 0
554 282 4255 41 0 0 0x1 0 0 0 0x0 5 5 66 0x1 21 21 87 0x0  26 1
556 186 4279 18 0 0 0x1 0 0 0 0x0 5 5 53 0x0 20 20 84 0x0  60 0
558 53 4303 32 0 0 0x1 0 0 0 0x0 7 7 99 0x0 20 20 86 0x0  17 0
560 195 4269 39 0 0 0x1 0 0 0 0x0 3 3 41 0x0 20 20 87 0x0  17 0
562 52 4302 33 0 0 0x1 0 0 0 0x0 7 7 96 0x0 20 20 84 0x0  49 0
564 98 4287 19 0 0 0x1 0 0 0 0x0 4 4 52 0x0 12 12 45 0x1  11 0
566 105 4285 24 0 0 0x1 0 0 0 0x0 3 3 53 0x1 7 7 19 0x1  27 1
568 173 4267 28 0 0 0x1 0 0 0 0x0 5 5 65 0x1 15 15 47 0x0  77 0
570 302 4253 47 0 0 0x1 0 0 0 0x0 2 2 18 0x1 19 19 86 0x1  37 0
572 52 4278 31 0 0 0x1 0 0 0 0x0 6 6 66 0x0 21 21 86 0x0  39 0
574 237 4272 33 0 0 0x1 0 0 0 0x0 6 6 83 0x0 20 20 85 0x0  43 0
576 62 4292 26 0 0 0x1 0 0 0 0x0 4 4 52 0x0 20 20 87 0x0  19 0
578 163 4272 31 0 0 0x1 0 0 0 0x0 5 5 80 0x1 21 21 85 0x0  10 0
580 63 4297 40 0 0 0x1 0 0 0 0x0 5 5 62 0x1 21 21 86 0x0  89 0
582 53 4299 30 0 0 0x1 0 0 0 0x0 4 4 39 0x0 20 20 86 0x0  20 0
584 54 4300 35 0 0 0x1 0 0 0 0x0 7 7 78 0x0 20 20 83 0x0  31 2
586 152 4270 31 0 0 0x1 0 0 0 0x0 4 4 68 0x1 20 20 87 0x1  57 0
588 54 4302 27 0 0 0x1 0 0 0 0x0 5 5 68 0x1 20 20 85 0x1  13 0
590 52 4302 30 0 0 0x1 0 0 0 0x0 6 6 66 0x0 21 20 86 0x0  4 0
592 276 4255 25 0 0 0x1 0 0 0 0x0 3 3 39 0x0 21 21 85 0x0  63 0
594 53 4300 43 0 0 0x1 0 0 0 0x0 6 6 92 0x1 20 21 84 0x0  13 0
596 195 4265 34 0 0 0x1 0 0 0 0x0 6 6 80 0x1 20 20 85 0x0  22 0
598 219 4256 36 0 0 0x1 0 0 0 0x0 3 3 40 0x1 9 9 25 0x1  79 0
600 106 4285 33 0 0 0x1 0 0 0 0x0 6 6 63 0x0 8 8 15 0x1  4 0
# window_from=237  # samples before this mark saw a lit panel
