# t_s cur_mA v_mV busy_pct pc_res_pct wfi_per_s pc_per_s f0_kHz f4_kHz wlan_pps
2 206 4271 4 90 166 700 1420800 633600 2
4 52 4314 1 103 48 258 614400 1228800 0
6 193 4280 1 103 58 387 1420800 633600 10
8 62 4289 1 97 60 276 1228800 1228800 3
10 339 4254 1 97 65 286 844800 1228800 0
12 279 4236 1 103 55 439 1420800 1228800 0
14 66 4294 1 105 67 436 1228800 633600 1
16 81 4295 1 95 85 355 614400 1228800 1
18 97 4281 1 104 63 339 1420800 633600 0
20 62 4295 3 100 126 722 1036800 633600 9
22 61 4296 1 97 77 448 614400 1228800 3
24 181 4278 1 98 48 349 1420800 1228800 1
26 159 4271 1 100 78 480 1420800 1228800 5
28 185 4257 1 97 73 354 844800 1228800 0
30 61 4289 2 97 109 679 1420800 1228800 1
32 222 4242 1 103 60 268 844800 633600 0
34 189 4257 2 103 68 529 1612800 844800 11
36 109 4268 1 98 85 320 1228800 1228800 3
38 53 4283 1 99 59 297 844800 633600 1
40 65 4279 1 101 75 505 1420800 633600 3
42 174 4246 1 103 67 397 1420800 1228800 19
44 95 4271 1 100 90 477 614400 1228800 0
46 88 4276 2 98 77 459 614400 1804800 2
48 151 4253 1 100 62 410 1420800 1228800 8
50 238 4257 1 102 58 390 844800 1228800 5
52 169 4247 1 104 44 291 1420800 1228800 5
54 53 4276 1 97 85 540 1420800 633600 24
56 64 4277 1 100 81 315 614400 1228800 3
58 54 4268 1 100 86 494 614400 1228800 1
60 52 4279 1 104 55 453 614400 1228800 1
62 144 4248 1 104 50 272 1420800 1228800 4
64 63 4275 2 96 114 647 1420800 1228800 5
66 195 4246 1 92 54 343 614400 1228800 3
68 149 4245 2 109 84 484 614400 1228800 3
70 94 4267 1 103 50 290 614400 1228800 1
72 305 4228 1 103 70 422 1420800 1228800 1
74 102 4258 1 96 88 404 844800 1228800 1
76 105 4256 1 104 78 306 1420800 633600 1
78 153 4239 2 100 91 569 1420800 633600 0
80 53 4268 1 91 63 334 844800 1228800 5
82 53 4269 2 105 72 515 1420800 1228800 19
84 63 4262 1 98 83 398 844800 1228800 2
86 53 4269 1 101 84 475 1228800 1228800 2
88 213 4231 1 97 78 437 614400 1228800 1
90 145 4250 1 97 63 380 844800 633600 3
92 53 4266 1 108 76 467 1420800 633600 6
94 94 4236 2 99 68 462 614400 1228800 3
96 95 4255 1 102 76 552 844800 844800 1
98 279 4232 1 96 75 439 614400 844800 5
100 175 4234 1 98 48 322 844800 633600 0
102 54 4259 1 104 77 539 614400 633600 1
104 53 4260 1 103 55 296 1228800 1228800 4
106 110 4245 4 93 158 794 1420800 633600 5
108 204 4223 1 98 78 541 1420800 1228800 3
110 163 4218 1 103 40 310 1420800 1228800 0
112 161 4244 2 98 108 628 1420800 1228800 4
114 76 4243 1 98 75 429 1420800 1228800 2
116 196 4232 1 102 66 466 614400 1228800 1
118 170 4230 1 95 49 263 1420800 1228800 1
120 195 4224 1 110 78 570 844800 1228800 0
122 127 4243 2 94 104 484 844800 1228800 3
124 156 4230 1 102 60 307 1228800 1228800 0
126 70 4253 2 102 113 620 1420800 633600 3
128 61 4258 1 103 58 310 844800 1228800 1
130 54 4259 1 102 71 434 1420800 1228800 0
132 98 4246 1 97 83 449 614400 1228800 31
134 153 4229 1 104 50 287 1228800 844800 11
136 53 4254 1 102 80 456 844800 1228800 5
138 146 4241 1 104 51 355 614400 1228800 0
140 62 4247 2 99 99 517 1228800 633600 0
142 244 4204 1 99 63 392 1420800 1612800 0
144 220 4207 4 95 199 882 614400 633600 1
146 157 4231 1 100 60 323 844800 1228800 1
148 102 4247 1 103 57 310 614400 633600 9
150 53 4250 1 98 87 602 1420800 1228800 6
152 98 4250 1 100 69 421 1228800 633600 0
154 237 4225 1 104 64 472 1420800 1228800 4
156 99 4243 1 100 60 510 614400 1228800 20
158 53 4250 3 98 150 723 614400 844800 0
160 168 4224 1 98 59 311 1420800 633600 0
162 68 4247 1 102 66 520 1420800 1228800 9
164 264 4217 1 101 58 421 1228800 844800 4
166 66 4234 1 106 53 359 1420800 1228800 0
168 137 4237 1 95 100 527 1420800 1228800 4
170 157 4221 1 106 47 302 1228800 633600 3
172 473 4226 3 98 213 648 844800 1036800 0
174 158 4216 3 96 182 672 1420800 1228800 0
176 82 4241 1 97 87 412 1804800 1228800 8
178 100 4247 1 104 57 439 614400 1228800 4
180 162 4211 2 102 76 500 1420800 633600 1
182 179 4196 1 94 96 479 1420800 633600 4
184 54 4248 1 102 55 416 1420800 1228800 1
186 87 4229 5 91 245 900 614400 1228800 19
188 160 4214 1 100 101 457 614400 1228800 0
190 178 4224 1 98 57 332 1420800 1228800 7
192 63 4242 1 101 79 506 614400 844800 6
194 104 4226 1 99 70 382 1420800 1228800 1
196 148 4226 1 104 61 270 1420800 633600 5
198 53 4245 1 97 101 526 844800 1228800 4
200 137 4231 2 102 88 374 1420800 1612800 2
202 54 4244 3 95 199 653 844800 1228800 1
204 148 4230 4 99 171 703 614400 1228800 7
206 202 4199 1 97 88 470 844800 1228800 2
208 117 4226 1 104 38 290 1420800 1612800 2
210 53 4245 1 102 69 435 614400 633600 3
212 54 4242 1 103 69 436 1228800 1228800 0
214 63 4241 1 99 78 438 1420800 1228800 2
216 186 4209 4 95 159 827 844800 633600 1
218 52 4243 1 100 74 403 1228800 1228800 6
220 57 4236 3 99 135 595 1420800 1612800 2
222 226 4221 1 96 66 415 614400 633600 8
224 157 4211 4 95 162 762 614400 1228800 13
226 153 4188 1 105 76 437 1420800 1228800 22
228 70 4241 1 103 52 391 1420800 1228800 0
230 231 4204 5 95 186 905 1228800 1228800 1
232 53 4240 1 97 63 357 1420800 633600 5
234 94 4239 1 104 47 354 1420800 1228800 7
236 218 4195 1 94 93 477 1420800 1228800 1
238 54 4237 2 100 72 456 844800 1228800 2
240 99 4228 2 103 76 501 614400 1228800 0
242 102 4231 3 100 137 624 1228800 1228800 0
244 76 4237 3 92 196 745 1228800 1228800 0
246 199 4195 1 98 79 413 844800 633600 6
248 203 4207 3 93 154 616 844800 1228800 3
250 56 4239 1 99 86 442 1420800 1228800 5
252 149 4218 1 102 62 369 844800 1228800 3
254 52 4240 1 100 99 452 1228800 1228800 0
256 172 4187 1 96 67 342 1420800 1228800 1
258 177 4202 3 105 138 658 1228800 1420800 0
260 106 4227 1 94 95 587 614400 1228800 6
262 64 4231 3 96 147 648 844800 1228800 3
264 60 4238 1 94 96 554 844800 633600 4
266 53 4239 2 106 73 434 614400 1228800 1
268 236 4211 1 100 90 438 1420800 1228800 5
270 105 4226 1 97 68 371 1420800 1228800 1
272 227 4189 1 106 81 415 1420800 844800 1
274 64 4231 4 92 230 1001 1420800 1228800 5
276 53 4238 1 102 58 432 1612800 1228800 4
278 223 4207 1 100 98 463 1420800 1228800 3
280 53 4235 1 98 76 380 1420800 844800 0
282 173 4200 2 91 130 546 1420800 633600 6
284 52 4237 2 102 85 566 614400 1228800 1
286 112 4227 1 99 49 279 844800 1228800 1
288 63 4230 4 100 194 827 844800 633600 4
290 66 4236 1 101 73 494 1420800 1228800 4
292 234 4182 1 103 79 425 1228800 1228800 4
294 63 4231 2 91 105 636 614400 633600 1
296 53 4231 1 104 48 377 844800 1228800 14
298 53 4232 1 103 63 409 614400 1228800 12
300 82 4226 3 92 141 684 844800 1228800 2
302 377 4167 3 98 174 665 1420800 1228800 1
304 107 4203 1 95 95 437 844800 1228800 5
306 53 4236 1 101 55 371 1228800 1036800 3
308 54 4226 1 103 61 421 614400 1228800 1
310 62 4233 1 97 82 389 844800 1228800 4
312 53 4232 2 93 98 597 1420800 1228800 1
314 221 4200 1 106 53 390 614400 844800 1
316 173 4205 4 98 186 766 1420800 1228800 2
318 167 4198 1 95 83 396 1420800 1228800 5
320 76 4230 3 94 146 658 1420800 633600 5
322 55 4230 4 93 174 804 1420800 1228800 2
324 53 4232 1 100 57 315 844800 1228800 4
326 54 4233 2 96 99 441 1228800 1228800 0
328 178 4198 1 109 58 279 1228800 1228800 1
330 53 4233 1 103 77 420 1804800 1420800 1
332 82 4217 3 95 148 704 614400 633600 6
334 188 4208 1 102 76 407 614400 844800 2
336 192 4199 1 102 83 446 1420800 1228800 20
338 181 4197 3 101 144 632 844800 1228800 2
340 180 4204 1 92 92 501 1420800 633600 2
342 171 4196 3 101 138 603 1420800 1228800 2
344 53 4224 1 97 69 486 844800 1228800 1
346 108 4220 4 93 199 902 1420800 633600 28
348 230 4184 1 99 66 366 614400 1228800 2
350 67 4231 1 104 63 486 844800 1228800 1
352 181 4200 1 103 54 306 1228800 633600 5
354 198 4181 2 95 78 535 614400 1420800 1
356 64 4226 1 100 69 399 1420800 1228800 1
358 94 4189 4 92 166 752 1228800 633600 1
360 127 4210 5 95 246 991 614400 1228800 9
