# t_s cur_mA v_mV APSS_sd APSS_xosd APSS_xopct APSS_cores LPASS_sd LPASS_xosd LPASS_xopct LPASS_cores MPSS_sd MPSS_xosd MPSS_xopct MPSS_cores PRONTO_sd PRONTO_xosd PRONTO_xopct PRONTO_cores edge_irq_per_s modem_irq_per_s
2 153 4413 77 0 0 0x1 0 0 0 0x0 7 7 82 0x0 20 20 84 0x0  115 0
4 154 4413 34 0 0 0x1 0 0 0 0x0 3 3 55 0x1 20 20 86 0x0  35 0
6 149 4323 29 0 0 0x1 0 0 0 0x0 7 7 78 0x0 16 16 68 0x1  90 0
8 97 4324 32 0 0 0x1 0 0 0 0x0 6 6 80 0x0 19 19 68 0x0  87 0
10 153 4314 34 0 0 0x1 0 0 0 0x0 4 4 53 0x0 6 6 16 0x0  42 0
12 196 4304 29 0 0 0x1 0 0 0 0x0 6 6 79 0x0 3 3 9 0x1  41 0
14 231 4307 33 0 0 0x1 0 0 0 0x0 5 5 82 0x1 16 16 63 0x0  12 0
16 66 4325 31 0 0 0x1 0 0 0 0x0 5 5 53 0x0 20 20 91 0x1  47 0
18 105 4304 36 0 0 0x1 0 0 0 0x0 6 6 98 0x1 22 22 82 0x0  66 0
20 171 4304 32 0 0 0x1 0 0 0 0x0 4 4 41 0x0 20 20 87 0x0  19 0
22 56 4331 34 0 0 0x1 0 0 0 0x0 6 6 82 0x0 21 21 86 0x0  47 0
24 53 4329 31 0 0 0x1 0 0 0 0x0 7 7 94 0x0 21 21 79 0x0  13 0
26 156 4314 28 0 0 0x1 0 0 0 0x0 2 2 16 0x0 20 20 90 0x1  112 0
28 121 4311 39 0 0 0x1 0 0 0 0x0 7 7 94 0x0 21 21 86 0x0  73 0
30 167 4290 40 0 0 0x1 0 0 0 0x0 4 4 65 0x1 20 20 86 0x0  65 0
32 52 4325 30 0 0 0x1 0 0 0 0x0 5 5 47 0x0 20 20 85 0x0  12 0
34 91 4310 32 0 0 0x1 0 0 0 0x0 6 6 80 0x0 20 20 83 0x0  45 0
36 53 4317 42 0 0 0x1 0 0 0 0x0 4 4 50 0x0 21 21 85 0x0  35 0
38 60 4323 34 0 0 0x1 0 0 0 0x0 6 6 80 0x0 20 20 90 0x1  13 0
40 64 4317 29 0 0 0x1 0 0 0 0x0 6 6 93 0x1 21 21 85 0x0  60 0
42 102 4305 29 0 0 0x1 0 0 0 0x0 4 4 39 0x0 15 14 53 0x0  46 0
44 111 4307 34 0 0 0x1 0 0 0 0x0 6 6 92 0x1 7 8 16 0x0  16 0
46 223 4282 46 0 0 0x1 0 0 0 0x0 4 4 53 0x1 12 12 34 0x0  56 0
48 159 4295 29 0 0 0x1 0 0 0 0x0 6 6 66 0x0 21 21 85 0x0  53 0
50 56 4319 40 0 0 0x1 0 0 0 0x0 7 7 99 0x1 19 19 83 0x0  24 0
52 208 4269 26 0 0 0x1 0 0 0 0x0 2 2 17 0x1 20 20 78 0x0  46 0
54 228 4256 34 0 0 0x1 0 0 0 0x0 5 5 50 0x0 18 17 73 0x0  52 0
56 172 4282 46 0 0 0x1 0 0 0 0x0 5 5 78 0x1 21 22 85 0x0  71 0
58 56 4316 38 0 0 0x1 0 0 0 0x0 4 4 53 0x1 20 20 85 0x0  65 0
60 57 4310 40 0 0 0x1 0 0 0 0x0 7 7 79 0x0 19 19 72 0x0  56 0
62 158 4285 34 0 0 0x1 0 0 0 0x0 3 3 53 0x1 20 20 80 0x0  12 0
64 138 4288 33 0 0 0x1 0 0 0 0x0 5 4 37 0x0 17 17 70 0x0  63 0
66 187 4289 31 0 0 0x1 0 0 0 0x0 7 7 71 0x0 21 21 85 0x0  81 0
68 60 4312 37 0 0 0x1 0 0 0 0x0 4 4 52 0x0 21 21 90 0x0  9 0
70 52 4311 23 0 0 0x1 0 0 0 0x0 6 6 79 0x0 20 20 87 0x0  19 0
72 260 4268 27 0 0 0x1 0 0 0 0x0 5 5 80 0x1 20 20 86 0x0  47 0
74 56 4309 37 0 0 0x1 0 0 0 0x0 5 5 50 0x0 19 19 80 0x0  27 0
76 109 4294 42 0 0 0x1 0 0 0 0x0 5 5 62 0x0 11 11 33 0x0  55 0
78 106 4288 28 0 0 0x1 0 0 0 0x0 3 3 41 0x0 8 8 19 0x1  43 0
80 53 4311 34 0 0 0x1 0 0 0 0x0 6 6 83 0x0 16 16 55 0x0  19 0
82 121 4298 36 0 0 0x1 0 0 0 0x0 3 3 37 0x0 21 21 86 0x0  40 0
84 172 4289 37 0 0 0x1 0 0 0 0x0 3 3 41 0x0 20 20 85 0x0  35 0
86 66 4308 39 0 0 0x1 0 0 0 0x0 7 7 98 0x0 19 19 80 0x0  21 0
88 198 4269 44 0 0 0x1 0 0 0 0x0 4 4 69 0x1 20 20 85 0x0  47 0
90 81 4302 25 0 0 0x1 0 0 0 0x0 6 6 69 0x1 21 21 86 0x0  63 0
92 53 4307 34 0 0 0x1 0 0 0 0x0 5 5 46 0x0 19 19 79 0x0  32 0
94 53 4301 14 0 0 0x1 0 0 0 0x0 4 4 52 0x0 21 21 88 0x1  60 0
96 52 4305 32 0 0 0x1 0 0 0 0x0 6 6 80 0x0 20 20 76 0x0  50 0
98 63 4305 24 0 0 0x1 0 0 0 0x0 6 6 93 0x1 20 20 85 0x0  15 0
100 243 4253 30 0 0 0x1 0 0 0 0x0 1 1 12 0x1 20 20 85 0x0  53 0
102 145 4289 34 0 0 0x1 0 0 0 0x0 5 5 45 0x0 19 19 80 0x0  11 0
104 151 4277 28 0 0 0x1 0 0 0 0x0 4 4 67 0x1 20 20 85 0x0  11 0
106 168 4279 36 0 0 0x1 0 0 0 0x0 6 6 62 0x0 21 21 86 0x0  53 0
108 97 4294 45 0 0 0x1 0 0 0 0x0 7 7 94 0x0 18 18 78 0x1  48 0
110 137 4286 27 0 0 0x1 0 0 0 0x0 3 3 39 0x0 8 8 20 0x1  26 0
112 126 4286 29 0 0 0x1 0 0 0 0x0 4 4 63 0x1 10 10 21 0x1  46 0
114 163 4280 29 0 0 0x1 0 0 0 0x0 6 6 78 0x1 20 20 78 0x0  25 0
116 103 4301 33 0 0 0x1 0 0 0 0x0 4 4 36 0x0 19 19 79 0x0  30 0
118 96 4299 41 0 0 0x1 0 0 0 0x0 7 7 94 0x0 20 20 79 0x0  46 0
120 100 4282 28 0 0 0x1 0 0 0 0x0 4 4 43 0x0 19 19 77 0x0  68 0
122 53 4301 40 0 0 0x1 0 0 0 0x0 4 4 41 0x0 20 20 85 0x1  13 0
124 198 4275 23 0 0 0x1 0 0 0 0x0 6 6 79 0x0 22 22 86 0x0  117 0
126 52 4302 29 0 0 0x1 0 0 0 0x0 4 4 53 0x0 20 20 86 0x0  19 0
128 54 4301 34 0 0 0x1 0 0 0 0x0 6 6 76 0x0 20 20 87 0x0  9 0
130 170 4267 28 0 0 0x1 0 0 0 0x0 4 4 66 0x1 20 20 86 0x0  50 0
132 52 4300 30 0 0 0x1 0 0 0 0x0 5 5 49 0x0 20 20 86 0x0  8 0
134 63 4293 25 0 0 0x1 0 0 0 0x0 7 7 85 0x1 20 20 91 0x0  39 0
136 95 4289 32 0 0 0x1 0 0 0 0x0 4 4 40 0x0 21 21 86 0x1  42 0
138 127 4282 23 0 0 0x1 0 0 0 0x0 6 6 79 0x0 20 20 88 0x1  23 0
140 53 4300 24 0 0 0x1 0 0 0 0x0 6 6 92 0x1 21 21 84 0x0  12 0
142 53 4289 41 0 0 0x1 0 0 0 0x0 4 4 39 0x0 14 14 56 0x1  75 0
144 53 4297 39 0 0 0x1 0 0 0 0x0 7 7 93 0x0 8 8 18 0x1  40 0
146 156 4260 41 0 0 0x1 0 0 0 0x0 3 3 53 0x1 14 14 32 0x0  20 0
148 99 4290 27 0 0 0x1 0 0 0 0x0 7 7 79 0x0 20 20 86 0x0  51 0
150 228 4252 35 0 0 0x1 0 0 0 0x0 5 5 80 0x1 19 19 84 0x1  44 0
152 53 4294 37 0 0 0x1 0 0 0 0x0 4 4 23 0x1 22 22 85 0x0  30 0
154 53 4299 24 0 0 0x1 0 0 0 0x0 7 7 79 0x0 19 19 81 0x0  98 0
156 180 4270 37 0 0 0x1 0 0 0 0x0 4 4 67 0x1 21 21 84 0x0  16 0
158 155 4290 26 0 0 0x1 0 0 0 0x0 6 6 65 0x0 20 20 86 0x0  20 0
160 254 4265 29 0 0 0x1 0 0 0 0x0 6 6 93 0x1 21 21 90 0x0  49 0
162 52 4296 38 0 0 0x1 0 0 0 0x0 3 3 20 0x0 20 20 85 0x0  14 0
164 52 4296 31 0 0 0x1 0 0 0 0x0 6 6 93 0x1 21 21 84 0x0  73 0
166 210 4261 41 0 0 0x1 0 0 0 0x0 5 5 69 0x1 20 20 90 0x1  13 0
168 53 4296 26 0 0 0x1 0 0 0 0x0 5 5 51 0x0 21 21 87 0x0  8 0
170 57 4297 32 0 0 0x1 0 0 0 0x0 6 6 93 0x1 20 20 85 0x0  44 0
172 54 4286 48 0 0 0x1 0 0 0 0x0 2 2 9 0x0 20 20 86 0x0  48 0
174 53 4298 29 0 0 0x1 0 0 0 0x0 7 7 91 0x0 20 20 85 0x0  40 0
176 105 4275 32 0 0 0x1 0 0 0 0x0 6 6 80 0x0 12 12 33 0x0  48 0
178 199 4268 25 0 0 0x1 0 0 0 0x0 3 3 55 0x1 7 7 20 0x1  27 0
180 316 4245 35 0 0 0x1 0 0 0 0x0 6 6 83 0x1 8 8 29 0x1  39 0
182 217 4248 42 0 0 0x1 0 0 0 0x0 3 3 38 0x1 20 20 75 0x0  111 0
184 97 4288 43 0 0 0x1 0 0 0 0x0 6 6 64 0x0 19 19 84 0x1  49 0
186 68 4292 39 0 0 0x1 0 0 0 0x0 6 6 84 0x0 20 20 77 0x0  7 0
188 59 4286 31 0 0 0x1 0 0 0 0x0 4 4 51 0x0 20 20 85 0x0  71 0
190 259 4267 43 0 0 0x1 0 0 0 0x0 5 5 79 0x1 21 21 86 0x0  19 0
192 52 4293 27 0 0 0x1 0 0 0 0x0 5 5 60 0x1 20 20 85 0x0  23 0
194 53 4289 31 0 0 0x1 0 0 0 0x0 2 2 1 0x0 22 22 82 0x0  47 0
196 214 4258 28 0 0 0x1 0 0 0 0x0 6 6 91 0x1 20 20 86 0x0  4 0
198 171 4260 28 0 0 0x1 0 0 0 0x0 4 4 54 0x1 20 20 85 0x0  18 0
200 54 4293 28 0 0 0x1 0 0 0 0x0 6 6 63 0x0 21 21 89 0x0  50 0
202 63 4291 27 0 0 0x1 0 0 0 0x0 7 7 92 0x0 20 20 87 0x0  25 0
204 52 4291 30 0 0 0x1 0 0 0 0x0 3 3 39 0x0 21 21 85 0x0  22 0
206 58 4292 30 0 0 0x1 0 0 0 0x0 7 7 92 0x0 20 20 82 0x0  75 0
208 271 4247 34 0 0 0x1 0 0 0 0x0 3 3 52 0x1 18 18 77 0x1  42 0
210 104 4276 40 0 0 0x1 0 0 0 0x0 3 3 26 0x0 9 9 21 0x1  43 0
212 105 4277 23 0 0 0x1 0 0 0 0x0 6 6 80 0x0 8 8 18 0x1  60 0
214 243 4240 43 0 0 0x1 0 0 0 0x0 3 3 55 0x1 20 20 76 0x0  46 0
216 53 4277 26 0 0 0x1 0 0 0 0x0 7 7 77 0x0 20 20 85 0x0  8 0
218 79 4279 36 0 0 0x1 0 0 0 0x0 6 6 92 0x1 20 20 87 0x0  104 0
220 89 4287 29 0 0 0x1 0 0 0 0x0 4 4 38 0x0 20 20 86 0x0  21 0
222 65 4290 35 0 0 0x1 0 0 0 0x0 6 6 80 0x0 22 22 83 0x0  37 0
224 313 4244 30 0 0 0x1 0 0 0 0x0 5 5 79 0x1 20 20 84 0x0  40 0
226 80 4291 34 0 0 0x1 0 0 0 0x0 5 5 53 0x0 20 20 90 0x1  12 0
228 53 4290 29 0 0 0x1 0 0 0 0x0 8 8 87 0x0 21 21 84 0x0  40 0
230 53 4286 36 0 0 0x1 0 0 0 0x0 3 3 40 0x0 20 20 87 0x0  38 0
232 192 4256 25 0 0 0x1 0 0 0 0x0 6 6 94 0x1 20 20 85 0x0  39 0
234 53 4293 32 0 0 0x1 0 0 0 0x0 6 6 79 0x1 21 21 86 0x0  14 0
236 53 4288 36 0 0 0x1 0 0 0 0x0 4 4 35 0x0 20 20 83 0x0  75 0
238 52 4292 33 0 0 0x1 0 0 0 0x0 7 7 93 0x0 20 20 83 0x0  13 0
240 172 4244 24 0 0 0x1 0 0 0 0x0 2 2 40 0x1 20 20 85 0x0  63 0
242 67 4286 36 0 0 0x1 0 0 0 0x0 8 8 73 0x0 15 15 60 0x1  89 0
244 103 4279 34 0 0 0x1 0 0 0 0x0 6 6 83 0x0 9 9 20 0x1  7 0
246 56 4286 35 0 0 0x1 0 0 0 0x0 3 3 52 0x1 10 10 26 0x0  28 0
248 100 4278 38 0 0 0x1 0 0 0 0x0 7 7 79 0x0 20 20 86 0x1  51 0
250 163 4252 34 0 0 0x1 0 0 0 0x0 2 2 40 0x1 21 21 86 0x0  37 0
252 52 4290 30 0 0 0x1 0 0 0 0x0 7 7 74 0x0 19 19 87 0x1  42 0
254 53 4289 37 0 0 0x1 0 0 0 0x0 6 6 80 0x0 21 21 83 0x0  49 0
256 126 4279 31 0 0 0x1 0 0 0 0x0 4 4 53 0x0 20 20 86 0x0  16 0
258 52 4290 28 0 0 0x1 0 0 0 0x0 6 6 80 0x0 20 20 83 0x0  9 0
260 159 4254 32 0 0 0x1 0 0 0 0x0 3 3 55 0x1 20 20 86 0x0  45 0
262 53 4289 26 0 0 0x1 0 0 0 0x0 4 4 42 0x0 20 20 86 0x0  46 0
264 75 4290 37 0 0 0x1 0 0 0 0x0 6 6 84 0x0 21 21 84 0x0  6 0
266 59 4279 41 0 0 0x1 0 0 0 0x0 4 4 53 0x0 20 20 89 0x1  81 0
268 159 4270 33 0 0 0x1 0 0 0 0x0 6 6 84 0x0 20 20 83 0x1  30 0
270 167 4242 36 0 0 0x1 0 0 0 0x0 3 3 54 0x1 20 20 86 0x1  58 0
272 53 4288 32 0 0 0x1 0 0 0 0x0 5 5 45 0x0 21 21 84 0x0  66 0
274 52 4290 29 0 0 0x1 0 0 0 0x0 6 6 98 0x1 21 21 84 0x0  26 0
276 53 4273 29 0 0 0x1 0 0 0 0x0 4 4 41 0x0 14 14 42 0x1  28 0
278 52 4284 32 0 0 0x1 0 0 0 0x0 6 6 97 0x1 8 8 20 0x1  44 0
280 146 4265 50 0 0 0x1 0 0 0 0x0 5 5 47 0x0 12 12 46 0x1  96 0
282 56 4287 32 0 0 0x1 0 0 0 0x0 3 3 52 0x1 21 21 85 0x0  32 0
284 52 4287 33 0 0 0x1 0 0 0 0x0 7 7 80 0x0 20 20 86 0x0  48 0
286 186 4256 35 0 0 0x1 0 0 0 0x0 4 4 71 0x1 20 20 83 0x0  81 0
288 54 4288 39 0 0 0x1 0 0 0 0x0 6 6 63 0x0 20 20 86 0x0  6 0
290 196 4254 36 0 0 0x1 0 0 0 0x0 4 4 53 0x0 21 21 85 0x0  45 0
292 53 4284 32 0 0 0x1 0 0 0 0x0 4 4 49 0x0 21 21 86 0x0  30 0
294 114 4277 34 0 0 0x1 0 0 0 0x0 6 6 80 0x0 20 20 82 0x0  7 0
296 53 4287 38 0 0 0x1 0 0 0 0x0 6 6 92 0x1 20 20 88 0x1  74 0
298 140 4264 39 0 0 0x1 0 0 0 0x0 4 4 40 0x0 17 17 70 0x1  25 0
300 146 4259 34 0 0 0x1 0 0 0 0x0 4 4 53 0x0 21 21 84 0x0  118 0
302 221 4249 48 0 0 0x1 0 0 0 0x0 4 4 64 0x1 20 20 85 0x0  33 0
304 54 4280 39 0 0 0x1 0 0 0 0x0 6 6 61 0x0 12 12 46 0x0  25 0
306 52 4287 29 0 0 0x1 0 0 0 0x0 7 7 92 0x0 20 20 86 0x0  40 0
308 57 4282 31 0 0 0x1 0 0 0 0x0 3 3 39 0x0 19 19 80 0x1  16 0
310 105 4262 38 0 0 0x1 0 0 0 0x0 4 4 61 0x1 9 9 18 0x0  57 0
312 263 4242 36 0 0 0x1 0 0 0 0x0 6 6 80 0x1 9 9 20 0x0  17 0
314 66 4284 41 0 0 0x1 0 0 0 0x0 4 4 52 0x1 17 17 71 0x1  43 0
316 148 4263 38 0 0 0x1 0 0 0 0x0 7 7 80 0x0 22 22 83 0x0  53 0
318 161 4256 34 0 0 0x1 0 0 0 0x0 4 4 44 0x0 20 20 83 0x0  13 0
320 165 4258 35 0 0 0x1 0 0 0 0x0 5 5 56 0x0 20 20 85 0x0  44 0
322 53 4282 42 0 0 0x1 0 0 0 0x0 6 6 79 0x0 22 22 83 0x0  42 0
324 155 4254 31 0 0 0x1 0 0 0 0x0 0 0 13 0x1 20 20 81 0x0  10 0
326 58 4281 25 0 0 0x1 0 0 0 0x0 6 6 61 0x0 20 20 85 0x0  54 0
328 163 4246 39 0 0 0x1 0 0 0 0x0 5 5 61 0x1 20 20 89 0x1  45 0
330 63 4280 26 0 0 0x1 0 0 0 0x0 6 6 65 0x0 20 20 83 0x1  68 0
332 58 4286 33 0 0 0x1 0 0 0 0x0 6 6 79 0x0 20 20 84 0x1  4 0
334 53 4278 32 0 0 0x1 0 0 0 0x0 4 4 52 0x0 22 22 84 0x0  18 0
336 145 4268 28 0 0 0x1 0 0 0 0x0 6 6 80 0x0 20 20 85 0x0  44 0
338 52 4285 41 0 0 0x1 0 0 0 0x0 6 6 92 0x1 21 21 84 0x0  9 0
340 215 4254 44 0 0 0x1 0 0 0 0x0 4 4 36 0x0 20 20 87 0x0  68 0
342 97 4273 38 0 0 0x1 0 0 0 0x0 7 7 92 0x0 15 15 68 0x1  9 0
344 204 4240 32 0 0 0x1 0 0 0 0x0 3 3 54 0x1 7 7 19 0x1  8 0
346 53 4281 30 0 0 0x1 0 0 0 0x0 7 7 73 0x1 10 10 26 0x0  65 0
348 189 4261 34 0 0 0x1 0 0 0 0x0 7 7 80 0x0 20 20 84 0x0  35 0
350 104 4274 41 0 0 0x1 0 0 0 0x0 3 3 52 0x1 21 21 83 0x0  54 0
352 136 4272 32 0 0 0x1 0 0 0 0x0 7 7 79 0x0 20 20 85 0x0  44 0
354 254 4246 41 0 0 0x1 0 0 0 0x0 5 5 79 0x1 20 20 84 0x0  29 0
356 53 4282 20 0 0 0x1 0 0 0 0x0 5 5 51 0x0 20 20 87 0x1  17 0
358 184 4251 29 0 0 0x1 0 0 0 0x0 4 4 67 0x1 21 21 85 0x0  120 0
360 150 4258 45 0 0 0x1 0 0 0 0x0 4 4 39 0x0 20 20 88 0x0  61 0
362 52 4284 37 0 0 0x1 0 0 0 0x0 6 6 79 0x0 20 20 86 0x0  8 0
364 53 4282 32 0 0 0x1 0 0 0 0x0 6 6 98 0x1 20 20 87 0x0  56 0
366 53 4282 36 0 0 0x1 0 0 0 0x0 4 4 39 0x0 20 20 87 0x0  12 0
368 54 4284 35 0 0 0x1 0 0 0 0x0 6 6 97 0x1 22 22 90 0x0  16 0
370 244 4239 39 0 0 0x1 0 0 0 0x0 5 5 71 0x1 20 20 82 0x0  51 0
372 133 4257 33 0 0 0x1 0 0 0 0x0 5 5 52 0x0 20 20 86 0x0  11 0
# window_from=7  # samples before this mark saw a lit panel
