# t_s cur_mA v_mV APSS_sd APSS_xosd APSS_xopct APSS_cores LPASS_sd LPASS_xosd LPASS_xopct LPASS_cores MPSS_sd MPSS_xosd MPSS_xopct MPSS_cores PRONTO_sd PRONTO_xosd PRONTO_xopct PRONTO_cores edge_irq_per_s modem_irq_per_s
2 156 4250 26 0 0 0x1 0 0 0 0x0 8 7 63 0x1 17 17 59 0x0  83 50
4 51 4274 28 0 0 0x1 0 0 0 0x0 4 4 35 0x0 20 20 83 0x0  30 0
6 53 4273 21 0 0 0x1 0 0 0 0x0 7 7 78 0x0 20 20 86 0x0  14 1
8 252 4223 40 0 0 0x1 0 0 0 0x0 5 5 80 0x1 20 20 86 0x0  62 0
10 54 4267 23 0 0 0x1 0 0 0 0x0 5 5 52 0x0 20 20 85 0x0  29 0
12 209 4223 17 0 0 0x1 0 0 0 0x0 4 4 66 0x1 21 21 84 0x0  50 0
14 160 4232 26 0 0 0x1 0 0 0 0x0 4 4 36 0x0 21 21 84 0x0  57 0
16 87 4256 24 0 0 0x1 0 0 0 0x0 6 6 78 0x0 19 19 81 0x0  58 0
18 53 4267 26 0 0 0x1 0 0 0 0x0 7 7 93 0x0 20 20 90 0x1  10 0
20 227 4218 28 0 0 0x1 0 0 0 0x0 3 3 39 0x0 16 16 64 0x1  98 0
22 185 4229 23 0 0 0x1 0 0 0 0x0 4 4 67 0x1 21 21 86 0x0  19 0
24 210 4230 20 0 0 0x1 0 0 0 0x0 5 5 66 0x1 20 20 87 0x0  15 0
26 54 4259 28 0 0 0x1 0 0 0 0x0 5 5 64 0x1 20 20 83 0x0  63 0
28 55 4263 41 0 0 0x1 0 0 0 0x0 7 7 80 0x0 20 20 83 0x0  12 0
30 136 4235 25 0 0 0x1 0 0 0 0x0 3 3 39 0x0 17 17 69 0x0  31 0
32 235 4211 24 0 0 0x1 0 0 0 0x0 4 4 65 0x1 8 8 21 0x1  49 0
34 105 4246 20 0 0 0x1 0 0 0 0x0 7 7 77 0x0 9 9 20 0x1  42 0
36 53 4260 28 0 0 0x1 0 0 0 0x0 4 4 56 0x0 19 19 78 0x0  22 0
38 100 4250 26 0 0 0x1 0 0 0 0x0 6 6 84 0x0 20 20 86 0x0  39 0
40 206 4221 23 0 0 0x1 0 0 0 0x0 4 4 70 0x1 20 20 85 0x0  25 0
42 166 4227 27 0 0 0x1 0 0 0 0x0 4 4 40 0x0 20 20 86 0x0  13 0
44 81 4250 26 0 0 0x1 0 0 0 0x0 6 6 80 0x0 22 22 88 0x0  97 0
46 53 4252 22 0 0 0x1 0 0 0 0x0 4 4 53 0x0 19 19 87 0x1  30 0
48 54 4259 27 0 0 0x1 0 0 0 0x0 6 6 84 0x0 21 21 87 0x0  10 0
50 62 4255 17 0 0 0x1 0 0 0 0x0 6 6 98 0x1 20 20 86 0x0  102 0
52 54 4246 33 0 0 0x1 0 0 0 0x0 2 2 10 0x0 20 20 84 0x0  13 0
54 52 4259 27 0 0 0x1 0 0 0 0x0 6 6 95 0x1 20 20 84 0x0  13 1
56 152 4210 35 0 0 0x1 0 0 0 0x0 4 4 52 0x1 21 21 82 0x0  56 0
58 172 4235 26 0 0 0x1 0 0 0 0x0 6 6 66 0x0 20 20 86 0x0  10 0
60 81 4251 17 0 0 0x1 0 0 0 0x0 7 7 93 0x0 20 20 91 0x1  31 0
62 171 4231 24 0 0 0x1 0 0 0 0x0 2 2 26 0x0 19 19 78 0x1  52 0
64 54 4253 27 0 0 0x1 0 0 0 0x0 6 6 91 0x1 15 15 56 0x1  31 1
66 168 4216 17 0 0 0x1 0 0 0 0x0 7 7 74 0x1 9 9 19 0x1  39 0
68 70 4250 25 0 0 0x1 0 0 0 0x0 5 5 50 0x1 11 11 30 0x0  54 2
70 66 4247 31 0 0 0x1 0 0 0 0x0 7 7 80 0x0 20 20 84 0x0  18 0
72 251 4213 28 0 0 0x1 0 0 0 0x0 3 3 53 0x1 20 20 87 0x1  18 0
74 82 4245 20 0 0 0x1 0 0 0 0x0 7 7 79 0x0 21 21 84 0x0  43 0
76 167 4238 33 0 0 0x1 0 0 0 0x0 6 6 79 0x0 20 20 85 0x0  24 0
78 114 4240 17 0 0 0x1 0 0 0 0x0 3 3 52 0x1 20 20 86 0x0  38 0
80 207 4211 15 0 0 0x1 0 0 0 0x0 2 2 26 0x1 20 20 86 0x0  94 0
82 195 4209 26 0 0 0x1 0 0 0 0x0 6 6 70 0x1 20 20 87 0x0  11 0
84 79 4249 27 0 0 0x1 0 0 0 0x0 5 5 51 0x0 21 21 82 0x0  29 0
86 96 4247 37 0 0 0x1 0 0 0 0x0 6 6 79 0x0 20 20 85 0x0  40 0
88 150 4224 19 0 0 0x1 0 0 0 0x0 3 3 53 0x1 20 20 85 0x0  9 0
90 125 4235 27 0 0 0x1 0 0 0 0x0 5 5 47 0x0 20 20 87 0x1  28 0
92 52 4248 22 0 0 0x1 0 0 0 0x0 4 4 68 0x1 21 21 87 0x0  54 0
94 243 4208 22 0 0 0x1 0 0 0 0x0 4 4 39 0x0 20 20 86 0x0  58 1
96 52 4253 26 0 0 0x1 0 0 0 0x0 6 6 79 0x0 20 20 85 0x0  17 1
98 171 4207 35 0 0 0x1 0 0 0 0x0 5 5 79 0x1 11 11 41 0x0  51 1
100 98 4232 21 0 0 0x1 0 0 0 0x0 3 3 22 0x0 8 8 20 0x0  30 0
102 83 4243 32 0 0 0x1 0 0 0 0x0 7 7 92 0x0 15 15 51 0x1  20 0
104 152 4220 19 0 0 0x1 0 0 0 0x0 3 3 40 0x0 20 20 87 0x1  42 0
106 53 4252 29 0 0 0x1 0 0 0 0x0 7 7 93 0x0 21 21 85 0x0  68 0
108 81 4245 25 0 0 0x1 0 0 0 0x0 6 6 83 0x0 20 20 86 0x0  49 0
110 198 4211 26 0 0 0x1 0 0 0 0x0 0 0 14 0x1 20 20 85 0x0  96 0
112 183 4223 17 0 0 0x1 0 0 0 0x0 7 7 77 0x0 21 21 85 0x0  18 0
114 149 4222 23 0 0 0x1 0 0 0 0x0 4 4 70 0x1 21 21 83 0x0  20 1
116 99 4240 30 0 0 0x1 0 0 0 0x0 6 6 62 0x0 20 20 85 0x0  45 1
118 97 4249 22 0 0 0x1 0 0 0 0x0 6 6 80 0x0 20 20 86 0x0  12 0
120 54 4241 14 0 0 0x1 0 0 0 0x0 3 3 52 0x1 20 20 84 0x0  29 1
122 54 4251 36 0 0 0x1 0 0 0 0x0 7 7 80 0x0 20 20 87 0x0  42 0
124 53 4249 10 0 0 0x1 0 0 0 0x0 6 6 81 0x0 20 20 87 0x0  46 0
126 86 4242 31 0 0 0x1 0 0 0 0x0 4 4 54 0x0 20 20 84 0x0  22 0
128 98 4234 20 0 0 0x1 0 0 0 0x0 6 6 84 0x0 20 20 83 0x0  47 0
130 164 4216 16 0 0 0x1 0 0 0 0x0 4 4 70 0x1 20 20 89 0x0  36 0
132 179 4220 23 0 0 0x1 0 0 0 0x0 6 6 66 0x0 8 8 21 0x1  25 0
134 98 4232 21 0 0 0x1 0 0 0 0x0 7 7 95 0x0 8 8 22 0x1  58 0
136 53 4245 38 0 0 0x1 0 0 0 0x0 3 3 39 0x0 18 18 65 0x0  10 0
138 81 4238 25 0 0 0x1 0 0 0 0x0 6 6 97 0x1 19 19 80 0x0  80 1
140 247 4216 18 0 0 0x1 0 0 0 0x0 6 6 84 0x1 20 20 88 0x0  87 1
142 53 4249 31 0 0 0x1 0 0 0 0x0 4 4 52 0x1 21 21 87 0x0  6 0
144 117 4242 33 0 0 0x1 0 0 0 0x0 7 7 79 0x0 15 15 59 0x0  30 0
146 158 4210 26 0 0 0x1 0 0 0 0x0 3 3 53 0x1 21 21 86 0x0  40 1
148 63 4228 26 0 0 0x1 0 0 0 0x0 7 7 78 0x0 20 20 90 0x1  34 0
150 53 4250 24 0 0 0x1 0 0 0 0x0 7 7 72 0x0 21 21 86 0x0  19 0
152 65 4244 19 0 0 0x1 0 0 0 0x0 4 4 51 0x0 20 20 87 0x0  42 0
154 94 4241 14 0 0 0x1 0 0 0 0x0 6 6 79 0x0 20 20 83 0x0  55 0
156 171 4219 16 0 0 0x1 0 0 0 0x0 5 5 79 0x1 20 20 81 0x0  19 0
158 183 4223 31 0 0 0x1 0 0 0 0x0 5 5 53 0x0 20 20 82 0x0  53 0
160 107 4234 23 0 0 0x1 0 0 0 0x0 6 6 80 0x0 18 18 68 0x0  20 0
162 174 4220 30 0 0 0x1 0 0 0 0x0 3 3 54 0x1 15 15 60 0x0  12 0
164 102 4235 34 0 0 0x1 0 0 0 0x0 7 7 77 0x0 15 15 62 0x1  55 0
166 109 4233 26 0 0 0x1 0 0 0 0x0 6 6 92 0x1 8 8 15 0x0  8 0
168 108 4229 30 0 0 0x1 0 0 0 0x0 4 4 33 0x0 7 7 20 0x1  18 0
170 110 4232 23 0 0 0x1 0 0 0 0x0 6 6 80 0x0 20 20 81 0x0  99 0
172 162 4206 24 0 0 0x1 0 0 0 0x0 5 5 79 0x1 21 21 81 0x0  13 0
174 53 4236 28 0 0 0x1 0 0 0 0x0 5 5 53 0x0 19 19 77 0x0  13 0
176 160 4231 29 0 0 0x1 0 0 0 0x0 6 6 92 0x1 20 20 86 0x0  47 0
178 157 4216 25 0 0 0x1 0 0 0 0x0 3 3 42 0x1 20 20 81 0x0  18 0
180 63 4244 19 0 0 0x1 0 0 0 0x0 6 6 62 0x0 20 20 87 0x0  16 0
182 95 4239 22 0 0 0x1 0 0 0 0x0 7 7 92 0x0 20 20 87 0x0  44 0
184 53 4246 27 0 0 0x1 0 0 0 0x0 3 3 40 0x0 20 20 90 0x1  32 0
186 53 4249 30 0 0 0x1 0 0 0 0x0 7 7 93 0x0 20 20 84 0x1  31 0
188 168 4211 25 0 0 0x1 0 0 0 0x0 4 4 66 0x1 21 21 85 0x0  57 0
190 247 4219 22 0 0 0x1 0 0 0 0x0 5 5 67 0x1 21 21 84 0x0  28 0
192 116 4240 24 0 0 0x1 0 0 0 0x0 7 7 82 0x0 20 20 85 0x0  12 0
194 236 4210 24 0 0 0x1 0 0 0 0x0 3 3 52 0x1 20 20 87 0x0  54 0
196 52 4248 24 0 0 0x1 0 0 0 0x0 7 7 79 0x0 19 19 79 0x0  10 0
198 97 4225 18 0 0 0x1 0 0 0 0x0 4 4 53 0x0 15 15 55 0x1  32 0
200 135 4224 18 0 0 0x1 0 0 0 0x0 4 4 51 0x0 9 9 19 0x1  105 0
202 148 4226 28 0 0 0x1 0 0 0 0x0 6 6 79 0x0 10 10 31 0x0  32 0
204 185 4207 30 0 0 0x1 0 0 0 0x0 4 4 66 0x1 19 19 85 0x1  43 0
206 156 4233 32 0 0 0x1 0 0 0 0x0 6 6 67 0x0 21 21 87 0x0  44 0
208 107 4222 25 0 0 0x1 0 0 0 0x0 7 7 87 0x1 19 19 77 0x0  33 0
210 59 4238 33 0 0 0x1 0 0 0 0x0 4 4 37 0x0 20 20 87 0x0  14 0
212 62 4242 29 0 0 0x1 0 0 0 0x0 6 6 80 0x0 21 21 86 0x0  54 0
214 117 4231 24 0 0 0x1 0 0 0 0x0 6 6 92 0x1 21 21 86 0x0  46 0
216 56 4238 20 0 0 0x1 0 0 0 0x0 4 4 39 0x0 20 20 83 0x0  15 0
218 108 4235 19 0 0 0x1 0 0 0 0x0 6 6 93 0x1 21 21 81 0x0  57 0
220 161 4213 20 0 0 0x1 0 0 0 0x0 4 4 53 0x1 20 20 85 0x0  20 0
222 141 4236 27 0 0 0x1 0 0 0 0x0 6 6 67 0x0 20 20 85 0x0  18 0
224 53 4244 30 0 0 0x1 0 0 0 0x0 8 8 88 0x0 20 20 85 0x0  47 0
226 75 4237 20 0 0 0x1 0 0 0 0x0 3 3 40 0x0 20 20 87 0x0  11 0
228 53 4246 27 0 0 0x1 0 0 0 0x0 7 7 94 0x0 20 20 91 0x1  22 1
230 169 4212 32 0 0 0x1 0 0 0 0x0 5 5 80 0x1 21 21 81 0x1  39 0
232 55 4242 34 0 0 0x1 0 0 0 0x0 4 4 53 0x1 13 13 38 0x1  26 1
234 103 4227 20 0 0 0x1 0 0 0 0x0 5 5 49 0x0 7 7 17 0x1  28 1
236 246 4196 38 0 0 0x1 0 0 0 0x0 3 3 53 0x1 14 14 45 0x0  47 0
238 53 4244 27 0 0 0x1 0 0 0 0x0 6 6 76 0x1 19 19 86 0x1  19 0
240 199 4216 35 0 0 0x1 0 0 0 0x0 3 3 17 0x0 20 20 79 0x0  5 0
242 153 4213 29 0 0 0x1 0 0 0 0x0 1 1 27 0x1 21 21 85 0x0  49 0
244 201 4221 20 0 0 0x1 0 0 0 0x0 6 6 53 0x0 20 20 85 0x0  76 0
246 248 4217 31 0 0 0x1 0 0 0 0x0 5 5 81 0x1 20 20 86 0x0  29 0
248 81 4234 24 0 0 0x1 0 0 0 0x0 5 5 50 0x0 21 21 85 0x0  29 0
250 120 4223 25 0 0 0x1 0 0 0 0x0 6 6 79 0x0 20 20 87 0x0  29 0
252 160 4213 23 0 0 0x1 0 0 0 0x0 4 4 52 0x0 20 20 90 0x1  22 0
254 156 4223 20 0 0 0x1 0 0 0 0x0 4 4 51 0x0 20 20 85 0x1  21 0
256 53 4243 35 0 0 0x1 0 0 0 0x0 7 7 93 0x0 21 21 87 0x0  46 0
258 53 4241 24 0 0 0x1 0 0 0 0x0 3 3 41 0x0 20 20 85 0x0  18 0
260 53 4246 42 0 0 0x1 0 0 0 0x0 6 6 98 0x1 21 21 83 0x0  9 0
262 161 4210 28 0 0 0x1 0 0 0 0x0 5 5 69 0x1 20 20 84 0x0  48 0
264 84 4238 13 0 0 0x1 0 0 0 0x0 5 5 53 0x0 20 20 89 0x1  65 0
266 125 4216 27 0 0 0x1 0 0 0 0x0 7 7 95 0x0 9 9 16 0x0  59 0
268 148 4210 22 0 0 0x1 0 0 0 0x0 3 3 40 0x0 8 8 21 0x1  9 0
270 54 4243 41 0 0 0x1 0 0 0 0x0 8 8 85 0x0 17 17 69 0x0  43 0
272 196 4210 24 0 0 0x1 0 0 0 0x0 6 6 80 0x0 21 21 87 0x0  27 0
274 67 4238 27 0 0 0x1 0 0 0 0x0 3 3 52 0x1 20 20 89 0x1  50 0
276 53 4239 28 0 0 0x1 0 0 0 0x0 7 7 79 0x0 21 21 85 0x0  51 0
278 165 4212 23 0 0 0x1 0 0 0 0x0 4 4 66 0x1 20 20 87 0x0  28 0
280 200 4226 34 0 0 0x1 0 0 0 0x0 6 6 65 0x0 20 20 85 0x0  10 0
282 211 4230 25 0 0 0x1 0 0 0 0x0 6 6 83 0x0 20 20 85 0x0  22 0
284 63 4236 16 0 0 0x1 0 0 0 0x0 5 5 50 0x0 20 20 84 0x0  50 0
286 153 4229 25 0 0 0x1 0 0 0 0x0 6 6 79 0x0 20 20 84 0x0  20 0
288 255 4201 27 0 0 0x1 0 0 0 0x0 5 5 80 0x1 21 21 83 0x0  15 0
290 183 4213 27 0 0 0x1 0 0 0 0x0 5 5 53 0x0 20 20 86 0x0  52 0
292 102 4242 23 0 0 0x1 0 0 0 0x0 6 6 79 0x0 20 20 85 0x0  18 0
294 152 4213 31 0 0 0x1 0 0 0 0x0 4 4 55 0x0 20 20 86 0x0  9 0
296 131 4229 19 0 0 0x1 0 0 0 0x0 6 6 82 0x0 20 20 90 0x1  67 0
298 77 4229 16 0 0 0x1 0 0 0 0x0 7 7 98 0x0 17 17 67 0x1  62 0
300 65 4234 21 0 0 0x1 0 0 0 0x0 3 3 40 0x0 8 8 20 0x1  52 1
302 109 4226 29 0 0 0x1 0 0 0 0x0 6 6 97 0x1 9 9 18 0x0  56 0
304 252 4192 31 0 0 0x1 0 0 0 0x0 5 5 67 0x1 20 20 86 0x0  28 0
306 63 4239 21 0 0 0x1 0 0 0 0x0 5 5 53 0x0 20 20 85 0x0  42 0
308 54 4242 33 0 0 0x1 0 0 0 0x0 7 7 97 0x0 20 20 87 0x0  49 0
310 114 4219 24 0 0 0x1 0 0 0 0x0 3 3 42 0x0 20 20 86 0x0  10 1
312 53 4243 31 0 0 0x1 0 0 0 0x0 6 6 94 0x1 21 21 84 0x0  15 1
314 53 4245 28 0 0 0x1 0 0 0 0x0 7 7 81 0x0 20 20 87 0x0  29 0
316 82 4235 18 0 0 0x1 0 0 0 0x0 3 3 53 0x1 20 20 87 0x0  42 0
318 94 4235 31 0 0 0x1 0 0 0 0x0 7 7 80 0x0 21 21 84 0x0  14 0
320 198 4204 36 0 0 0x1 0 0 0 0x0 5 5 60 0x1 20 20 90 0x1  42 0
322 210 4210 18 0 0 0x1 0 0 0 0x0 6 6 67 0x0 20 20 87 0x1  23 1
324 81 4236 25 0 0 0x1 0 0 0 0x0 6 6 80 0x0 12 12 50 0x1  16 0
326 250 4199 36 0 0 0x1 0 0 0 0x0 4 4 52 0x0 21 21 86 0x0  62 1
328 73 4242 30 0 0 0x1 0 0 0 0x0 6 6 79 0x0 20 20 86 0x0  5 0
330 53 4243 26 0 0 0x1 0 0 0 0x0 6 6 94 0x1 21 21 86 0x0  24 0
332 97 4227 24 0 0 0x1 0 0 0 0x0 4 4 34 0x0 13 13 53 0x1  89 0
334 113 4223 17 0 0 0x1 0 0 0 0x0 6 6 79 0x0 7 7 18 0x1  52 0
336 153 4209 18 0 0 0x1 0 0 0 0x0 4 4 66 0x1 11 11 36 0x0  34 1
338 53 4240 25 0 0 0x1 0 0 0 0x0 6 6 66 0x0 15 15 63 0x0  61 1
340 146 4224 29 0 0 0x1 0 0 0 0x0 6 6 93 0x1 20 20 86 0x0  12 0
342 113 4219 21 0 0 0x1 0 0 0 0x0 4 4 40 0x0 21 21 89 0x0  18 0
344 222 4206 24 0 0 0x1 0 0 0 0x0 7 7 85 0x1 20 20 87 0x0  56 1
346 52 4242 29 0 0 0x1 0 0 0 0x0 6 6 80 0x1 20 20 85 0x0  22 0
348 53 4241 39 0 0 0x1 0 0 0 0x0 4 4 36 0x0 21 21 85 0x0  11 0
350 54 4242 24 0 0 0x1 0 0 0 0x0 7 7 92 0x0 20 20 85 0x0  39 0
352 153 4211 23 0 0 0x1 0 0 0 0x0 3 3 53 0x1 20 20 86 0x0  33 0
354 233 4220 28 0 0 0x1 0 0 0 0x0 6 6 79 0x1 19 19 79 0x0  14 0
356 90 4219 26 0 0 0x1 0 0 0 0x0 7 7 84 0x0 19 19 87 0x1  50 0
358 52 4236 22 0 0 0x1 0 0 0 0x0 3 3 36 0x0 21 21 80 0x0  8 0
360 53 4242 16 0 0 0x1 0 0 0 0x0 7 7 92 0x0 20 20 87 0x0  31 1
362 209 4200 28 0 0 0x1 0 0 0 0x0 5 5 79 0x1 20 20 87 0x0  95 1
364 63 4239 26 0 0 0x1 0 0 0 0x0 5 5 49 0x0 20 20 86 0x0  39 0
366 105 4226 29 0 0 0x1 0 0 0 0x0 6 6 79 0x0 10 10 36 0x1  56 0
368 208 4193 27 0 0 0x1 0 0 0 0x0 3 3 55 0x1 7 7 17 0x1  31 0
# window_from=2  # samples before this mark saw a lit panel
