# t_s cur_mA v_mV APSS_sd APSS_xosd APSS_xopct APSS_cores LPASS_sd LPASS_xosd LPASS_xopct LPASS_cores MPSS_sd MPSS_xosd MPSS_xopct MPSS_cores PRONTO_sd PRONTO_xosd PRONTO_xopct PRONTO_cores edge_irq_per_s modem_irq_per_s
2 53 4257 42 0 0 0x1 0 0 0 0x0 0 0 0 0x0 19 19 81 0x0  65 0
4 64 4253 27 0 0 0x1 0 0 0 0x0 0 0 0 0x0 20 20 92 0x1  17 0
6 54 4253 26 0 0 0x1 0 0 0 0x0 0 0 0 0x0 21 21 88 0x0  63 0
8 54 4253 29 0 0 0x1 0 0 0 0x0 0 0 0 0x0 20 20 80 0x0  78 0
10 98 4248 29 0 0 0x1 0 0 0 0x0 0 0 0 0x0 20 20 87 0x0  17 0
12 68 4248 24 0 0 0x1 0 0 0 0x0 0 0 0 0x0 20 20 88 0x0  50 0
14 54 4249 44 0 0 0x1 0 0 0 0x0 0 0 0 0x0 20 20 88 0x0  15 0
16 54 4251 28 0 0 0x1 0 0 0 0x0 0 0 0 0x0 20 20 88 0x0  6 0
18 54 4249 29 0 0 0x1 0 0 0 0x0 0 0 0 0x0 20 20 88 0x0  41 0
20 234 4217 34 0 0 0x1 0 0 0 0x0 1 1 1429 0x0 15 15 53 0x1  48 0
22 103 4235 34 0 0 0x1 0 0 0 0x0 0 0 0 0x0 8 8 20 0x1  73 0
24 53 4247 24 0 0 0x1 0 0 0 0x0 0 0 0 0x0 13 13 36 0x0  65 0
26 64 4248 27 0 0 0x1 0 0 0 0x0 0 0 0 0x0 21 21 87 0x0  9 0
28 111 4235 18 0 0 0x1 0 0 0 0x0 0 0 0 0x0 20 20 88 0x0  8 0
30 63 4246 16 0 0 0x1 0 0 0 0x0 0 0 0 0x0 20 20 88 0x0  71 0
32 55 4246 37 0 0 0x1 0 0 0 0x0 0 0 0 0x0 20 20 87 0x0  80 0
34 52 4247 27 0 0 0x1 0 0 0 0x0 0 0 0 0x0 21 21 88 0x0  57 0
36 54 4247 24 0 0 0x1 0 0 0 0x0 0 0 0 0x0 20 20 88 0x0  18 0
38 57 4245 30 0 0 0x1 0 0 0 0x0 0 0 0 0x0 21 21 87 0x0  11 0
40 54 4247 39 0 0 0x1 0 0 0 0x0 0 0 0 0x0 20 20 92 0x1  47 0
42 53 4247 31 0 0 0x1 0 0 0 0x0 0 0 0 0x0 20 20 88 0x1  56 0
44 175 4237 13 0 0 0x1 0 0 0 0x0 0 0 0 0x0 21 21 88 0x0  32 0
46 97 4239 27 0 0 0x1 0 0 0 0x0 0 0 0 0x0 20 20 88 0x0  45 0
48 54 4247 27 0 0 0x1 0 0 0 0x0 1 1 1474 0x0 20 20 88 0x0  18 0
50 53 4246 35 0 0 0x1 0 0 0 0x0 0 0 0 0x0 21 21 87 0x0  20 0
52 54 4244 33 0 0 0x1 0 0 0 0x0 0 0 0 0x0 20 20 88 0x0  41 0
54 166 4220 29 0 0 0x1 0 0 0 0x0 0 0 0 0x0 12 12 35 0x1  24 0
56 106 4231 22 0 0 0x1 0 0 0 0x0 0 0 0 0x0 8 8 20 0x1  11 0
58 54 4243 43 0 0 0x1 0 0 0 0x0 0 0 0 0x0 15 15 59 0x1  65 0
60 54 4245 31 0 0 0x1 0 0 0 0x0 0 0 0 0x0 21 21 88 0x0  19 0
62 143 4221 44 0 0 0x1 0 0 0 0x0 0 0 0 0x0 20 20 87 0x0  85 0
64 65 4239 33 0 0 0x1 0 0 0 0x0 0 0 0 0x0 20 20 88 0x0  117 0
66 53 4245 32 0 0 0x1 0 0 0 0x0 0 0 0 0x0 20 20 88 0x0  6 0
68 53 4243 30 0 0 0x1 0 0 0 0x0 0 0 0 0x0 21 21 86 0x0  21 0
70 54 4245 29 0 0 0x1 0 0 0 0x0 0 0 0 0x0 20 20 93 0x1  47 0
72 54 4245 28 0 0 0x1 0 0 0 0x0 0 0 0 0x0 21 21 88 0x0  12 0
74 53 4244 33 0 0 0x1 0 0 0 0x0 0 0 0 0x0 20 20 88 0x0  34 0
76 54 4243 29 0 0 0x1 0 0 0 0x0 1 1 1474 0x0 20 20 88 0x0  75 0
78 54 4244 25 0 0 0x1 0 0 0 0x0 0 0 0 0x0 21 21 87 0x0  22 0
80 61 4245 29 0 0 0x1 0 0 0 0x0 0 0 0 0x0 20 20 88 0x0  8 0
82 53 4243 34 0 0 0x1 0 0 0 0x0 0 0 0 0x0 20 20 85 0x0  40 0
84 63 4241 37 0 0 0x1 0 0 0 0x0 0 0 0 0x0 20 20 87 0x0  37 0
86 119 4229 37 0 0 0x1 0 0 0 0x0 0 0 0 0x0 18 18 82 0x1  8 0
88 106 4230 26 0 0 0x1 0 0 0 0x0 0 0 0 0x0 8 8 19 0x1  56 0
90 107 4230 27 0 0 0x1 0 0 0 0x0 0 0 0 0x0 8 8 17 0x1  14 0
92 96 4235 29 0 0 0x1 0 0 0 0x0 0 0 0 0x0 20 20 80 0x0  39 0
94 53 4243 35 0 0 0x1 0 0 0 0x0 0 0 0 0x0 19 19 80 0x0  90 0
96 54 4243 33 0 0 0x1 0 0 0 0x0 0 0 0 0x0 21 21 87 0x0  10 0
98 53 4243 28 0 0 0x1 0 0 0 0x0 0 0 0 0x0 20 20 87 0x0  22 0
100 53 4243 23 0 0 0x1 0 0 0 0x0 0 0 0 0x0 21 21 88 0x0  43 0
102 53 4243 20 0 0 0x1 0 0 0 0x0 0 0 0 0x0 20 20 88 0x0  14 0
104 79 4239 34 0 0 0x1 0 0 0 0x0 0 0 0 0x0 20 20 93 0x1  34 0
106 139 4227 33 0 0 0x1 0 0 0 0x0 3 3 1475 0x0 20 20 87 0x1  76 2
108 58 4240 24 0 0 0x1 0 0 0 0x0 0 0 0 0x0 22 22 86 0x0  20 0
110 53 4243 29 0 0 0x1 0 0 0 0x0 0 0 0 0x0 20 20 88 0x0  6 0
112 103 4238 42 0 0 0x1 0 0 0 0x0 0 0 0 0x0 20 20 88 0x0  60 0
114 135 4227 22 0 0 0x1 0 0 0 0x0 0 0 0 0x0 20 20 87 0x0  9 0
116 53 4243 27 0 0 0x1 0 0 0 0x0 0 0 0 0x0 20 20 88 0x0  9 0
118 53 4241 35 0 0 0x1 0 0 0 0x0 0 0 0 0x0 20 20 88 0x0  64 0
120 54 4237 24 0 0 0x1 0 0 0 0x0 0 0 0 0x0 15 15 61 0x1  6 0
122 86 4235 29 0 0 0x1 0 0 0 0x0 0 0 0 0x0 8 8 19 0x1  65 0
124 96 4233 27 0 0 0x1 0 0 0 0x0 0 0 0 0x0 12 12 32 0x0  70 0
126 54 4241 31 0 0 0x1 0 0 0 0x0 0 0 0 0x0 21 21 86 0x0  15 0
128 53 4242 31 0 0 0x1 0 0 0 0x0 0 0 0 0x0 20 20 88 0x0  31 0
130 53 4241 27 0 0 0x1 0 0 0 0x0 0 0 0 0x0 20 20 88 0x0  37 0
132 54 4240 29 0 0 0x1 0 0 0 0x0 0 0 0 0x0 20 20 87 0x0  19 0
134 53 4241 14 0 0 0x1 0 0 0 0x0 1 1 1466 0x0 20 20 88 0x0  11 0
136 53 4239 34 0 0 0x1 0 0 0 0x0 0 0 0 0x0 20 20 88 0x0  63 0
138 53 4242 12 0 0 0x1 0 0 0 0x0 0 0 0 0x0 21 21 87 0x0  47 0
140 53 4241 27 0 0 0x1 0 0 0 0x0 0 0 0 0x0 20 20 86 0x0  4 0
142 68 4234 24 0 0 0x1 0 0 0 0x0 0 0 0 0x0 21 21 92 0x0  53 0
144 55 4238 29 0 0 0x1 0 0 0 0x0 0 0 0 0x0 20 20 88 0x0  10 0
146 53 4241 39 0 0 0x1 0 0 0 0x0 0 0 0 0x0 20 20 88 0x0  12 0
148 158 4221 28 0 0 0x1 0 0 0 0x0 0 0 0 0x0 21 21 87 0x0  62 0
150 53 4241 29 0 0 0x1 0 0 0 0x0 0 0 0 0x0 19 19 82 0x0  11 0
152 53 4241 27 0 0 0x1 0 0 0 0x0 0 0 0 0x0 19 19 81 0x0  65 0
154 99 4227 34 0 0 0x1 0 0 0 0x0 0 0 0 0x0 12 12 44 0x1  42 0
156 106 4225 38 0 0 0x1 0 0 0 0x0 0 0 0 0x0 9 9 18 0x0  54 0
158 106 4230 33 0 0 0x1 0 0 0 0x0 0 0 0 0x0 13 13 54 0x1  30 0
160 54 4240 29 0 0 0x1 0 0 0 0x0 0 0 0 0x0 21 21 87 0x0  40 0
162 56 4239 27 0 0 0x1 0 0 0 0x0 1 1 1474 0x0 20 20 88 0x0  25 0
164 115 4224 26 0 0 0x1 0 0 0 0x0 0 0 0 0x0 20 20 88 0x0  10 0
166 102 4231 38 0 0 0x1 0 0 0 0x0 0 0 0 0x0 21 21 87 0x0  91 0
168 53 4240 33 0 0 0x1 0 0 0 0x0 0 0 0 0x0 19 19 80 0x0  16 0
170 53 4240 31 0 0 0x1 0 0 0 0x0 0 0 0 0x0 20 20 88 0x0  5 0
172 54 4239 20 0 0 0x1 0 0 0 0x0 0 0 0 0x0 20 20 88 0x0  48 0
174 53 4240 25 0 0 0x1 0 0 0 0x0 0 0 0 0x0 21 21 92 0x0  22 0
176 128 4236 34 0 0 0x1 0 0 0 0x0 0 0 0 0x0 20 20 88 0x0  29 0
178 53 4239 27 0 0 0x1 0 0 0 0x0 0 0 0 0x0 21 21 87 0x0  46 0
180 173 4215 44 0 0 0x1 0 0 0 0x0 0 0 0 0x0 16 16 57 0x1  23 0
182 99 4225 24 0 0 0x1 0 0 0 0x0 0 0 0 0x0 10 10 33 0x0  58 0
184 114 4229 31 0 0 0x1 0 0 0 0x0 0 0 0 0x0 21 21 86 0x0  52 0
186 72 4235 27 0 0 0x1 0 0 0 0x0 0 0 0 0x0 20 20 88 0x0  28 0
188 105 4225 29 0 0 0x1 0 0 0 0x0 0 0 0 0x0 8 8 18 0x0  9 0
190 116 4222 31 0 0 0x1 0 0 0 0x0 0 0 0 0x0 9 9 19 0x0  55 0
192 55 4235 22 0 0 0x1 0 0 0 0x0 1 1 1474 0x0 18 18 74 0x0  32 0
194 54 4238 30 0 0 0x1 0 0 0 0x0 0 0 0 0x0 20 20 88 0x0  10 0
196 178 4219 28 0 0 0x1 0 0 0 0x0 0 0 0 0x0 21 21 87 0x0  51 0
198 127 4226 31 0 0 0x1 0 0 0 0x0 0 0 0 0x0 20 20 87 0x0  7 0
200 99 4234 32 0 0 0x1 0 0 0 0x0 0 0 0 0x0 20 20 87 0x0  19 0
202 97 4230 32 0 0 0x1 0 0 0 0x0 0 0 0 0x0 20 20 88 0x0  57 0
204 53 4238 15 0 0 0x1 0 0 0 0x0 0 0 0 0x0 20 20 88 0x0  41 0
206 78 4235 24 0 0 0x1 0 0 0 0x0 0 0 0 0x0 21 21 90 0x0  27 0
208 74 4236 22 0 0 0x1 0 0 0 0x0 0 0 0 0x0 20 20 89 0x1  43 0
210 63 4236 35 0 0 0x1 0 0 0 0x0 0 0 0 0x0 20 20 88 0x1  20 0
212 90 4231 27 0 0 0x1 0 0 0 0x0 0 0 0 0x0 22 22 87 0x0  43 0
214 128 4220 34 0 0 0x1 0 0 0 0x0 0 0 0 0x0 20 20 87 0x0  58 0
216 53 4237 23 0 0 0x1 0 0 0 0x0 0 0 0 0x0 20 20 88 0x0  21 0
218 54 4238 27 0 0 0x1 0 0 0 0x0 0 0 0 0x0 20 20 87 0x0  16 0
220 99 4223 36 0 0 0x1 0 0 0 0x0 1 1 1474 0x0 16 16 68 0x1  86 0
222 107 4224 27 0 0 0x1 0 0 0 0x0 0 0 0 0x0 8 8 20 0x1  22 0
224 100 4223 29 0 0 0x1 0 0 0 0x0 0 0 0 0x0 9 9 22 0x1  7 0
226 53 4237 25 0 0 0x1 0 0 0 0x0 0 0 0 0x0 21 21 87 0x0  57 0
228 54 4238 32 0 0 0x1 0 0 0 0x0 0 0 0 0x0 20 20 88 0x0  13 0
230 123 4219 43 0 0 0x1 0 0 0 0x0 0 0 0 0x0 20 20 88 0x0  22 0
232 141 4223 30 0 0 0x1 0 0 0 0x0 0 0 0 0x0 20 20 88 0x0  43 0
234 107 4228 38 0 0 0x1 0 0 0 0x0 0 0 0 0x0 20 20 88 0x0  16 0
236 53 4237 34 0 0 0x1 0 0 0 0x0 0 0 0 0x0 21 21 87 0x0  27 0
238 87 4234 33 0 0 0x1 0 0 0 0x0 0 0 0 0x0 20 20 88 0x0  41 0
240 101 4228 31 0 0 0x1 0 0 0 0x0 0 0 0 0x0 19 19 82 0x0  52 0
242 95 4228 29 0 0 0x1 0 0 0 0x0 0 0 0 0x0 20 20 91 0x1  46 0
244 53 4237 33 0 0 0x1 0 0 0 0x0 0 0 0 0x0 20 20 88 0x1  8 0
246 87 4235 31 0 0 0x1 0 0 0 0x0 0 0 0 0x0 19 19 80 0x1  68 0
248 52 4215 38 0 0 0x1 0 0 0 0x0 1 1 1474 0x0 21 21 87 0x0  15 0
250 57 4232 26 0 0 0x1 0 0 0 0x0 0 0 0 0x0 20 20 88 0x0  18 0
252 59 4219 24 0 0 0x1 0 0 0 0x0 0 0 0 0x0 20 20 88 0x0  52 0
254 63 4231 39 0 0 0x1 0 0 0 0x0 0 0 0 0x0 14 14 49 0x1  16 0
256 53 4231 23 0 0 0x1 0 0 0 0x0 0 0 0 0x0 8 8 19 0x1  19 0
258 54 4235 30 0 0 0x1 0 0 0 0x0 0 0 0 0x0 12 12 41 0x0  46 0
260 54 4235 23 0 0 0x1 0 0 0 0x0 0 0 0 0x0 20 20 88 0x0  26 0
262 54 4236 32 0 0 0x1 0 0 0 0x0 0 0 0 0x0 20 20 92 0x0  8 0
264 119 4220 28 0 0 0x1 0 0 0 0x0 0 0 0 0x0 20 20 88 0x1  44 0
266 106 4234 25 0 0 0x1 0 0 0 0x0 0 0 0 0x0 20 20 80 0x1  28 0
268 53 4236 32 0 0 0x1 0 0 0 0x0 0 0 0 0x0 21 21 88 0x0  23 0
270 53 4235 21 0 0 0x1 0 0 0 0x0 0 0 0 0x0 19 19 85 0x1  55 0
272 104 4227 41 0 0 0x1 0 0 0 0x0 0 0 0 0x0 20 20 80 0x0  42 0
274 53 4236 44 0 0 0x1 0 0 0 0x0 0 0 0 0x0 20 20 83 0x0  30 0
276 110 4225 27 0 0 0x1 0 0 0 0x0 0 0 0 0x0 20 20 83 0x0  55 0
278 53 4222 34 0 0 0x1 0 0 0 0x0 1 1 1474 0x0 20 20 85 0x0  14 0
280 106 4224 30 0 0 0x1 0 0 0 0x0 0 0 0 0x0 20 20 85 0x0  39 0
282 54 4233 32 0 0 0x1 0 0 0 0x0 0 0 0 0x0 21 21 87 0x0  42 0
284 71 4228 27 0 0 0x1 0 0 0 0x0 0 0 0 0x0 20 20 88 0x0  4 0
286 69 4231 17 0 0 0x1 0 0 0 0x0 0 0 0 0x0 20 20 92 0x1  31 0
288 103 4221 45 0 0 0x1 0 0 0 0x0 0 0 0 0x0 10 10 29 0x1  54 0
290 101 4221 22 0 0 0x1 0 0 0 0x0 0 0 0 0x0 10 10 19 0x0  26 0
292 53 4235 28 0 0 0x1 0 0 0 0x0 0 0 0 0x0 15 15 62 0x0  14 0
294 124 4209 36 0 0 0x1 0 0 0 0x0 0 0 0 0x0 21 21 87 0x0  50 0
296 54 4235 28 0 0 0x1 0 0 0 0x0 0 0 0 0x0 20 20 88 0x0  12 0
298 53 4235 45 0 0 0x1 0 0 0 0x0 0 0 0 0x0 20 20 88 0x0  11 0
300 71 4225 26 0 0 0x1 0 0 0 0x0 0 0 0 0x0 20 20 87 0x0  88 0
302 54 4235 35 0 0 0x1 0 0 0 0x0 0 0 0 0x0 19 19 81 0x0  10 0
304 57 4223 24 0 0 0x1 0 0 0 0x0 0 0 0 0x0 20 20 88 0x0  46 0
306 63 4232 33 0 0 0x1 0 0 0 0x0 1 1 1474 0x0 21 21 87 0x0  29 0
308 53 4234 39 0 0 0x1 0 0 0 0x0 0 0 0 0x0 19 19 84 0x1  30 0
310 53 4221 23 0 0 0x1 0 0 0 0x0 0 0 0 0x0 21 21 88 0x0  21 0
312 126 4225 30 0 0 0x1 0 0 0 0x0 0 0 0 0x0 21 21 87 0x0  42 0
314 58 4231 19 0 0 0x1 0 0 0 0x0 0 0 0 0x0 20 20 88 0x0  25 0
316 95 4224 42 0 0 0x1 0 0 0 0x0 0 0 0 0x0 20 20 85 0x0  48 0
318 54 4231 22 0 0 0x1 0 0 0 0x0 0 0 0 0x0 20 20 87 0x0  38 0
320 105 4219 24 0 0 0x1 0 0 0 0x0 0 0 0 0x0 17 17 78 0x1  27 0
322 106 4219 51 0 0 0x1 0 0 0 0x0 0 0 0 0x0 10 10 22 0x1  18 0
324 103 4219 29 0 0 0x1 0 0 0 0x0 0 0 0 0x0 9 9 21 0x1  66 0
326 133 4220 32 0 0 0x1 0 0 0 0x0 0 0 0 0x0 19 19 83 0x1  11 0
328 54 4234 33 0 0 0x1 0 0 0 0x0 0 0 0 0x0 21 21 88 0x0  6 0
330 72 4232 24 0 0 0x1 0 0 0 0x0 0 0 0 0x0 20 20 87 0x0  66 0
332 53 4234 35 0 0 0x1 0 0 0 0x0 0 0 0 0x0 20 20 88 0x0  45 0
334 53 4234 22 0 0 0x1 0 0 0 0x0 1 1 1474 0x0 20 20 87 0x0  22 0
336 58 4232 33 0 0 0x1 0 0 0 0x0 0 0 0 0x0 21 21 87 0x0  74 0
338 53 4234 31 0 0 0x1 0 0 0 0x0 0 0 0 0x0 20 20 87 0x0  9 0
340 53 4233 27 0 0 0x1 0 0 0 0x0 0 0 0 0x0 20 20 91 0x1  30 0
342 53 4232 34 0 0 0x1 0 0 0 0x0 0 0 0 0x0 20 20 87 0x1  47 0
344 163 4221 24 0 0 0x1 0 0 0 0x0 0 0 0 0x0 21 21 88 0x0  25 0
346 52 4234 30 0 0 0x1 0 0 0 0x0 0 0 0 0x0 20 20 87 0x0  8 0
348 111 4218 24 0 0 0x1 0 0 0 0x0 0 0 0 0x0 20 20 88 0x0  44 0
350 59 4230 32 0 0 0x1 0 0 0 0x0 0 0 0 0x0 20 20 88 0x0  46 0
352 54 4233 36 0 0 0x1 0 0 0 0x0 0 0 0 0x0 21 21 87 0x0  10 0
354 111 4215 26 0 0 0x1 0 0 0 0x0 0 0 0 0x0 13 13 59 0x1  97 0
356 106 4219 36 0 0 0x1 0 0 0 0x0 0 0 0 0x0 8 8 19 0x1  16 0
358 100 4226 22 0 0 0x1 0 0 0 0x0 0 0 0 0x0 10 10 29 0x0  32 0
360 125 4219 37 0 0 0x1 0 0 0 0x0 0 0 0 0x0 20 20 92 0x1  40 0
362 98 4231 30 0 0 0x1 0 0 0 0x0 0 0 0 0x0 20 20 88 0x1  24 0
364 52 4232 24 0 0 0x1 0 0 0 0x0 1 1 1474 0x0 22 22 87 0x0  42 0
366 54 4226 33 0 0 0x1 0 0 0 0x0 0 0 0 0x0 20 20 88 0x0  47 0
368 58 4227 24 0 0 0x1 0 0 0 0x0 0 0 0 0x0 21 21 88 0x0  25 0
370 52 4232 31 0 0 0x1 0 0 0 0x0 0 0 0 0x0 21 21 87 0x0  16 0
372 101 4222 25 0 0 0x1 0 0 0 0x0 0 0 0 0x0 20 20 88 0x0  73 0
# window_from=2  # samples before this mark saw a lit panel
