# t_s cur_mA v_mV APSS_sd APSS_xosd APSS_xopct APSS_cores LPASS_sd LPASS_xosd LPASS_xopct LPASS_cores MPSS_sd MPSS_xosd MPSS_xopct MPSS_cores PRONTO_sd PRONTO_xosd PRONTO_xopct PRONTO_cores edge_irq_per_s modem_irq_per_s
2 53 4282 33 0 0 0x1 0 0 0 0x0 11 9 56 0x0 21 21 87 0x0  114 47
4 52 4269 37 0 0 0x1 0 0 0 0x0 3 3 39 0x1 20 20 88 0x0  50 1
6 207 4260 31 0 0 0x1 0 0 0 0x0 8 8 60 0x0 20 20 87 0x0  20 2
8 152 4243 54 0 0 0x1 0 0 0 0x0 5 5 64 0x1 20 20 86 0x0  50 0
10 173 4235 30 0 0 0x1 0 0 0 0x0 3 3 12 0x0 20 20 88 0x0  42 0
12 104 4257 26 0 0 0x1 0 0 0 0x0 6 6 60 0x0 21 21 87 0x0  73 0
14 158 4248 27 0 0 0x1 0 0 0 0x0 3 3 42 0x1 20 20 87 0x0  9 0
16 52 4268 30 0 0 0x1 0 0 0 0x0 7 7 60 0x0 20 20 88 0x0  46 0
18 93 4257 37 0 0 0x1 0 0 0 0x0 6 6 70 0x1 20 20 91 0x1  66 0
20 157 4241 25 0 0 0x1 0 0 0 0x0 4 4 29 0x0 21 21 88 0x0  52 0
22 98 4245 31 0 0 0x1 0 0 0 0x0 6 6 70 0x1 13 13 51 0x1  49 0
24 209 4221 28 0 0 0x1 0 0 0 0x0 5 5 51 0x1 7 7 20 0x1  6 0
26 52 4259 25 0 0 0x1 0 0 0 0x0 4 4 29 0x0 12 12 39 0x0  40 0
28 182 4235 26 0 0 0x1 0 0 0 0x0 7 7 72 0x0 20 20 88 0x0  49 0
30 60 4239 27 0 0 0x1 0 0 0 0x0 3 3 26 0x0 21 21 87 0x0  27 0
32 61 4254 38 0 0 0x1 0 0 0 0x0 6 6 77 0x1 20 20 88 0x0  47 0
34 52 4264 30 0 0 0x1 0 0 0 0x0 6 6 65 0x1 20 20 93 0x1  76 0
36 53 4259 31 0 0 0x1 0 0 0 0x0 4 4 40 0x1 21 21 86 0x0  30 0
38 180 4237 35 0 0 0x1 0 0 0 0x0 7 7 61 0x0 20 20 88 0x0  13 0
40 156 4226 33 0 0 0x1 0 0 0 0x0 3 3 41 0x1 20 20 88 0x0  54 0
42 180 4231 34 0 0 0x1 0 0 0 0x0 7 7 59 0x0 14 14 43 0x0  12 0
44 159 4244 31 0 0 0x1 0 0 0 0x0 6 6 62 0x0 20 20 88 0x0  9 0
46 61 4249 34 0 0 0x1 0 0 0 0x0 3 3 43 0x1 13 13 50 0x0  95 0
48 53 4261 29 0 0 0x1 0 0 0 0x0 7 7 65 0x0 20 20 87 0x0  12 0
50 162 4226 28 0 0 0x1 0 0 0 0x0 5 5 65 0x1 19 19 81 0x0  25 0
52 260 4217 42 0 0 0x1 0 0 0 0x0 5 5 41 0x0 21 21 91 0x0  47 0
54 52 4259 28 0 0 0x1 0 0 0 0x0 6 6 74 0x1 21 21 89 0x0  9 0
56 155 4214 23 0 0 0x1 0 0 0 0x0 4 4 30 0x0 8 8 30 0x1  75 0
58 51 4250 37 0 0 0x1 0 0 0 0x0 6 6 65 0x0 9 9 17 0x0  83 0
60 264 4221 23 0 0 0x1 0 0 0 0x0 6 6 76 0x1 15 15 62 0x0  23 0
62 69 4255 30 0 0 0x1 0 0 0 0x0 4 4 33 0x0 20 20 88 0x0  26 0
64 52 4254 30 0 0 0x1 0 0 0 0x0 6 6 76 0x1 20 20 87 0x0  58 0
66 236 4195 33 0 0 0x1 0 0 0 0x0 5 5 52 0x1 20 20 88 0x0  70 0
68 52 4255 41 0 0 0x1 0 0 0 0x0 5 5 50 0x1 19 19 82 0x0  11 0
70 204 4226 25 0 0 0x1 0 0 0 0x0 8 7 58 0x0 21 21 86 0x0  16 0
72 53 4250 27 0 0 0x1 0 0 0 0x0 3 3 30 0x0 20 20 91 0x1  49 0
74 205 4225 30 0 0 0x1 0 0 0 0x0 4 4 47 0x1 20 20 88 0x1  8 0
76 53 4255 19 0 0 0x1 0 0 0 0x0 7 7 60 0x0 20 20 86 0x1  36 0
78 178 4221 34 0 0 0x1 0 0 0 0x0 2 2 30 0x1 20 20 88 0x1  38 0
80 179 4228 19 0 0 0x1 0 0 0 0x0 4 4 23 0x0 20 20 88 0x1  18 0
82 155 4217 34 0 0 0x1 0 0 0 0x0 4 4 50 0x1 22 22 87 0x0  42 0
84 317 4204 29 0 0 0x1 0 0 0 0x0 6 5 49 0x1 20 19 88 0x0  38 0
86 149 4243 33 0 0 0x1 0 0 0 0x0 7 7 61 0x0 20 21 88 0x0  40 0
88 52 4242 28 0 0 0x1 0 0 0 0x0 4 4 47 0x1 19 19 79 0x1  43 0
90 52 4245 25 0 0 0x1 0 0 0 0x0 5 5 39 0x0 8 8 18 0x1  59 2
92 52 4245 40 0 0 0x1 0 0 0 0x0 6 6 70 0x1 8 8 20 0x1  51 0
94 215 4215 28 0 0 0x1 0 0 0 0x0 5 5 32 0x0 19 19 75 0x0  24 0
96 92 4243 27 0 0 0x1 0 0 0 0x0 6 6 68 0x1 20 20 88 0x0  52 0
98 194 4219 31 0 0 0x1 0 0 0 0x0 4 4 39 0x1 20 20 88 0x0  7 0
100 196 4221 23 0 0 0x1 0 0 0 0x0 5 5 39 0x0 21 21 86 0x0  27 0
102 52 4247 27 0 0 0x1 0 0 0 0x0 6 6 72 0x1 21 21 92 0x0  47 0
104 53 4244 37 0 0 0x1 0 0 0 0x0 4 4 31 0x0 20 20 88 0x1  26 0
106 52 4251 33 0 0 0x1 0 0 0 0x0 6 6 76 0x1 21 21 88 0x0  20 0
108 208 4223 37 0 0 0x1 0 0 0 0x0 6 6 64 0x1 20 20 88 0x0  49 0
110 60 4246 24 0 0 0x1 0 0 0 0x0 4 4 32 0x0 20 20 88 0x0  21 0
112 181 4226 23 0 0 0x1 0 0 0 0x0 7 7 71 0x0 21 21 87 0x0  11 0
114 155 4217 33 0 0 0x1 0 0 0 0x0 3 3 43 0x1 20 20 88 0x0  86 0
116 54 4241 27 0 0 0x1 0 0 0 0x0 6 6 58 0x1 20 20 88 0x0  13 0
118 61 4251 22 0 0 0x1 0 0 0 0x0 6 6 64 0x1 21 21 87 0x0  15 0
120 84 4246 29 0 0 0x1 0 0 0 0x0 3 3 32 0x1 20 20 88 0x0  59 1
122 157 4232 28 0 0 0x1 0 0 0 0x0 7 7 63 0x0 16 16 65 0x1  46 1
124 185 4209 35 0 0 0x1 0 0 0 0x0 4 4 49 0x1 8 8 18 0x1  73 0
126 182 4219 38 0 0 0x1 0 0 0 0x0 6 6 53 0x1 11 11 29 0x0  48 0
128 184 4219 26 0 0 0x1 0 0 0 0x0 6 6 50 0x1 21 21 87 0x0  12 0
130 231 4202 24 0 0 0x1 0 0 0 0x0 2 2 17 0x1 20 20 88 0x0  19 0
132 146 4232 23 0 0 0x1 0 0 0 0x0 7 7 61 0x0 20 20 88 0x0  48 0
134 51 4248 40 0 0 0x1 0 0 0 0x0 6 6 70 0x1 20 20 88 0x0  23 0
136 160 4230 38 0 0 0x1 0 0 0 0x0 5 5 31 0x0 21 21 87 0x0  9 0
138 53 4246 30 0 0 0x1 0 0 0 0x0 6 6 65 0x1 19 19 82 0x0  41 0
140 201 4215 30 0 0 0x1 0 0 0 0x0 2 2 19 0x1 21 21 86 0x0  26 1
142 97 4236 39 0 0 0x1 0 0 0 0x0 4 4 23 0x0 19 19 87 0x1  17 0
144 241 4216 33 0 0 0x1 0 0 0 0x0 5 4 49 0x1 16 16 70 0x1  66 1
146 52 4244 32 0 0 0x1 0 0 0 0x0 5 5 31 0x0 20 20 88 0x1  5 0
148 77 4233 30 0 0 0x1 0 0 0 0x0 7 7 69 0x1 20 20 88 0x1  59 0
150 173 4224 35 0 0 0x1 0 0 0 0x0 6 6 59 0x1 21 21 88 0x0  45 0
152 99 4230 28 0 0 0x1 0 0 0 0x0 5 5 42 0x1 20 20 86 0x0  41 0
154 185 4220 22 0 0 0x1 0 0 0 0x0 7 7 59 0x0 20 20 88 0x0  52 0
156 223 4198 34 0 0 0x1 0 0 0 0x0 4 4 39 0x0 13 13 42 0x0  9 0
158 200 4207 30 0 0 0x1 0 0 0 0x0 7 7 62 0x0 10 10 23 0x1  80 0
160 140 4227 40 0 0 0x1 0 0 0 0x0 6 6 63 0x0 14 14 51 0x1  24 0
162 132 4219 34 0 0 0x1 0 0 0 0x0 4 4 45 0x1 20 20 88 0x1  47 0
164 133 4242 26 0 0 0x1 0 0 0 0x0 7 7 59 0x0 21 21 87 0x0  16 0
166 157 4222 23 0 0 0x1 0 0 0 0x0 5 5 58 0x1 20 20 88 0x0  9 0
168 184 4217 37 0 0 0x1 0 0 0 0x0 6 5 38 0x0 20 20 88 0x0  65 0
170 53 4244 29 0 0 0x1 0 0 0 0x0 6 6 69 0x1 21 21 87 0x0  11 0
172 172 4198 23 0 0 0x1 0 0 0 0x0 4 4 29 0x0 20 20 88 0x0  11 0
174 97 4240 18 0 0 0x1 0 0 0 0x0 6 6 70 0x1 20 20 92 0x1  113 0
176 116 4234 36 0 0 0x1 0 0 0 0x0 7 7 61 0x0 21 21 88 0x0  12 0
178 183 4218 23 0 0 0x1 0 0 0 0x0 3 3 28 0x0 19 19 82 0x0  54 0
180 52 4247 34 0 0 0x1 0 0 0 0x0 6 6 72 0x1 20 20 88 0x0  42 0
182 160 4212 28 0 0 0x1 0 0 0 0x0 6 5 46 0x1 21 21 87 0x0  43 0
184 52 4245 56 0 0 0x1 0 0 0 0x0 5 5 50 0x1 19 19 82 0x0  60 0
186 158 4210 32 0 0 0x1 0 0 0 0x0 7 7 60 0x0 20 20 88 0x0  51 0
188 191 4209 26 0 0 0x1 0 0 0 0x0 2 2 30 0x1 21 21 87 0x0  54 0
190 102 4226 33 0 0 0x1 0 0 0 0x0 6 6 50 0x0 9 9 22 0x1  6 0
192 170 4215 29 0 0 0x1 0 0 0 0x0 6 6 63 0x0 7 7 15 0x1  56 0
194 52 4244 35 0 0 0x1 0 0 0 0x0 4 4 43 0x0 17 17 71 0x1  21 0
196 180 4219 28 0 0 0x1 0 0 0 0x0 6 6 64 0x0 20 20 87 0x1  3 0
198 187 4207 29 0 0 0x1 0 0 0 0x0 4 4 54 0x1 22 22 87 0x0  48 0
200 175 4218 28 0 0 0x1 0 0 0 0x0 6 6 54 0x0 20 20 88 0x0  7 0
202 53 4247 20 0 0 0x1 0 0 0 0x0 6 6 71 0x1 20 20 88 0x0  20 0
204 140 4225 29 0 0 0x1 0 0 0 0x0 4 4 32 0x0 21 21 87 0x0  47 0
206 175 4206 26 0 0 0x1 0 0 0 0x0 3 3 39 0x1 20 20 88 0x0  20 0
208 53 4244 21 0 0 0x1 0 0 0 0x0 6 5 50 0x1 20 20 88 0x0  16 0
210 187 4217 23 0 0 0x1 0 0 0 0x0 4 4 30 0x0 21 21 87 0x0  42 0
212 178 4216 22 0 0 0x1 0 0 0 0x0 6 6 71 0x1 20 20 88 0x0  21 0
214 164 4214 25 0 0 0x1 0 0 0 0x0 4 4 40 0x1 19 19 82 0x0  46 0
216 53 4244 31 0 0 0x1 0 0 0 0x0 6 6 61 0x1 21 21 92 0x1  76 0
218 53 4224 26 0 0 0x1 0 0 0 0x0 7 7 61 0x0 20 20 87 0x1  22 0
220 153 4213 30 0 0 0x1 0 0 0 0x0 2 2 21 0x0 19 19 83 0x1  11 0
222 107 4221 34 0 0 0x1 0 0 0 0x0 6 6 63 0x1 17 17 69 0x1  81 0
224 179 4211 24 0 0 0x1 0 0 0 0x0 6 6 61 0x1 8 8 18 0x1  23 0
226 106 4226 31 0 0 0x1 0 0 0 0x0 4 4 39 0x1 9 9 18 0x0  24 0
228 181 4206 36 0 0 0x1 0 0 0 0x0 5 5 40 0x0 21 21 87 0x0  59 0
230 203 4204 34 0 0 0x1 0 0 0 0x0 3 3 41 0x1 20 20 88 0x0  14 0
232 187 4198 19 0 0 0x1 0 0 0 0x0 6 6 61 0x1 20 20 88 0x0  21 0
234 188 4220 27 0 0 0x1 0 0 0 0x0 5 5 40 0x0 19 19 81 0x0  43 0
236 53 4237 30 0 0 0x1 0 0 0 0x0 2 2 32 0x1 21 21 88 0x0  25 0
238 202 4205 33 0 0 0x1 0 0 0 0x0 4 4 40 0x1 19 19 86 0x1  21 0
240 154 4215 32 0 0 0x1 0 0 0 0x0 4 4 33 0x1 22 22 86 0x0  46 0
242 220 4202 22 0 0 0x1 0 0 0 0x0 5 5 38 0x0 20 20 88 0x0  54 0
244 53 4244 28 0 0 0x1 0 0 0 0x0 6 6 71 0x1 20 20 88 0x0  10 0
246 249 4187 40 0 0 0x1 0 0 0 0x0 3 3 29 0x1 20 20 86 0x0  54 0
248 196 4206 13 0 0 0x1 0 0 0 0x0 5 5 49 0x1 20 20 88 0x0  24 0
250 103 4233 31 0 0 0x1 0 0 0 0x0 7 6 53 0x1 18 18 75 0x0  15 0
252 183 4216 31 0 0 0x1 0 0 0 0x0 5 5 33 0x0 20 20 87 0x0  82 0
254 51 4240 26 0 0 0x1 0 0 0 0x0 6 6 68 0x1 16 16 70 0x0  18 0
256 240 4189 45 0 0 0x1 0 0 0 0x0 5 5 49 0x1 15 15 54 0x1  57 0
258 151 4203 24 0 0 0x1 0 0 0 0x0 4 4 32 0x1 8 8 21 0x1  20 0
260 175 4212 23 0 0 0x1 0 0 0 0x0 7 7 59 0x0 12 12 39 0x1  46 0
262 185 4219 20 0 0 0x1 0 0 0 0x0 4 3 39 0x1 21 21 88 0x0  17 0
264 52 4242 29 0 0 0x1 0 0 0 0x0 7 7 59 0x0 20 20 88 0x0  11 0
266 212 4209 32 0 0 0x1 0 0 0 0x0 6 6 59 0x0 20 20 88 0x0  50 0
268 184 4208 28 0 0 0x1 0 0 0 0x0 3 3 32 0x1 21 21 87 0x0  12 0
270 52 4237 24 0 0 0x1 0 0 0 0x0 6 6 49 0x0 21 21 88 0x0  11 0
272 167 4204 25 0 0 0x1 0 0 0 0x0 4 4 49 0x1 21 21 87 0x0  69 0
274 131 4210 33 0 0 0x1 0 0 0 0x0 4 4 29 0x0 21 21 87 0x0  32 0
276 56 4234 13 0 0 0x1 0 0 0 0x0 6 6 61 0x0 20 20 92 0x1  26 0
278 52 4237 34 0 0 0x1 0 0 0 0x0 5 5 43 0x0 21 21 88 0x0  44 0
280 177 4217 30 0 0 0x1 0 0 0 0x0 6 6 63 0x0 20 20 87 0x0  21 0
282 234 4214 26 0 0 0x1 0 0 0 0x0 5 5 63 0x1 20 20 88 0x0  18 0
284 179 4214 32 0 0 0x1 0 0 0 0x0 4 4 30 0x0 20 20 88 0x0  44 0
286 63 4238 25 0 0 0x1 0 0 0 0x0 6 6 69 0x1 21 21 87 0x0  22 0
288 164 4205 30 0 0 0x1 0 0 0 0x0 4 4 31 0x0 20 20 88 0x0  48 0
290 169 4208 26 0 0 0x1 0 0 0 0x0 6 6 61 0x0 11 11 32 0x0  116 0
292 89 4181 43 0 0 0x1 0 0 0 0x0 7 7 70 0x0 9 9 20 0x1  34 0
294 148 4220 35 0 0 0x1 0 0 0 0x0 3 3 30 0x0 16 16 61 0x1  20 0
296 139 4219 23 0 0 0x1 0 0 0 0x0 6 6 71 0x1 20 20 88 0x1  56 0
298 180 4193 18 0 0 0x1 0 0 0 0x0 5 5 51 0x1 22 22 87 0x0  12 0
300 95 4231 27 0 0 0x1 0 0 0 0x0 5 5 50 0x1 20 20 88 0x0  16 0
302 221 4204 29 0 0 0x1 0 0 0 0x0 7 7 64 0x0 20 20 88 0x0  84 0
304 96 4226 25 0 0 0x1 0 0 0 0x0 3 3 41 0x1 21 21 88 0x0  13 0
306 123 4223 30 0 0 0x1 0 0 0 0x0 7 7 61 0x0 20 20 88 0x0  20 0
308 146 4222 36 0 0 0x1 0 0 0 0x0 6 6 60 0x0 20 20 88 0x0  45 0
310 52 4238 16 0 0 0x1 0 0 0 0x0 3 3 41 0x1 20 20 87 0x0  16 0
312 187 4214 27 0 0 0x1 0 0 0 0x0 7 7 60 0x0 20 20 88 0x0  19 0
314 174 4203 31 0 0 0x1 0 0 0 0x0 4 4 51 0x1 20 20 88 0x0  49 0
316 198 4211 23 0 0 0x1 0 0 0 0x0 6 6 49 0x0 22 22 92 0x0  17 0
318 53 4241 35 0 0 0x1 0 0 0 0x0 6 6 64 0x0 20 20 88 0x0  56 0
320 122 4213 46 0 0 0x1 0 0 0 0x0 4 4 43 0x0 20 20 88 0x0  85 0
322 146 4224 28 0 0 0x1 0 0 0 0x0 6 6 61 0x0 18 18 80 0x1  22 0
324 100 4223 34 0 0 0x1 0 0 0 0x0 6 6 70 0x1 9 9 20 0x1  52 0
326 180 4205 23 0 0 0x1 0 0 0 0x0 4 4 30 0x0 10 10 22 0x1  39 0
328 52 4239 40 0 0 0x1 0 0 0 0x0 6 6 71 0x1 18 18 75 0x0  32 0
330 165 4204 30 0 0 0x1 0 0 0 0x0 4 4 40 0x1 20 20 88 0x0  19 0
332 206 4216 26 0 0 0x1 0 0 0 0x0 6 6 61 0x1 20 20 88 0x1  68 0
334 113 4219 29 0 0 0x1 0 0 0 0x0 7 7 60 0x0 19 19 62 0x0  31 0
336 173 4201 30 0 0 0x1 0 0 0 0x0 2 2 20 0x0 15 15 55 0x1  18 0
338 52 4233 32 0 0 0x1 0 0 0 0x0 6 6 71 0x1 18 18 63 0x1  55 0
340 225 4201 36 0 0 0x1 0 0 0 0x0 6 6 60 0x1 16 16 61 0x1  31 0
342 52 4234 30 0 0 0x1 0 0 0 0x0 4 4 41 0x1 19 19 79 0x0  7 0
344 205 4204 24 0 0 0x1 0 0 0 0x0 7 7 64 0x0 21 21 87 0x0  40 0
346 153 4205 22 0 0 0x1 0 0 0 0x0 4 3 43 0x0 20 20 88 0x0  13 0
348 149 4220 40 0 0 0x1 0 0 0 0x0 7 7 64 0x0 20 20 88 0x0  55 0
350 145 4221 24 0 0 0x1 0 0 0 0x0 6 6 64 0x0 20 20 87 0x0  52 0
352 53 4236 33 0 0 0x1 0 0 0 0x0 4 4 45 0x1 20 20 88 0x0  23 0
354 191 4209 23 0 0 0x1 0 0 0 0x0 8 8 58 0x0 20 20 88 0x0  23 0
356 266 4186 33 0 0 0x1 0 0 0 0x0 5 5 60 0x1 17 17 65 0x1  92 0
358 254 4191 31 0 0 0x1 0 0 0 0x0 6 6 42 0x0 9 9 16 0x0  11 0
360 52 4235 25 0 0 0x1 0 0 0 0x0 6 6 59 0x0 9 9 26 0x0  20 0
362 122 4211 44 0 0 0x1 0 0 0 0x0 5 5 41 0x0 20 20 92 0x1  52 0
364 151 4225 33 0 0 0x1 0 0 0 0x0 6 6 60 0x0 21 21 87 0x0  51 0
366 103 4236 29 0 0 0x1 0 0 0 0x0 6 6 74 0x1 20 20 87 0x0  23 0
368 186 4207 32 0 0 0x1 0 0 0 0x0 5 5 33 0x0 20 20 87 0x0  45 0
# window_from=2  # samples before this mark saw a lit panel
