# de-compare label=phosh screen=off uptime=251
# phoc=1 phosh=1 sway=0
# session procs: 6
# sessions: 2
# greetd_conf=/etc/phrog/greetd-config.toml exists=yes
# greetd_session=/usr/libexec/phrog-greetd-session systemd-cat phosh-session 
# backlight=/sys/class/backlight/1a94000.dsi.0 set=0 max=4095
# dpms=On
# charger online=0 status=Discharging
# start v=4030348 cap=83%
# settled, sampling 50 x 30s
861 -58441 3984414 83
891 -182342 3959111 83
921 -58136 3982662 83
951 -210113 3950742 83
981 -74920 3978770 83
1011 -237426 3942372 82
1041 -57067 3978964 82
1071 -80261 3968454 82
1101 -59967 3970206 82
1131 -57525 3971763 82
1161 -159301 3958333 82
1191 -65155 3967481 82
1221 -191345 3939453 82
1251 -80871 3967091 82
1281 -173034 3950547 82
1311 -72631 3966702 82
1341 -193939 3933419 82
1371 -63934 3964756 82
1401 -261841 3923298 82
1431 -172577 3936339 82
1461 -61645 3957359 82
1491 -157775 3945487 82
1522 -104827 3956581 82
1552 -214996 3917654 82
1582 -57983 3960863 82
1612 -268097 3924077 82
1642 -105438 3950158 82
1672 -198669 3929332 82
1702 -161895 3925050 82
1732 -58898 3954051 82
1762 -220489 3932641 82
1792 -58288 3952883 82
1822 -159301 3934392 82
1852 -111084 3945876 82
1882 -190277 3926218 82
1912 -103912 3942567 81
1942 -242004 3918237 81
1972 -58288 3950742 81
2002 -58288 3941983 81
2032 -297546 3903834 81
2062 -58288 3946071 81
2092 -207367 3921936 81
2122 -70800 3946071 81
2152 -58288 3941205 81
2182 -113830 3941205 81
2212 -57830 3939064 81
2242 -111236 3928359 81
2272 -120544 3928942 81
2302 -185241 3918043 81
2332 -61492 3940815 81
# end v=3907143 cap=81%
# charger restored online=1
# DONE
