# disp-probe-20260819 start uptime=2641 boot_id=f995bc37-4956-4743-a0c8-19beeaadbe4e
# forced dpms on for the baseline -> On
# charger online=0 batt=Discharging v=3986944 cap=82%
# === P0 baseline ===
# --- phase P0 settling 120s ---
# phase P0 sampling 36 x 20s
P0 2781 -94757 3952299 81 p0cur=1420800 p4cur=633600 p0trans=34647 p4trans=42491 p0tis=[614400 260762,844800 3649,1036800 1870,1228800 6991,1420800 1952,1612800 745,1804800 2148,] p4tis=[633600 245511,844800 3251,1036800 1542,1228800 5023,1420800 1583,1612800 1063,1804800 20145,] dpms=On bl=0
P0 2801 -214996 3924466 81 p0cur=844800 p4cur=1228800 p0trans=34914 p4trans=42928 p0tis=[614400 262636,844800 3686,1036800 1885,1228800 7038,1420800 1972,1612800 754,1804800 2151,] p4tis=[633600 247301,844800 3266,1036800 1555,1228800 5065,1420800 1590,1612800 1066,1804800 20279,] dpms=On bl=0
P0 2821 -276642 3917459 81 p0cur=614400 p4cur=633600 p0trans=35218 p4trans=43370 p0tis=[614400 264479,844800 3730,1036800 1906,1228800 7097,1420800 2000,1612800 761,1804800 2155,] p4tis=[633600 249070,844800 3283,1036800 1569,1228800 5097,1420800 1601,1612800 1070,1804800 20437,] dpms=On bl=0
P0 2841 -96740 3949963 81 p0cur=1228800 p4cur=1228800 p0trans=35472 p4trans=43796 p0tis=[614400 266364,844800 3758,1036800 1915,1228800 7149,1420800 2021,1612800 767,1804800 2157,] p4tis=[633600 250839,844800 3303,1036800 1578,1228800 5129,1420800 1610,1612800 1074,1804800 20598,] dpms=On bl=0
P0 2861 -203094 3916096 81 p0cur=844800 p4cur=1228800 p0trans=35770 p4trans=44253 p0tis=[614400 268236,844800 3789,1036800 1923,1228800 7207,1420800 2044,1612800 778,1804800 2161,] p4tis=[633600 252572,844800 3322,1036800 1594,1228800 5170,1420800 1616,1612800 1075,1804800 20789,] dpms=On bl=0
P0 2881 -287323 3902472 81 p0cur=1228800 p4cur=633600 p0trans=36105 p4trans=44751 p0tis=[614400 270075,844800 3819,1036800 1947,1228800 7266,1420800 2072,1612800 789,1804800 2174,] p4tis=[633600 254325,844800 3340,1036800 1604,1228800 5210,1420800 1628,1612800 1081,1804800 20954,] dpms=On bl=0
P0 2901 -87280 3947238 81 p0cur=844800 p4cur=633600 p0trans=36378 p4trans=45198 p0tis=[614400 271969,844800 3841,1036800 1961,1228800 7316,1420800 2090,1612800 795,1804800 2175,] p4tis=[633600 256096,844800 3359,1036800 1613,1228800 5242,1420800 1638,1612800 1087,1804800 21112,] dpms=On bl=0
P0 2921 -89721 3938480 81 p0cur=844800 p4cur=633600 p0trans=36698 p4trans=45619 p0tis=[614400 273818,844800 3887,1036800 1985,1228800 7369,1420800 2112,1612800 803,1804800 2180,] p4tis=[633600 257899,844800 3372,1036800 1623,1228800 5280,1420800 1645,1612800 1090,1804800 21247,] dpms=On bl=0
P0 2941 -263214 3915513 81 p0cur=1420800 p4cur=633600 p0trans=36971 p4trans=46060 p0tis=[614400 275680,844800 3930,1036800 2002,1228800 7425,1420800 2132,1612800 808,1804800 2181,] p4tis=[633600 259671,844800 3386,1036800 1632,1228800 5316,1420800 1657,1612800 1096,1804800 21400,] dpms=On bl=0
P0 2961 -85296 3941983 81 p0cur=614400 p4cur=633600 p0trans=37285 p4trans=46492 p0tis=[614400 277529,844800 3968,1036800 2027,1228800 7492,1420800 2152,1612800 814,1804800 2182,] p4tis=[633600 261480,844800 3404,1036800 1638,1228800 5348,1420800 1664,1612800 1099,1804800 21530,] dpms=On bl=0
P0 2981 -83465 3934198 81 p0cur=614400 p4cur=633600 p0trans=37583 p4trans=46956 p0tis=[614400 279415,844800 3989,1036800 2035,1228800 7548,1420800 2175,1612800 822,1804800 2185,] p4tis=[633600 263221,844800 3425,1036800 1650,1228800 5388,1420800 1673,1612800 1101,1804800 21711,] dpms=On bl=0
P0 3002 -266571 3885538 81 p0cur=614400 p4cur=633600 p0trans=37892 p4trans=47368 p0tis=[614400 281278,844800 4023,1036800 2057,1228800 7601,1420800 2196,1612800 829,1804800 2191,] p4tis=[633600 265064,844800 3440,1036800 1656,1228800 5421,1420800 1682,1612800 1104,1804800 21807,] dpms=On bl=0
P0 3022 -124664 3931473 81 p0cur=844800 p4cur=633600 p0trans=38156 p4trans=47809 p0tis=[614400 283169,844800 4044,1036800 2073,1228800 7658,1420800 2212,1612800 834,1804800 2191,] p4tis=[633600 266852,844800 3464,1036800 1665,1228800 5461,1420800 1694,1612800 1108,1804800 21938,] dpms=On bl=0
P0 3042 -88348 3933419 81 p0cur=1228800 p4cur=633600 p0trans=38445 p4trans=48249 p0tis=[614400 285038,844800 4073,1036800 2089,1228800 7722,1420800 2227,1612800 842,1804800 2196,] p4tis=[633600 268647,844800 3481,1036800 1676,1228800 5498,1420800 1698,1612800 1112,1804800 22075,] dpms=On bl=0
P0 3062 -207367 3896633 81 p0cur=614400 p4cur=633600 p0trans=38747 p4trans=48711 p0tis=[614400 286913,844800 4104,1036800 2100,1228800 7782,1420800 2244,1612800 847,1804800 2202,] p4tis=[633600 270397,844800 3492,1036800 1689,1228800 5540,1420800 1717,1612800 1118,1804800 22240,] dpms=On bl=0
P0 3082 -87890 3933614 81 p0cur=844800 p4cur=633600 p0trans=39025 p4trans=49208 p0tis=[614400 288754,844800 4159,1036800 2120,1228800 7846,1420800 2261,1612800 854,1804800 2203,] p4tis=[633600 272062,844800 3511,1036800 1703,1228800 5576,1420800 1734,1612800 1128,1804800 22485,] dpms=On bl=0
P0 3102 -145111 3923687 81 p0cur=1228800 p4cur=633600 p0trans=39352 p4trans=49636 p0tis=[614400 290600,844800 4202,1036800 2142,1228800 7909,1420800 2282,1612800 862,1804800 2208,] p4tis=[633600 273809,844800 3527,1036800 1711,1228800 5611,1420800 1738,1612800 1132,1804800 22676,] dpms=On bl=0
P0 3122 -279236 3885344 81 p0cur=1228800 p4cur=633600 p0trans=39623 p4trans=50077 p0tis=[614400 292475,844800 4234,1036800 2158,1228800 7961,1420800 2297,1612800 868,1804800 2215,] p4tis=[633600 275616,844800 3540,1036800 1724,1228800 5648,1420800 1746,1612800 1135,1804800 22800,] dpms=On bl=0
P0 3142 -258026 3871330 81 p0cur=844800 p4cur=1228800 p0trans=39924 p4trans=50526 p0tis=[614400 294320,844800 4280,1036800 2183,1228800 8023,1420800 2319,1612800 874,1804800 2217,] p4tis=[633600 277401,844800 3554,1036800 1741,1228800 5682,1420800 1759,1612800 1142,1804800 22937,] dpms=On bl=0
P0 3162 -154419 3923882 81 p0cur=844800 p4cur=1228800 p0trans=40213 p4trans=50990 p0tis=[614400 296158,844800 4335,1036800 2205,1228800 8087,1420800 2335,1612800 882,1804800 2220,] p4tis=[633600 279141,844800 3572,1036800 1753,1228800 5717,1420800 1766,1612800 1144,1804800 23130,] dpms=On bl=0
P0 3182 -186004 3903834 81 p0cur=1228800 p4cur=633600 p0trans=40483 p4trans=51442 p0tis=[614400 298033,844800 4376,1036800 2221,1228800 8139,1420800 2349,1612800 889,1804800 2220,] p4tis=[633600 280911,844800 3593,1036800 1766,1228800 5755,1420800 1777,1612800 1147,1804800 23280,] dpms=On bl=0
P0 3202 -287628 3887874 81 p0cur=844800 p4cur=633600 p0trans=40782 p4trans=51892 p0tis=[614400 299886,844800 4421,1036800 2238,1228800 8199,1420800 2372,1612800 897,1804800 2221,] p4tis=[633600 282704,844800 3610,1036800 1774,1228800 5796,1420800 1789,1612800 1154,1804800 23408,] dpms=On bl=0
P0 3222 -137481 3907143 81 p0cur=614400 p4cur=633600 p0trans=41062 p4trans=52306 p0tis=[614400 301777,844800 4442,1036800 2251,1228800 8249,1420800 2391,1612800 905,1804800 2223,] p4tis=[633600 284496,844800 3633,1036800 1782,1228800 5827,1420800 1799,1612800 1156,1804800 23547,] dpms=On bl=0
P0 3242 -222778 3894881 81 p0cur=614400 p4cur=633600 p0trans=41384 p4trans=52771 p0tis=[614400 303657,844800 4475,1036800 2264,1228800 8301,1420800 2406,1612800 910,1804800 2232,] p4tis=[633600 286262,844800 3655,1036800 1795,1228800 5865,1420800 1812,1612800 1165,1804800 23692,] dpms=On bl=0
P0 3262 -173645 3911620 81 p0cur=1228800 p4cur=633600 p0trans=41684 p4trans=53237 p0tis=[614400 305533,844800 4501,1036800 2275,1228800 8366,1420800 2422,1612800 916,1804800 2235,] p4tis=[633600 288031,844800 3676,1036800 1803,1228800 5904,1420800 1823,1612800 1170,1804800 23843,] dpms=On bl=0
P0 3282 -206298 3888069 81 p0cur=1228800 p4cur=633600 p0trans=41970 p4trans=53697 p0tis=[614400 307385,844800 4549,1036800 2292,1228800 8430,1420800 2439,1612800 922,1804800 2238,] p4tis=[633600 289798,844800 3699,1036800 1813,1228800 5942,1420800 1831,1612800 1180,1804800 23992,] dpms=On bl=0
P0 3302 -245208 3893324 81 p0cur=1420800 p4cur=1228800 p0trans=42243 p4trans=54137 p0tis=[614400 309249,844800 4591,1036800 2315,1228800 8477,1420800 2459,1612800 929,1804800 2239,] p4tis=[633600 291579,844800 3716,1036800 1821,1228800 5975,1420800 1839,1612800 1184,1804800 24145,] dpms=On bl=0
P0 3322 -86364 3923493 81 p0cur=844800 p4cur=1228800 p0trans=42512 p4trans=54522 p0tis=[614400 311134,844800 4621,1036800 2330,1228800 8520,1420800 2479,1612800 938,1804800 2243,] p4tis=[633600 293428,844800 3732,1036800 1831,1228800 6010,1420800 1848,1612800 1188,1804800 24228,] dpms=On bl=0
P0 3342 -90026 3911425 80 p0cur=844800 p4cur=633600 p0trans=42808 p4trans=54963 p0tis=[614400 313001,844800 4655,1036800 2347,1228800 8576,1420800 2501,1612800 947,1804800 2245,] p4tis=[633600 295248,844800 3750,1036800 1842,1228800 6045,1420800 1857,1612800 1190,1804800 24340,] dpms=On bl=0
P0 3363 -194397 3889626 80 p0cur=614400 p4cur=1228800 p0trans=43068 p4trans=55392 p0tis=[614400 314870,844800 4692,1036800 2362,1228800 8636,1420800 2513,1612800 951,1804800 2252,] p4tis=[633600 297036,844800 3771,1036800 1851,1228800 6079,1420800 1869,1612800 1192,1804800 24478,] dpms=On bl=0
P0 3383 -228424 3893908 80 p0cur=1420800 p4cur=633600 p0trans=43369 p4trans=55801 p0tis=[614400 316725,844800 4722,1036800 2391,1228800 8694,1420800 2537,1612800 960,1804800 2253,] p4tis=[633600 298888,844800 3788,1036800 1859,1228800 6110,1420800 1877,1612800 1199,1804800 24562,] dpms=On bl=0
P0 3403 -129242 3914734 80 p0cur=1228800 p4cur=1228800 p0trans=43661 p4trans=56279 p0tis=[614400 318589,844800 4759,1036800 2409,1228800 8750,1420800 2558,1612800 967,1804800 2256,] p4tis=[633600 300617,844800 3806,1036800 1870,1228800 6151,1420800 1887,1612800 1206,1804800 24751,] dpms=On bl=0
P0 3423 -339813 3866464 80 p0cur=614400 p4cur=633600 p0trans=43952 p4trans=56757 p0tis=[614400 320443,844800 4809,1036800 2422,1228800 8802,1420800 2578,1612800 973,1804800 2265,] p4tis=[633600 302335,844800 3822,1036800 1884,1228800 6189,1420800 1903,1612800 1208,1804800 24952,] dpms=On bl=0
P0 3443 -86975 3909868 80 p0cur=614400 p4cur=844800 p0trans=44270 p4trans=57198 p0tis=[614400 322299,844800 4850,1036800 2438,1228800 8859,1420800 2604,1612800 982,1804800 2265,] p4tis=[633600 304104,844800 3837,1036800 1894,1228800 6220,1420800 1911,1612800 1211,1804800 25122,] dpms=On bl=0
P0 3463 -285644 3874055 80 p0cur=614400 p4cur=633600 p0trans=44561 p4trans=57658 p0tis=[614400 324150,844800 4891,1036800 2452,1228800 8930,1420800 2622,1612800 991,1804800 2267,] p4tis=[633600 305873,844800 3856,1036800 1903,1228800 6254,1420800 1922,1612800 1216,1804800 25279,] dpms=On bl=0
P0 3483 -212097 3877364 80 p0cur=614400 p4cur=633600 p0trans=44845 p4trans=58069 p0tis=[614400 326025,844800 4926,1036800 2461,1228800 8989,1420800 2639,1612800 999,1804800 2269,] p4tis=[633600 307685,844800 3874,1036800 1911,1228800 6285,1420800 1931,1612800 1222,1804800 25399,] dpms=On bl=0
# phase P0 done
# === P1 cut: display ===
#   dpms -> Off
# --- phase P1 settling 120s ---
# phase P1 sampling 36 x 20s
P1 3623 -234375 3894102 80 p0cur=614400 p4cur=633600 p0trans=46771 p4trans=59907 p0tis=[614400 339093,844800 5136,1036800 2564,1228800 9384,1420800 2777,1612800 1058,1804800 2319,] p4tis=[633600 320426,844800 3988,1036800 1979,1228800 6526,1420800 2002,1612800 1242,1804800 26167,] dpms=Off bl=0
P1 3643 -213623 3889820 80 p0cur=1228800 p4cur=633600 p0trans=47061 p4trans=60188 p0tis=[614400 340954,844800 5177,1036800 2587,1228800 9441,1420800 2796,1612800 1063,1804800 2320,] p4tis=[633600 322202,844800 4014,1036800 1986,1228800 6560,1420800 2011,1612800 1246,1804800 26317,] dpms=Off bl=0
P1 3663 -259552 3891572 80 p0cur=614400 p4cur=633600 p0trans=47363 p4trans=60394 p0tis=[614400 342790,844800 5236,1036800 2614,1228800 9494,1420800 2816,1612800 1070,1804800 2323,] p4tis=[633600 324095,844800 4027,1036800 1992,1228800 6595,1420800 2020,1612800 1249,1804800 26363,] dpms=Off bl=0
P1 3683 -190887 3889042 80 p0cur=1228800 p4cur=1228800 p0trans=47627 p4trans=60661 p0tis=[614400 344674,844800 5267,1036800 2627,1228800 9547,1420800 2831,1612800 1077,1804800 2324,] p4tis=[633600 325897,844800 4051,1036800 2005,1228800 6639,1420800 2031,1612800 1256,1804800 26468,] dpms=Off bl=0
P1 3703 -110778 3919600 80 p0cur=1228800 p4cur=633600 p0trans=47928 p4trans=60921 p0tis=[614400 346520,844800 5317,1036800 2647,1228800 9607,1420800 2852,1612800 1083,1804800 2326,] p4tis=[633600 327710,844800 4058,1036800 2012,1228800 6685,1420800 2042,1612800 1261,1804800 26585,] dpms=Off bl=0
P1 3723 -58441 3922519 80 p0cur=1228800 p4cur=633600 p0trans=48223 p4trans=61156 p0tis=[614400 348379,844800 5353,1036800 2670,1228800 9663,1420800 2877,1612800 1089,1804800 2328,] p4tis=[633600 329462,844800 4070,1036800 2016,1228800 6723,1420800 2053,1612800 1266,1804800 26771,] dpms=Off bl=0
P1 3743 -185241 3892935 80 p0cur=844800 p4cur=633600 p0trans=48480 p4trans=61412 p0tis=[614400 350274,844800 5378,1036800 2678,1228800 9715,1420800 2893,1612800 1096,1804800 2331,] p4tis=[633600 331204,844800 4089,1036800 2027,1228800 6761,1420800 2061,1612800 1271,1804800 26952,] dpms=Off bl=0
P1 3763 -65460 3907143 80 p0cur=1228800 p4cur=633600 p0trans=48781 p4trans=61670 p0tis=[614400 352146,844800 5405,1036800 2690,1228800 9778,1420800 2915,1612800 1105,1804800 2332,] p4tis=[633600 332930,844800 4108,1036800 2035,1228800 6799,1420800 2071,1612800 1274,1804800 27152,] dpms=Off bl=0
P1 3784 -84075 3919405 80 p0cur=614400 p4cur=633600 p0trans=49109 p4trans=61932 p0tis=[614400 353988,844800 5455,1036800 2706,1228800 9836,1420800 2936,1612800 1112,1804800 2343,] p4tis=[633600 334734,844800 4147,1036800 2043,1228800 6841,1420800 2086,1612800 1279,1804800 27246,] dpms=Off bl=0
P1 3804 -266723 3887096 80 p0cur=614400 p4cur=633600 p0trans=49394 p4trans=62200 p0tis=[614400 355865,844800 5482,1036800 2724,1228800 9898,1420800 2954,1612800 1116,1804800 2343,] p4tis=[633600 336453,844800 4173,1036800 2052,1228800 6883,1420800 2097,1612800 1281,1804800 27443,] dpms=Off bl=0
P1 3824 -59814 3915902 80 p0cur=614400 p4cur=633600 p0trans=49675 p4trans=62461 p0tis=[614400 357740,844800 5515,1036800 2735,1228800 9951,1420800 2978,1612800 1123,1804800 2345,] p4tis=[633600 338256,844800 4194,1036800 2064,1228800 6932,1420800 2104,1612800 1283,1804800 27555,] dpms=Off bl=0
P1 3844 -67443 3898968 80 p0cur=614400 p4cur=633600 p0trans=49967 p4trans=62667 p0tis=[614400 359608,844800 5553,1036800 2746,1228800 10009,1420800 2998,1612800 1130,1804800 2347,] p4tis=[633600 340117,844800 4201,1036800 2068,1228800 6968,1420800 2117,1612800 1288,1804800 27634,] dpms=Off bl=0
P1 3864 -376434 3849531 80 p0cur=1228800 p4cur=633600 p0trans=50267 p4trans=62941 p0tis=[614400 361469,844800 5586,1036800 2767,1228800 10070,1420800 3018,1612800 1139,1804800 2348,] p4tis=[633600 341829,844800 4220,1036800 2078,1228800 7008,1420800 2128,1612800 1292,1804800 27843,] dpms=Off bl=0
P1 3884 -114441 3910647 80 p0cur=614400 p4cur=633600 p0trans=50564 p4trans=63197 p0tis=[614400 363328,844800 5621,1036800 2800,1228800 10125,1420800 3037,1612800 1144,1804800 2348,] p4tis=[633600 343593,844800 4235,1036800 2088,1228800 7050,1420800 2138,1612800 1295,1804800 28004,] dpms=Off bl=0
P1 3904 -143585 3906754 80 p0cur=614400 p4cur=1228800 p0trans=50837 p4trans=63441 p0tis=[614400 365214,844800 5649,1036800 2815,1228800 10175,1420800 3057,1612800 1149,1804800 2350,] p4tis=[633600 345387,844800 4247,1036800 2100,1228800 7085,1420800 2148,1612800 1298,1804800 28145,] dpms=Off bl=0
P1 3924 -96283 3921352 80 p0cur=844800 p4cur=633600 p0trans=51087 p4trans=63660 p0tis=[614400 367101,844800 5677,1036800 2828,1228800 10230,1420800 3074,1612800 1154,1804800 2351,] p4tis=[633600 347210,844800 4267,1036800 2110,1228800 7124,1420800 2158,1612800 1304,1804800 28243,] dpms=Off bl=0
P1 3944 -176849 3898774 80 p0cur=614400 p4cur=633600 p0trans=51368 p4trans=63960 p0tis=[614400 368975,844800 5703,1036800 2843,1228800 10288,1420800 3097,1612800 1164,1804800 2352,] p4tis=[633600 348874,844800 4286,1036800 2122,1228800 7157,1420800 2165,1612800 1311,1804800 28506,] dpms=Off bl=0
P1 3964 -253143 3883981 80 p0cur=614400 p4cur=633600 p0trans=51667 p4trans=64243 p0tis=[614400 370850,844800 5722,1036800 2858,1228800 10333,1420800 3120,1612800 1174,1804800 2367,] p4tis=[633600 350625,844800 4310,1036800 2134,1228800 7201,1420800 2172,1612800 1312,1804800 28671,] dpms=Off bl=0
P1 3984 -218353 3882035 80 p0cur=614400 p4cur=633600 p0trans=51934 p4trans=64487 p0tis=[614400 372716,844800 5761,1036800 2873,1228800 10397,1420800 3134,1612800 1182,1804800 2367,] p4tis=[633600 352387,844800 4329,1036800 2144,1228800 7238,1420800 2185,1612800 1316,1804800 28830,] dpms=Off bl=0
P1 4004 -150909 3901304 80 p0cur=614400 p4cur=633600 p0trans=52222 p4trans=64756 p0tis=[614400 374591,844800 5788,1036800 2883,1228800 10460,1420800 3152,1612800 1193,1804800 2368,] p4tis=[633600 354148,844800 4347,1036800 2152,1228800 7278,1420800 2195,1612800 1320,1804800 28994,] dpms=Off bl=0
P1 4024 -67596 3908700 80 p0cur=614400 p4cur=633600 p0trans=52490 p4trans=64978 p0tis=[614400 376482,844800 5813,1036800 2896,1228800 10509,1420800 3171,1612800 1198,1804800 2370,] p4tis=[633600 356008,844800 4362,1036800 2166,1228800 7317,1420800 2205,1612800 1323,1804800 29059,] dpms=Off bl=0
P1 4044 -196228 3890599 79 p0cur=1228800 p4cur=1228800 p0trans=52759 p4trans=65225 p0tis=[614400 378342,844800 5852,1036800 2917,1228800 10558,1420800 3190,1612800 1205,1804800 2380,] p4tis=[633600 357833,844800 4375,1036800 2178,1228800 7358,1420800 2221,1612800 1327,1804800 29154,] dpms=Off bl=0
P1 4064 -236969 3884176 79 p0cur=844800 p4cur=633600 p0trans=53066 p4trans=65496 p0tis=[614400 380217,844800 5885,1036800 2934,1228800 10605,1420800 3211,1612800 1214,1804800 2383,] p4tis=[633600 359626,844800 4391,1036800 2187,1228800 7400,1420800 2229,1612800 1330,1804800 29286,] dpms=Off bl=0
P1 4084 -114898 3902277 79 p0cur=1036800 p4cur=633600 p0trans=53315 p4trans=65733 p0tis=[614400 382120,844800 5905,1036800 2948,1228800 10647,1420800 3227,1612800 1220,1804800 2387,] p4tis=[633600 361420,844800 4409,1036800 2202,1228800 7437,1420800 2236,1612800 1333,1804800 29419,] dpms=Off bl=0
P1 4104 -180511 3886317 79 p0cur=1228800 p4cur=633600 p0trans=53618 p4trans=65974 p0tis=[614400 383983,844800 5947,1036800 2970,1228800 10694,1420800 3250,1612800 1228,1804800 2389,] p4tis=[633600 363226,844800 4420,1036800 2212,1228800 7473,1420800 2249,1612800 1339,1804800 29543,] dpms=Off bl=0
P1 4124 -194244 3883592 79 p0cur=844800 p4cur=633600 p0trans=53946 p4trans=66202 p0tis=[614400 385820,844800 5999,1036800 2987,1228800 10756,1420800 3275,1612800 1235,1804800 2396,] p4tis=[633600 365105,844800 4425,1036800 2218,1228800 7512,1420800 2258,1612800 1342,1804800 29608,] dpms=Off bl=0
P1 4145 -97045 3902666 79 p0cur=614400 p4cur=633600 p0trans=54271 p4trans=66469 p0tis=[614400 387676,844800 6023,1036800 2997,1228800 10816,1420800 3299,1612800 1251,1804800 2412,] p4tis=[633600 366900,844800 4447,1036800 2230,1228800 7546,1420800 2266,1612800 1345,1804800 29741,] dpms=Off bl=0
P1 4165 -84838 3908700 79 p0cur=614400 p4cur=1228800 p0trans=54580 p4trans=66697 p0tis=[614400 389544,844800 6056,1036800 3017,1228800 10868,1420800 3320,1612800 1261,1804800 2414,] p4tis=[633600 368792,844800 4468,1036800 2239,1228800 7580,1420800 2270,1612800 1347,1804800 29785,] dpms=Off bl=0
P1 4185 -167846 3878531 79 p0cur=1228800 p4cur=633600 p0trans=54833 p4trans=66977 p0tis=[614400 391393,844800 6115,1036800 3028,1228800 10920,1420800 3345,1612800 1268,1804800 2417,] p4tis=[633600 370621,844800 4495,1036800 2255,1228800 7620,1420800 2281,1612800 1350,1804800 29863,] dpms=Off bl=0
P1 4205 -190582 3898579 79 p0cur=614400 p4cur=633600 p0trans=55115 p4trans=67200 p0tis=[614400 393260,844800 6147,1036800 3045,1228800 10983,1420800 3360,1612800 1276,1804800 2421,] p4tis=[633600 372475,844800 4510,1036800 2263,1228800 7657,1420800 2290,1612800 1354,1804800 29943,] dpms=Off bl=0
P1 4225 -57830 3913955 79 p0cur=844800 p4cur=633600 p0trans=55408 p4trans=67446 p0tis=[614400 395125,844800 6191,1036800 3062,1228800 11035,1420800 3380,1612800 1283,1804800 2421,] p4tis=[633600 374265,844800 4520,1036800 2272,1228800 7686,1420800 2300,1612800 1357,1804800 30097,] dpms=Off bl=0
P1 4245 -59204 3910647 79 p0cur=614400 p4cur=1228800 p0trans=55702 p4trans=67730 p0tis=[614400 396980,844800 6242,1036800 3083,1228800 11091,1420800 3397,1612800 1288,1804800 2422,] p4tis=[633600 376074,844800 4539,1036800 2280,1228800 7720,1420800 2313,1612800 1364,1804800 30213,] dpms=Off bl=0
P1 4265 -378876 3855954 79 p0cur=614400 p4cur=633600 p0trans=55983 p4trans=68000 p0tis=[614400 398857,844800 6271,1036800 3104,1228800 11143,1420800 3417,1612800 1293,1804800 2423,] p4tis=[633600 377871,844800 4562,1036800 2291,1228800 7755,1420800 2321,1612800 1366,1804800 30343,] dpms=Off bl=0
P1 4285 -72021 3912982 79 p0cur=614400 p4cur=633600 p0trans=56254 p4trans=68230 p0tis=[614400 400736,844800 6308,1036800 3125,1228800 11195,1420800 3431,1612800 1298,1804800 2424,] p4tis=[633600 379706,844800 4574,1036800 2297,1228800 7789,1420800 2331,1612800 1371,1804800 30448,] dpms=Off bl=0
P1 4305 -81481 3908116 79 p0cur=844800 p4cur=1228800 p0trans=56529 p4trans=68547 p0tis=[614400 402609,844800 6346,1036800 3143,1228800 11247,1420800 3449,1612800 1302,1804800 2424,] p4tis=[633600 381526,844800 4605,1036800 2318,1228800 7831,1420800 2343,1612800 1376,1804800 30522,] dpms=Off bl=0
P1 4325 -171814 3876196 79 p0cur=844800 p4cur=633600 p0trans=56852 p4trans=68850 p0tis=[614400 404474,844800 6379,1036800 3155,1228800 11299,1420800 3465,1612800 1311,1804800 2444,] p4tis=[633600 383257,844800 4630,1036800 2330,1228800 7865,1420800 2361,1612800 1378,1804800 30707,] dpms=Off bl=0
# phase P1 done
# === P2 restored - the control ===
#   dpms -> On
# --- phase P2 settling 120s ---
# phase P2 sampling 36 x 20s
P2 4486 -162048 3877364 79 p0cur=844800 p4cur=633600 p0trans=59002 p4trans=72174 p0tis=[614400 419456,844800 6676,1036800 3296,1228800 11757,1420800 3600,1612800 1370,1804800 2463,] p4tis=[633600 397640,844800 4783,1036800 2422,1228800 8137,1420800 2439,1612800 1409,1804800 31788,] dpms=On bl=0
P2 4506 -212860 3886901 79 p0cur=614400 p4cur=633600 p0trans=59354 p4trans=72642 p0tis=[614400 421304,844800 6706,1036800 3311,1228800 11811,1420800 3628,1612800 1381,1804800 2483,] p4tis=[633600 399404,844800 4803,1036800 2434,1228800 8181,1420800 2457,1612800 1413,1804800 31931,] dpms=On bl=0
P2 4526 -99792 3888069 79 p0cur=844800 p4cur=844800 p0trans=59630 p4trans=73066 p0tis=[614400 423182,844800 6735,1036800 3327,1228800 11870,1420800 3645,1612800 1389,1804800 2483,] p4tis=[633600 401190,844800 4822,1036800 2442,1228800 8215,1420800 2469,1612800 1417,1804800 32075,] dpms=On bl=0
P2 4546 -275726 3859262 79 p0cur=614400 p4cur=1804800 p0trans=59907 p4trans=73521 p0tis=[614400 425053,844800 6766,1036800 3347,1228800 11925,1420800 3665,1612800 1395,1804800 2485,] p4tis=[633600 402951,844800 4840,1036800 2453,1228800 8249,1420800 2476,1612800 1420,1804800 32246,] dpms=On bl=0
P2 4566 -259857 3867437 79 p0cur=1228800 p4cur=633600 p0trans=60205 p4trans=73941 p0tis=[614400 426925,844800 6793,1036800 3367,1228800 11980,1420800 3689,1612800 1401,1804800 2487,] p4tis=[633600 404735,844800 4855,1036800 2460,1228800 8282,1420800 2490,1612800 1427,1804800 32392,] dpms=On bl=0
P2 4586 -126342 3885344 79 p0cur=1228800 p4cur=633600 p0trans=60453 p4trans=74361 p0tis=[614400 428788,844800 6827,1036800 3400,1228800 12034,1420800 3704,1612800 1407,1804800 2487,] p4tis=[633600 406562,844800 4879,1036800 2473,1228800 8319,1420800 2499,1612800 1430,1804800 32485,] dpms=On bl=0
P2 4606 -85144 3889042 79 p0cur=614400 p4cur=633600 p0trans=60772 p4trans=74793 p0tis=[614400 430640,844800 6865,1036800 3421,1228800 12092,1420800 3729,1612800 1417,1804800 2489,] p4tis=[633600 408326,844800 4892,1036800 2480,1228800 8354,1420800 2506,1612800 1433,1804800 32662,] dpms=On bl=0
P2 4626 -227356 3863739 79 p0cur=614400 p4cur=844800 p0trans=61049 p4trans=75217 p0tis=[614400 432504,844800 6906,1036800 3434,1228800 12157,1420800 3744,1612800 1423,1804800 2490,] p4tis=[633600 410136,844800 4908,1036800 2487,1228800 8389,1420800 2518,1612800 1438,1804800 32783,] dpms=On bl=0
P2 4646 -93231 3892545 79 p0cur=1228800 p4cur=633600 p0trans=61309 p4trans=75656 p0tis=[614400 434386,844800 6926,1036800 3444,1228800 12213,1420800 3771,1612800 1431,1804800 2493,] p4tis=[633600 411911,844800 4925,1036800 2498,1228800 8419,1420800 2523,1612800 1442,1804800 32946,] dpms=On bl=0
P2 4666 -116119 3879505 79 p0cur=614400 p4cur=633600 p0trans=61584 p4trans=76133 p0tis=[614400 436272,844800 6955,1036800 3464,1228800 12261,1420800 3785,1612800 1436,1804800 2495,] p4tis=[633600 413673,844800 4955,1036800 2511,1228800 8465,1420800 2539,1612800 1447,1804800 33078,] dpms=On bl=0
P2 4687 -274505 3844859 79 p0cur=614400 p4cur=633600 p0trans=61880 p4trans=76630 p0tis=[614400 438142,844800 6984,1036800 3479,1228800 12320,1420800 3800,1612800 1442,1804800 2507,] p4tis=[633600 415378,844800 4985,1036800 2529,1228800 8513,1420800 2553,1612800 1451,1804800 33265,] dpms=On bl=0
P2 4707 -89721 3884371 79 p0cur=614400 p4cur=633600 p0trans=62185 p4trans=77023 p0tis=[614400 439986,844800 7035,1036800 3499,1228800 12378,1420800 3820,1612800 1452,1804800 2511,] p4tis=[633600 417192,844800 4999,1036800 2538,1228800 8543,1420800 2562,1612800 1455,1804800 33391,] dpms=On bl=0
P2 4727 -110015 3887290 79 p0cur=614400 p4cur=633600 p0trans=62468 p4trans=77465 p0tis=[614400 441827,844800 7072,1036800 3535,1228800 12439,1420800 3842,1612800 1458,1804800 2513,] p4tis=[633600 418961,844800 5022,1036800 2548,1228800 8584,1420800 2573,1612800 1459,1804800 33539,] dpms=On bl=0
P2 4747 -264740 3848752 78 p0cur=614400 p4cur=633600 p0trans=62756 p4trans=77893 p0tis=[614400 443684,844800 7110,1036800 3567,1228800 12489,1420800 3861,1612800 1465,1804800 2516,] p4tis=[633600 420770,844800 5040,1036800 2556,1228800 8614,1420800 2582,1612800 1463,1804800 33668,] dpms=On bl=0
P2 4767 -164489 3873082 78 p0cur=614400 p4cur=633600 p0trans=63029 p4trans=78360 p0tis=[614400 445561,844800 7135,1036800 3583,1228800 12543,1420800 3883,1612800 1474,1804800 2518,] p4tis=[633600 422577,844800 5068,1036800 2573,1228800 8648,1420800 2590,1612800 1467,1804800 33774,] dpms=On bl=0
P2 4787 -89569 3885733 78 p0cur=844800 p4cur=633600 p0trans=63315 p4trans=78782 p0tis=[614400 447418,844800 7172,1036800 3596,1228800 12606,1420800 3901,1612800 1485,1804800 2524,] p4tis=[633600 424409,844800 5086,1036800 2580,1228800 8681,1420800 2599,1612800 1471,1804800 33876,] dpms=On bl=0
P2 4807 -265960 3854202 78 p0cur=614400 p4cur=633600 p0trans=63604 p4trans=79192 p0tis=[614400 449284,844800 7210,1036800 3613,1228800 12665,1420800 3919,1612800 1492,1804800 2525,] p4tis=[633600 426219,844800 5105,1036800 2588,1228800 8716,1420800 2607,1612800 1475,1804800 33999,] dpms=On bl=0
P2 4827 -135040 3871914 78 p0cur=614400 p4cur=844800 p0trans=63855 p4trans=79592 p0tis=[614400 451155,844800 7249,1036800 3626,1228800 12730,1420800 3930,1612800 1498,1804800 2526,] p4tis=[633600 428038,844800 5128,1036800 2596,1228800 8750,1420800 2618,1612800 1480,1804800 34103,] dpms=On bl=0
P2 4847 -102081 3882230 78 p0cur=844800 p4cur=633600 p0trans=64157 p4trans=80032 p0tis=[614400 453024,844800 7278,1036800 3652,1228800 12785,1420800 3951,1612800 1504,1804800 2526,] p4tis=[633600 429809,844800 5141,1036800 2603,1228800 8788,1420800 2628,1612800 1484,1804800 34267,] dpms=On bl=0
P2 4867 -235748 3856927 78 p0cur=844800 p4cur=633600 p0trans=64458 p4trans=80508 p0tis=[614400 454897,844800 7318,1036800 3664,1228800 12835,1420800 3968,1612800 1510,1804800 2534,] p4tis=[633600 431554,844800 5164,1036800 2614,1228800 8831,1420800 2638,1612800 1487,1804800 34438,] dpms=On bl=0
P2 4887 -435333 3840188 78 p0cur=1420800 p4cur=633600 p0trans=64731 p4trans=80954 p0tis=[614400 456782,844800 7346,1036800 3682,1228800 12885,1420800 3983,1612800 1516,1804800 2537,] p4tis=[633600 433344,844800 5185,1036800 2623,1228800 8868,1420800 2647,1612800 1489,1804800 34576,] dpms=On bl=0
P2 4907 -147094 3867048 78 p0cur=1420800 p4cur=844800 p0trans=65027 p4trans=81446 p0tis=[614400 458645,844800 7384,1036800 3697,1228800 12949,1420800 4000,1612800 1523,1804800 2540,] p4tis=[633600 435113,844800 5219,1036800 2634,1228800 8915,1420800 2659,1612800 1496,1804800 34702,] dpms=On bl=0
P2 4927 -285492 3853618 78 p0cur=844800 p4cur=1228800 p0trans=65294 p4trans=81883 p0tis=[614400 460519,844800 7416,1036800 3716,1228800 13007,1420800 4017,1612800 1527,1804800 2540,] p4tis=[633600 436916,844800 5235,1036800 2646,1228800 8950,1420800 2668,1612800 1500,1804800 34827,] dpms=On bl=0
P2 4947 -208130 3843886 78 p0cur=844800 p4cur=1228800 p0trans=65565 p4trans=82279 p0tis=[614400 462387,844800 7452,1036800 3730,1228800 13071,1420800 4032,1612800 1534,1804800 2542,] p4tis=[633600 438704,844800 5246,1036800 2654,1228800 8986,1420800 2678,1612800 1507,1804800 34973,] dpms=On bl=0
P2 4967 -100402 3881451 78 p0cur=614400 p4cur=633600 p0trans=65847 p4trans=82773 p0tis=[614400 464280,844800 7477,1036800 3743,1228800 13116,1420800 4054,1612800 1540,1804800 2544,] p4tis=[633600 440454,844800 5268,1036800 2667,1228800 9027,1420800 2687,1612800 1509,1804800 35141,] dpms=On bl=0
P2 4987 -251312 3853229 78 p0cur=614400 p4cur=633600 p0trans=66117 p4trans=83223 p0tis=[614400 466173,844800 7507,1036800 3753,1228800 13164,1420800 4069,1612800 1548,1804800 2548,] p4tis=[633600 442208,844800 5294,1036800 2680,1228800 9064,1420800 2693,1612800 1510,1804800 35313,] dpms=On bl=0
P2 5007 -126648 3876390 78 p0cur=1228800 p4cur=633600 p0trans=66397 p4trans=83661 p0tis=[614400 468068,844800 7529,1036800 3763,1228800 13213,1420800 4092,1612800 1555,1804800 2548,] p4tis=[633600 443951,844800 5319,1036800 2688,1228800 9099,1420800 2703,1612800 1516,1804800 35492,] dpms=On bl=0
P2 5028 -91247 3880478 78 p0cur=614400 p4cur=633600 p0trans=66693 p4trans=84119 p0tis=[614400 469908,844800 7572,1036800 3784,1228800 13284,1420800 4112,1612800 1563,1804800 2550,] p4tis=[633600 445705,844800 5345,1036800 2701,1228800 9143,1420800 2716,1612800 1520,1804800 35643,] dpms=On bl=0
P2 5048 -227661 3850114 78 p0cur=844800 p4cur=633600 p0trans=67001 p4trans=84607 p0tis=[614400 471780,844800 7603,1036800 3800,1228800 13338,1420800 4129,1612800 1567,1804800 2560,] p4tis=[633600 447446,844800 5376,1036800 2717,1228800 9186,1420800 2730,1612800 1523,1804800 35800,] dpms=On bl=0
P2 5068 -87127 3881451 78 p0cur=1420800 p4cur=633600 p0trans=67297 p4trans=85028 p0tis=[614400 473613,844800 7656,1036800 3828,1228800 13404,1420800 4147,1612800 1574,1804800 2561,] p4tis=[633600 449274,844800 5389,1036800 2724,1228800 9220,1420800 2743,1612800 1526,1804800 35906,] dpms=On bl=0
P2 5088 -279541 3838631 78 p0cur=1420800 p4cur=1228800 p0trans=67601 p4trans=85510 p0tis=[614400 475496,844800 7681,1036800 3842,1228800 13462,1420800 4165,1612800 1578,1804800 2562,] p4tis=[633600 451078,844800 5405,1036800 2730,1228800 9264,1420800 2757,1612800 1532,1804800 36021,] dpms=On bl=0
P2 5108 -223236 3851088 78 p0cur=1228800 p4cur=633600 p0trans=67839 p4trans=85938 p0tis=[614400 477386,844800 7715,1036800 3852,1228800 13512,1420800 4181,1612800 1583,1804800 2563,] p4tis=[633600 452813,844800 5419,1036800 2747,1228800 9297,1420800 2772,1612800 1536,1804800 36207,] dpms=On bl=0
P2 5128 -85144 3880673 78 p0cur=614400 p4cur=633600 p0trans=68142 p4trans=86407 p0tis=[614400 479241,844800 7741,1036800 3883,1228800 13576,1420800 4201,1612800 1591,1804800 2563,] p4tis=[633600 454616,844800 5435,1036800 2754,1228800 9333,1420800 2781,1612800 1539,1804800 36339,] dpms=On bl=0
P2 5148 -87280 3871719 78 p0cur=1420800 p4cur=633600 p0trans=68418 p4trans=86879 p0tis=[614400 481110,844800 7782,1036800 3898,1228800 13630,1420800 4222,1612800 1596,1804800 2565,] p4tis=[633600 456372,844800 5458,1036800 2762,1228800 9377,1420800 2795,1612800 1547,1804800 36492,] dpms=On bl=0
P2 5168 -275879 3844470 78 p0cur=614400 p4cur=633600 p0trans=68708 p4trans=87298 p0tis=[614400 482973,844800 7827,1036800 3920,1228800 13681,1420800 4238,1612800 1601,1804800 2567,] p4tis=[633600 458202,844800 5480,1036800 2775,1228800 9413,1420800 2805,1612800 1550,1804800 36582,] dpms=On bl=0
P2 5188 -86364 3878337 78 p0cur=614400 p4cur=633600 p0trans=68946 p4trans=87728 p0tis=[614400 484867,844800 7848,1036800 3925,1228800 13727,1420800 4259,1612800 1618,1804800 2568,] p4tis=[633600 459942,844800 5514,1036800 2784,1228800 9450,1420800 2814,1612800 1554,1804800 36754,] dpms=On bl=0
# phase P2 done
# charger restored online=1
# DONE
