626 0 4360258 100
656 0 4360258 100
686 0 4358896 100
716 0 4358896 100
746 0 4358312 100
776 0 4358312 100
806 0 4357922 100
837 0 4357922 100
867 0 4357339 100
897 0 4357339 100
927 0 4356365 100
957 0 4356365 100
987 0 4355976 100
1017 0 4355976 100
1047 0 4355781 98
1077 0 4355781 100
1107 0 4355781 100
1137 0 4355781 100
1167 0 4355781 100
1197 0 4355587 100
1227 0 4355587 100
1257 0 4355392 100
1287 0 4355392 100
1317 0 4354808 100
1347 0 4354808 100
1377 0 4354030 100
1408 0 4354030 100
1438 0 4354030 100
1468 0 4354030 100
1498 0 4353640 100
1528 0 4353640 100
1558 0 4354030 98
1588 0 4354030 100
1618 0 4354030 100
1648 0 4353835 100
1678 0 4353835 100
1708 0 4353251 100
1738 0 4353251 100
1768 0 4353251 100
1798 0 4353251 100
1828 0 4353251 100
1858 0 4353251 100
1888 0 4353640 100
1918 0 4353640 100
1949 0 4352667 100
1979 0 4352667 100
2009 0 4352473 100
2039 0 4352473 100
2069 0 4353446 100
2099 0 4353446 100
DONE
