# wifi-probe-20260819 start uptime=68899 boot_id=23f43f55-a758-472b-a197-0d0e86d534ae
# charger online=0 batt=Discharging v=4036771 cap=84%
# === P0 baseline ===
# --- phase P0 settling 120s ---
# phase P0 sampling 36 x 20s
P0 69039 -165710 3978186 84 p0cur=844800 p4cur=633600 p0trans=627490 p4trans=926243 p0tis=[614400 5336274,844800 69541,1036800 39689,1228800 146865,1420800 31023,1612800 38490,1804800 161885,] p4tis=[633600 5097822,844800 24691,1036800 31498,1228800 100784,1420800 97159,1612800 76225,1804800 395589,]
P0 69059 -83465 3994730 84 p0cur=1036800 p4cur=633600 p0trans=627748 p4trans=926649 p0tis=[614400 5338147,844800 69575,1036800 39708,1228800 146929,1420800 31034,1612800 38494,1804800 161886,] p4tis=[633600 5099595,844800 24697,1036800 31506,1228800 100818,1420800 97168,1612800 76230,1804800 395758,]
P0 69079 -87738 3991810 84 p0cur=614400 p4cur=633600 p0trans=628013 p4trans=927100 p0tis=[614400 5340037,844800 69603,1036800 39720,1228800 146987,1420800 31046,1612800 38498,1804800 161887,] p4tis=[633600 5101348,844800 24715,1036800 31518,1228800 100853,1420800 97177,1612800 76232,1804800 395935,]
P0 69099 -133361 3973709 84 p0cur=614400 p4cur=633600 p0trans=628340 p4trans=927530 p0tis=[614400 5341895,844800 69623,1036800 39738,1228800 147049,1420800 31066,1612800 38508,1804800 161904,] p4tis=[633600 5103130,844800 24725,1036800 31524,1228800 100882,1420800 97193,1612800 76237,1804800 396093,]
P0 69120 -86669 3989475 84 p0cur=844800 p4cur=633600 p0trans=628603 p4trans=927940 p0tis=[614400 5343774,844800 69649,1036800 39752,1228800 147113,1420800 31083,1612800 38512,1804800 161904,] p4tis=[633600 5104935,844800 24730,1036800 31530,1228800 100907,1420800 97204,1612800 76243,1804800 396238,]
P0 69140 -219268 3964366 84 p0cur=614400 p4cur=633600 p0trans=628878 p4trans=928396 p0tis=[614400 5345658,844800 69680,1036800 39761,1228800 147178,1420800 31095,1612800 38518,1804800 161905,] p4tis=[633600 5106766,844800 24744,1036800 31538,1228800 100942,1420800 97216,1612800 76247,1804800 396342,]
P0 69160 -146179 3965340 84 p0cur=844800 p4cur=633600 p0trans=629115 p4trans=928787 p0tis=[614400 5347554,844800 69704,1036800 39774,1228800 147235,1420800 31107,1612800 38521,1804800 161905,] p4tis=[633600 5108631,844800 24750,1036800 31542,1228800 100966,1420800 97225,1612800 76252,1804800 396435,]
P0 69180 -174713 3954440 84 p0cur=844800 p4cur=633600 p0trans=629386 p4trans=929208 p0tis=[614400 5349440,844800 69731,1036800 39787,1228800 147294,1420800 31118,1612800 38527,1804800 161907,] p4tis=[633600 5110431,844800 24760,1036800 31554,1228800 100996,1420800 97235,1612800 76253,1804800 396575,]
P0 69200 -88195 3981300 84 p0cur=844800 p4cur=633600 p0trans=629667 p4trans=929629 p0tis=[614400 5351301,844800 69761,1036800 39810,1228800 147363,1420800 31134,1612800 38533,1804800 161908,] p4tis=[633600 5112238,844800 24764,1036800 31561,1228800 101029,1420800 97246,1612800 76260,1804800 396711,]
P0 69220 -83923 3979353 84 p0cur=844800 p4cur=633600 p0trans=629944 p4trans=930014 p0tis=[614400 5353186,844800 69782,1036800 39829,1228800 147419,1420800 31151,1612800 38539,1804800 161909,] p4tis=[633600 5114082,844800 24771,1036800 31566,1228800 101051,1420800 97257,1612800 76265,1804800 396822,]
P0 69240 -97198 3975850 84 p0cur=614400 p4cur=633600 p0trans=630214 p4trans=930435 p0tis=[614400 5355071,844800 69803,1036800 39842,1228800 147480,1420800 31167,1612800 38549,1804800 161909,] p4tis=[633600 5115899,844800 24784,1036800 31576,1228800 101081,1420800 97266,1612800 76267,1804800 396948,]
P0 69260 -397644 3924660 84 p0cur=614400 p4cur=633600 p0trans=630504 p4trans=930861 p0tis=[614400 5356928,844800 69841,1036800 39862,1228800 147550,1420800 31180,1612800 38554,1804800 161911,] p4tis=[633600 5117752,844800 24795,1036800 31587,1228800 101115,1420800 97278,1612800 76273,1804800 397026,]
P0 69280 -86212 3974682 84 p0cur=844800 p4cur=633600 p0trans=630804 p4trans=931333 p0tis=[614400 5358810,844800 69857,1036800 39876,1228800 147605,1420800 31199,1612800 38561,1804800 161923,] p4tis=[633600 5119441,844800 24810,1036800 31599,1228800 101149,1420800 97293,1612800 76278,1804800 397261,]
P0 69300 -107116 3973125 84 p0cur=614400 p4cur=633600 p0trans=631089 p4trans=931757 p0tis=[614400 5360686,844800 69882,1036800 39900,1228800 147663,1420800 31213,1612800 38565,1804800 161926,] p4tis=[633600 5121195,844800 24818,1036800 31605,1228800 101178,1420800 97307,1612800 76283,1804800 397451,]
P0 69320 -260162 3944513 84 p0cur=614400 p4cur=633600 p0trans=631359 p4trans=932206 p0tis=[614400 5362560,844800 69921,1036800 39921,1228800 147720,1420800 31224,1612800 38568,1804800 161928,] p4tis=[633600 5122956,844800 24826,1036800 31613,1228800 101211,1420800 97320,1612800 76286,1804800 397631,]
P0 69340 -288849 3917264 84 p0cur=614400 p4cur=633600 p0trans=631603 p4trans=932630 p0tis=[614400 5364454,844800 69944,1036800 39935,1228800 147772,1420800 31240,1612800 38574,1804800 161929,] p4tis=[633600 5124755,844800 24830,1036800 31627,1228800 101243,1420800 97329,1612800 76290,1804800 397773,]
P0 69360 -141601 3960474 84 p0cur=614400 p4cur=633600 p0trans=631874 p4trans=933030 p0tis=[614400 5366318,844800 69988,1036800 39952,1228800 147831,1420800 31255,1612800 38578,1804800 161931,] p4tis=[633600 5126549,844800 24838,1036800 31634,1228800 101269,1420800 97339,1612800 76295,1804800 397929,]
P0 69380 -136261 3954829 84 p0cur=614400 p4cur=633600 p0trans=632155 p4trans=933469 p0tis=[614400 5368184,844800 70018,1036800 39978,1228800 147891,1420800 31273,1612800 38582,1804800 161933,] p4tis=[633600 5128378,844800 24849,1036800 31645,1228800 101301,1420800 97349,1612800 76301,1804800 398035,]
P0 69400 -226745 3929916 84 p0cur=1228800 p4cur=1228800 p0trans=632389 p4trans=933892 p0tis=[614400 5370082,844800 70042,1036800 39993,1228800 147945,1420800 31283,1612800 38585,1804800 161933,] p4tis=[633600 5130165,844800 24858,1036800 31652,1228800 101326,1420800 97359,1612800 76304,1804800 398199,]
P0 69420 -89416 3970595 84 p0cur=844800 p4cur=633600 p0trans=632655 p4trans=934327 p0tis=[614400 5371959,844800 70073,1036800 40011,1228800 148002,1420800 31297,1612800 38591,1804800 161935,] p4tis=[633600 5131956,844800 24872,1036800 31669,1228800 101363,1420800 97369,1612800 76306,1804800 398334,]
P0 69440 -116272 3966702 84 p0cur=1036800 p4cur=633600 p0trans=632938 p4trans=934792 p0tis=[614400 5373826,844800 70101,1036800 40031,1228800 148068,1420800 31315,1612800 38595,1804800 161938,] p4tis=[633600 5133726,844800 24883,1036800 31678,1228800 101397,1420800 97379,1612800 76311,1804800 398501,]
P0 69460 -88043 3959111 84 p0cur=614400 p4cur=633600 p0trans=633244 p4trans=935231 p0tis=[614400 5375701,844800 70115,1036800 40043,1228800 148133,1420800 31337,1612800 38603,1804800 161947,] p4tis=[633600 5135516,844800 24898,1036800 31691,1228800 101429,1420800 97393,1612800 76318,1804800 398636,]
P0 69480 -89721 3966897 84 p0cur=1228800 p4cur=633600 p0trans=633538 p4trans=935643 p0tis=[614400 5377582,844800 70139,1036800 40056,1228800 148197,1420800 31355,1612800 38607,1804800 161948,] p4tis=[633600 5137286,844800 24910,1036800 31702,1228800 101464,1420800 97401,1612800 76320,1804800 398802,]
P0 69501 -140075 3954245 84 p0cur=844800 p4cur=633600 p0trans=633809 p4trans=936053 p0tis=[614400 5379474,844800 70157,1036800 40066,1228800 148261,1420800 31371,1612800 38614,1804800 161948,] p4tis=[633600 5139071,844800 24919,1036800 31709,1228800 101500,1420800 97412,1612800 76324,1804800 398954,]
P0 69521 -147094 3947044 84 p0cur=1420800 p4cur=1228800 p0trans=634063 p4trans=936464 p0tis=[614400 5381352,844800 70191,1036800 40081,1228800 148314,1420800 31386,1612800 38620,1804800 161949,] p4tis=[633600 5140873,844800 24934,1036800 31719,1228800 101532,1420800 97424,1612800 76331,1804800 399080,]
P0 69541 -260772 3903834 84 p0cur=614400 p4cur=633600 p0trans=634312 p4trans=936856 p0tis=[614400 5383237,844800 70213,1036800 40104,1228800 148375,1420800 31394,1612800 38625,1804800 161951,] p4tis=[633600 5142696,844800 24943,1036800 31727,1228800 101564,1420800 97434,1612800 76335,1804800 399201,]
P0 69561 -132141 3952299 84 p0cur=614400 p4cur=633600 p0trans=634601 p4trans=937269 p0tis=[614400 5385109,844800 70242,1036800 40117,1228800 148438,1420800 31410,1612800 38633,1804800 161954,] p4tis=[633600 5144524,844800 24951,1036800 31732,1228800 101593,1420800 97441,1612800 76339,1804800 399325,]
P0 69581 -83465 3961058 84 p0cur=1228800 p4cur=633600 p0trans=634862 p4trans=937660 p0tis=[614400 5386986,844800 70269,1036800 40139,1228800 148498,1420800 31424,1612800 38639,1804800 161955,] p4tis=[633600 5146328,844800 24966,1036800 31741,1228800 101620,1420800 97453,1612800 76344,1804800 399458,]
P0 69601 -89874 3944903 84 p0cur=844800 p4cur=633600 p0trans=635146 p4trans=938116 p0tis=[614400 5388862,844800 70298,1036800 40153,1228800 148561,1420800 31439,1612800 38646,1804800 161956,] p4tis=[633600 5148114,844800 24978,1036800 31754,1228800 101652,1420800 97460,1612800 76349,1804800 399609,]
P0 69621 -122375 3954245 83 p0cur=614400 p4cur=633600 p0trans=635423 p4trans=938569 p0tis=[614400 5390723,844800 70337,1036800 40162,1228800 148621,1420800 31458,1612800 38657,1804800 161962,] p4tis=[633600 5149904,844800 24985,1036800 31765,1228800 101688,1420800 97472,1612800 76351,1804800 399754,]
P0 69641 -160064 3941399 83 p0cur=614400 p4cur=633600 p0trans=635739 p4trans=939007 p0tis=[614400 5392594,844800 70367,1036800 40171,1228800 148684,1420800 31472,1612800 38665,1804800 161973,] p4tis=[633600 5151649,844800 25004,1036800 31777,1228800 101720,1420800 97482,1612800 76356,1804800 399937,]
P0 69661 -126495 3944708 83 p0cur=614400 p4cur=633600 p0trans=635986 p4trans=939424 p0tis=[614400 5394485,844800 70389,1036800 40192,1228800 148738,1420800 31483,1612800 38669,1804800 161975,] p4tis=[633600 5153405,844800 25012,1036800 31788,1228800 101751,1420800 97491,1612800 76359,1804800 400124,]
P0 69681 -257568 3919016 83 p0cur=1228800 p4cur=633600 p0trans=636290 p4trans=939881 p0tis=[614400 5396348,844800 70420,1036800 40206,1228800 148806,1420800 31503,1612800 38677,1804800 161976,] p4tis=[633600 5155217,844800 25028,1036800 31798,1228800 101785,1420800 97501,1612800 76365,1804800 400243,]
P0 69701 -90179 3944124 83 p0cur=844800 p4cur=633600 p0trans=636529 p4trans=940272 p0tis=[614400 5398236,844800 70442,1036800 40212,1228800 148870,1420800 31519,1612800 38683,1804800 161980,] p4tis=[633600 5157007,844800 25039,1036800 31809,1228800 101812,1420800 97513,1612800 76369,1804800 400393,]
P0 69721 -93841 3955413 83 p0cur=614400 p4cur=633600 p0trans=636799 p4trans=940650 p0tis=[614400 5400118,844800 70465,1036800 40228,1228800 148928,1420800 31534,1612800 38691,1804800 161983,] p4tis=[633600 5158803,844800 25044,1036800 31815,1228800 101838,1420800 97522,1612800 76376,1804800 400550,]
P0 69741 -163421 3931278 83 p0cur=614400 p4cur=633600 p0trans=637080 p4trans=941120 p0tis=[614400 5401981,844800 70506,1036800 40243,1228800 148996,1420800 31548,1612800 38697,1804800 161983,] p4tis=[633600 5160557,844800 25054,1036800 31823,1228800 101873,1420800 97539,1612800 76379,1804800 400728,]
# phase P0 done
# === P1 cut: wifi ===
#   wifi radio -> disabled
# --- phase P1 settling 120s ---
# phase P1 sampling 36 x 20s
P1 69882 -174865 3928748 83 p0cur=614400 p4cur=633600 p0trans=638959 p4trans=944086 p0tis=[614400 5415121,844800 70669,1036800 40377,1228800 149433,1420800 31652,1612800 38739,1804800 162012,] p4tis=[633600 5173073,844800 25135,1036800 31882,1228800 102085,1420800 97615,1612800 76404,1804800 401810,]
P1 69902 -92773 3943930 83 p0cur=844800 p4cur=633600 p0trans=639221 p4trans=944522 p0tis=[614400 5416996,844800 70697,1036800 40402,1228800 149499,1420800 31660,1612800 38742,1804800 162013,] p4tis=[633600 5174909,844800 25143,1036800 31887,1228800 102113,1420800 97629,1612800 76409,1804800 401918,]
P1 69922 -89263 3952688 83 p0cur=614400 p4cur=633600 p0trans=639477 p4trans=944953 p0tis=[614400 5418876,844800 70723,1036800 40419,1228800 149563,1420800 31671,1612800 38748,1804800 162014,] p4tis=[633600 5176727,844800 25150,1036800 31894,1228800 102145,1420800 97640,1612800 76414,1804800 402044,]
P1 69942 -140075 3947238 83 p0cur=844800 p4cur=633600 p0trans=639741 p4trans=945327 p0tis=[614400 5420750,844800 70743,1036800 40441,1228800 149629,1420800 31687,1612800 38754,1804800 162015,] p4tis=[633600 5178570,844800 25158,1036800 31901,1228800 102171,1420800 97649,1612800 76418,1804800 402152,]
P1 69962 -302887 3909090 83 p0cur=614400 p4cur=633600 p0trans=640019 p4trans=945749 p0tis=[614400 5422617,844800 70767,1036800 40457,1228800 149695,1420800 31706,1612800 38763,1804800 162019,] p4tis=[633600 5180382,844800 25166,1036800 31913,1228800 102207,1420800 97659,1612800 76423,1804800 402276,]
P1 69982 -90026 3949379 83 p0cur=844800 p4cur=633600 p0trans=640286 p4trans=946163 p0tis=[614400 5424492,844800 70799,1036800 40475,1228800 149757,1420800 31720,1612800 38769,1804800 162019,] p4tis=[633600 5182205,844800 25176,1036800 31923,1228800 102243,1420800 97671,1612800 76427,1804800 402386,]
P1 70002 -84991 3949574 83 p0cur=614400 p4cur=633600 p0trans=640591 p4trans=946644 p0tis=[614400 5426363,844800 70825,1036800 40489,1228800 149816,1420800 31736,1612800 38775,1804800 162032,] p4tis=[633600 5183947,844800 25188,1036800 31937,1228800 102271,1420800 97688,1612800 76432,1804800 402573,]
P1 70022 -88806 3946460 83 p0cur=844800 p4cur=633600 p0trans=640861 p4trans=947064 p0tis=[614400 5428236,844800 70856,1036800 40510,1228800 149874,1420800 31746,1612800 38782,1804800 162039,] p4tis=[633600 5185776,844800 25195,1036800 31945,1228800 102302,1420800 97698,1612800 76437,1804800 402689,]
P1 70042 -224304 3835711 83 p0cur=844800 p4cur=633600 p0trans=641157 p4trans=947482 p0tis=[614400 5430082,844800 70906,1036800 40521,1228800 149949,1420800 31762,1612800 38788,1804800 162039,] p4tis=[633600 5187583,844800 25200,1036800 31950,1228800 102332,1420800 97707,1612800 76443,1804800 402832,]
P1 70062 -87585 3947238 83 p0cur=844800 p4cur=633600 p0trans=641413 p4trans=947884 p0tis=[614400 5431961,844800 70935,1036800 40534,1228800 150011,1420800 31775,1612800 38796,1804800 162041,] p4tis=[633600 5189371,844800 25206,1036800 31958,1228800 102360,1420800 97718,1612800 76446,1804800 402993,]
P1 70082 -121307 3941399 83 p0cur=614400 p4cur=633600 p0trans=641651 p4trans=948288 p0tis=[614400 5433843,844800 70958,1036800 40548,1228800 150078,1420800 31789,1612800 38800,1804800 162043,] p4tis=[633600 5191192,844800 25215,1036800 31968,1228800 102397,1420800 97726,1612800 76449,1804800 403111,]
P1 70102 -170135 3921352 83 p0cur=614400 p4cur=633600 p0trans=641984 p4trans=948754 p0tis=[614400 5435678,844800 71003,1036800 40566,1228800 150156,1420800 31808,1612800 38809,1804800 162044,] p4tis=[633600 5192983,844800 25229,1036800 31980,1228800 102429,1420800 97738,1612800 76454,1804800 403250,]
P1 70122 -319671 3907922 83 p0cur=614400 p4cur=633600 p0trans=642239 p4trans=949157 p0tis=[614400 5437555,844800 71029,1036800 40585,1228800 150221,1420800 31821,1612800 38813,1804800 162045,] p4tis=[633600 5194794,844800 25238,1036800 31987,1228800 102461,1420800 97749,1612800 76456,1804800 403383,]
P1 70142 -130920 3943151 83 p0cur=844800 p4cur=633600 p0trans=642522 p4trans=949574 p0tis=[614400 5439413,844800 71067,1036800 40614,1228800 150278,1420800 31835,1612800 38820,1804800 162047,] p4tis=[633600 5196604,844800 25250,1036800 32006,1228800 102492,1420800 97757,1612800 76463,1804800 403501,]
P1 70162 -228729 3916291 83 p0cur=1036800 p4cur=1228800 p0trans=642818 p4trans=950016 p0tis=[614400 5441263,844800 71102,1036800 40631,1228800 150351,1420800 31854,1612800 38829,1804800 162048,] p4tis=[633600 5198406,844800 25266,1036800 32017,1228800 102527,1420800 97770,1612800 76467,1804800 403624,]
P1 70182 -217285 3914734 83 p0cur=614400 p4cur=633600 p0trans=643132 p4trans=950455 p0tis=[614400 5443126,844800 71125,1036800 40655,1228800 150406,1420800 31876,1612800 38838,1804800 162057,] p4tis=[633600 5200183,844800 25282,1036800 32032,1228800 102552,1420800 97777,1612800 76470,1804800 403788,]
P1 70203 -191650 3935755 83 p0cur=614400 p4cur=633600 p0trans=643424 p4trans=950854 p0tis=[614400 5444996,844800 71148,1036800 40682,1228800 150469,1420800 31890,1612800 38843,1804800 162059,] p4tis=[633600 5201919,844800 25289,1036800 32042,1228800 102585,1420800 97786,1612800 76475,1804800 403992,]
P1 70223 -91552 3938480 83 p0cur=844800 p4cur=633600 p0trans=643732 p4trans=951300 p0tis=[614400 5446857,844800 71181,1036800 40700,1228800 150538,1420800 31906,1612800 38850,1804800 162061,] p4tis=[633600 5203654,844800 25307,1036800 32052,1228800 102617,1420800 97794,1612800 76478,1804800 404191,]
P1 70243 -134887 3936144 83 p0cur=844800 p4cur=633600 p0trans=643982 p4trans=951697 p0tis=[614400 5448749,844800 71206,1036800 40718,1228800 150594,1420800 31917,1612800 38854,1804800 162062,] p4tis=[633600 5205488,844800 25317,1036800 32062,1228800 102651,1420800 97805,1612800 76482,1804800 404294,]
P1 70263 -171203 3915902 83 p0cur=614400 p4cur=633600 p0trans=644245 p4trans=952105 p0tis=[614400 5450615,844800 71234,1036800 40731,1228800 150663,1420800 31932,1612800 38860,1804800 162069,] p4tis=[633600 5207319,844800 25328,1036800 32068,1228800 102684,1420800 97819,1612800 76487,1804800 404399,]
P1 70283 -85296 3939453 83 p0cur=1228800 p4cur=633600 p0trans=644535 p4trans=952535 p0tis=[614400 5452477,844800 71263,1036800 40748,1228800 150735,1420800 31948,1612800 38868,1804800 162071,] p4tis=[633600 5209141,844800 25337,1036800 32078,1228800 102715,1420800 97825,1612800 76490,1804800 404525,]
P1 70303 -122680 3931667 83 p0cur=614400 p4cur=633600 p0trans=644828 p4trans=952958 p0tis=[614400 5454333,844800 71298,1036800 40768,1228800 150800,1420800 31966,1612800 38877,1804800 162074,] p4tis=[633600 5210943,844800 25350,1036800 32087,1228800 102741,1420800 97835,1612800 76495,1804800 404667,]
P1 70323 -170898 3909868 83 p0cur=844800 p4cur=633600 p0trans=645090 p4trans=953345 p0tis=[614400 5456218,844800 71320,1036800 40786,1228800 150859,1420800 31981,1612800 38882,1804800 162074,] p4tis=[633600 5212758,844800 25357,1036800 32091,1228800 102768,1420800 97843,1612800 76499,1804800 404803,]
P1 70343 -133514 3921352 83 p0cur=614400 p4cur=633600 p0trans=645370 p4trans=953789 p0tis=[614400 5458089,844800 71349,1036800 40797,1228800 150927,1420800 31997,1612800 38892,1804800 162075,] p4tis=[633600 5214576,844800 25372,1036800 32097,1228800 102804,1420800 97856,1612800 76504,1804800 404918,]
P1 70363 -88043 3941205 82 p0cur=844800 p4cur=633600 p0trans=645692 p4trans=954273 p0tis=[614400 5459938,844800 71389,1036800 40815,1228800 150989,1420800 32013,1612800 38902,1804800 162084,] p4tis=[633600 5216262,844800 25398,1036800 32111,1228800 102842,1420800 97867,1612800 76507,1804800 405146,]
P1 70383 -98419 3940231 82 p0cur=844800 p4cur=1228800 p0trans=645960 p4trans=954677 p0tis=[614400 5461797,844800 71437,1036800 40835,1228800 151046,1420800 32030,1612800 38906,1804800 162085,] p4tis=[633600 5218059,844800 25405,1036800 32119,1228800 102874,1420800 97877,1612800 76511,1804800 405292,]
P1 70403 -194549 3910647 82 p0cur=1228800 p4cur=633600 p0trans=646249 p4trans=955120 p0tis=[614400 5463672,844800 71469,1036800 40850,1228800 151110,1420800 32044,1612800 38911,1804800 162085,] p4tis=[633600 5219865,844800 25414,1036800 32127,1228800 102911,1420800 97888,1612800 76514,1804800 405422,]
P1 70423 -218506 3917070 82 p0cur=844800 p4cur=633600 p0trans=646494 p4trans=955508 p0tis=[614400 5465544,844800 71497,1036800 40862,1228800 151181,1420800 32058,1612800 38917,1804800 162087,] p4tis=[633600 5221706,844800 25420,1036800 32133,1228800 102938,1420800 97899,1612800 76521,1804800 405530,]
P1 70443 -124206 3932835 82 p0cur=844800 p4cur=633600 p0trans=646778 p4trans=955936 p0tis=[614400 5467416,844800 71523,1036800 40878,1228800 151241,1420800 32078,1612800 38927,1804800 162088,] p4tis=[633600 5223497,844800 25423,1036800 32140,1228800 102968,1420800 97911,1612800 76525,1804800 405689,]
P1 70463 -84838 3934003 82 p0cur=614400 p4cur=633600 p0trans=647048 p4trans=956367 p0tis=[614400 5469295,844800 71556,1036800 40899,1228800 151298,1420800 32088,1612800 38932,1804800 162089,] p4tis=[633600 5225281,844800 25436,1036800 32156,1228800 103000,1420800 97921,1612800 76528,1804800 405835,]
P1 70483 -122833 3923882 82 p0cur=844800 p4cur=633600 p0trans=647294 p4trans=956760 p0tis=[614400 5471173,844800 71593,1036800 40925,1228800 151347,1420800 32097,1612800 38936,1804800 162091,] p4tis=[633600 5227058,844800 25445,1036800 32166,1228800 103032,1420800 97932,1612800 76532,1804800 406000,]
P1 70503 -145263 3925050 82 p0cur=844800 p4cur=633600 p0trans=647542 p4trans=957169 p0tis=[614400 5473061,844800 71616,1036800 40940,1228800 151409,1420800 32111,1612800 38940,1804800 162091,] p4tis=[633600 5228894,844800 25453,1036800 32175,1228800 103060,1420800 97943,1612800 76536,1804800 406108,]
P1 70523 -87432 3932641 82 p0cur=1228800 p4cur=633600 p0trans=647817 p4trans=957602 p0tis=[614400 5474928,844800 71643,1036800 40965,1228800 151474,1420800 32127,1612800 38944,1804800 162091,] p4tis=[633600 5230631,844800 25459,1036800 32182,1228800 103096,1420800 97952,1612800 76540,1804800 406313,]
P1 70543 -129699 3927775 82 p0cur=844800 p4cur=633600 p0trans=648127 p4trans=958055 p0tis=[614400 5476802,844800 71667,1036800 40978,1228800 151537,1420800 32142,1612800 38951,1804800 162103,] p4tis=[633600 5232380,844800 25468,1036800 32197,1228800 103137,1420800 97969,1612800 76545,1804800 406483,]
P1 70563 -186462 3925244 82 p0cur=844800 p4cur=633600 p0trans=648425 p4trans=958468 p0tis=[614400 5478654,844800 71707,1036800 40999,1228800 151606,1420800 32160,1612800 38956,1804800 162103,] p4tis=[633600 5234228,844800 25474,1036800 32206,1228800 103166,1420800 97977,1612800 76550,1804800 406584,]
P1 70584 -112457 3935171 82 p0cur=844800 p4cur=633600 p0trans=648701 p4trans=958887 p0tis=[614400 5480529,844800 71737,1036800 41014,1228800 151675,1420800 32172,1612800 38959,1804800 162103,] p4tis=[633600 5236043,844800 25484,1036800 32215,1228800 103198,1420800 97989,1612800 76554,1804800 406707,]
# phase P1 done
# === P2 restored - the control ===
#   wifi radio -> enabled
# --- phase P2 settling 120s ---
# phase P2 sampling 36 x 20s
P2 70744 -223388 3894686 82 p0cur=614400 p4cur=633600 p0trans=650912 p4trans=962363 p0tis=[614400 5495491,844800 71955,1036800 41166,1228800 152174,1420800 32311,1612800 39002,1804800 162134,] p4tis=[633600 5250511,844800 25587,1036800 32307,1228800 103470,1420800 98085,1612800 76586,1804800 407687,]
P2 70764 -165710 3911425 82 p0cur=614400 p4cur=633600 p0trans=651203 p4trans=962791 p0tis=[614400 5497359,844800 71983,1036800 41177,1228800 152247,1420800 32328,1612800 39010,1804800 162135,] p4tis=[633600 5252346,844800 25608,1036800 32319,1228800 103503,1420800 98095,1612800 76594,1804800 407773,]
P2 70784 -234527 3898579 82 p0cur=614400 p4cur=633600 p0trans=651448 p4trans=963176 p0tis=[614400 5499245,844800 72000,1036800 41192,1228800 152307,1420800 32345,1612800 39017,1804800 162138,] p4tis=[633600 5254168,844800 25623,1036800 32327,1228800 103532,1420800 98102,1612800 76596,1804800 407896,]
P2 70804 -184326 3899747 82 p0cur=614400 p4cur=633600 p0trans=651711 p4trans=963602 p0tis=[614400 5501137,844800 72020,1036800 41204,1228800 152363,1420800 32359,1612800 39026,1804800 162140,] p4tis=[633600 5255917,844800 25641,1036800 32339,1228800 103564,1420800 98113,1612800 76599,1804800 408076,]
P2 70824 -102996 3926412 82 p0cur=614400 p4cur=633600 p0trans=651998 p4trans=964038 p0tis=[614400 5503012,844800 72044,1036800 41226,1228800 152424,1420800 32373,1612800 39033,1804800 162142,] p4tis=[633600 5257716,844800 25647,1036800 32348,1228800 103594,1420800 98123,1612800 76602,1804800 408225,]
P2 70844 -227813 3899552 82 p0cur=844800 p4cur=633600 p0trans=652248 p4trans=964427 p0tis=[614400 5504893,844800 72081,1036800 41241,1228800 152478,1420800 32383,1612800 39038,1804800 162144,] p4tis=[633600 5259550,844800 25659,1036800 32357,1228800 103621,1420800 98132,1612800 76606,1804800 408334,]
P2 70864 -135650 3917654 82 p0cur=614400 p4cur=633600 p0trans=652481 p4trans=964871 p0tis=[614400 5506795,844800 72096,1036800 41253,1228800 152532,1420800 32397,1612800 39044,1804800 162148,] p4tis=[633600 5261339,844800 25668,1036800 32369,1228800 103655,1420800 98145,1612800 76610,1804800 408480,]
P2 70884 -248871 3890988 82 p0cur=844800 p4cur=633600 p0trans=652798 p4trans=965341 p0tis=[614400 5508650,844800 72134,1036800 41273,1228800 152599,1420800 32416,1612800 39051,1804800 162149,] p4tis=[633600 5263084,844800 25686,1036800 32383,1228800 103696,1420800 98158,1612800 76613,1804800 408650,]
P2 70904 -139160 3918627 82 p0cur=614400 p4cur=1804800 p0trans=653105 p4trans=965762 p0tis=[614400 5510508,844800 72162,1036800 41290,1228800 152669,1420800 32431,1612800 39059,1804800 162159,] p4tis=[633600 5264909,844800 25703,1036800 32391,1228800 103728,1420800 98173,1612800 76617,1804800 408756,]
P2 70924 -127716 3920184 82 p0cur=614400 p4cur=633600 p0trans=653381 p4trans=966149 p0tis=[614400 5512391,844800 72187,1036800 41303,1228800 152734,1420800 32446,1612800 39062,1804800 162159,] p4tis=[633600 5266743,844800 25710,1036800 32397,1228800 103757,1420800 98184,1612800 76621,1804800 408870,]
P2 70945 -89111 3925439 82 p0cur=614400 p4cur=633600 p0trans=653669 p4trans=966581 p0tis=[614400 5514246,844800 72226,1036800 41319,1228800 152804,1420800 32463,1612800 39066,1804800 162163,] p4tis=[633600 5268570,844800 25717,1036800 32409,1228800 103794,1420800 98195,1612800 76624,1804800 408980,]
P2 70965 -171356 3901499 82 p0cur=614400 p4cur=633600 p0trans=653915 p4trans=966984 p0tis=[614400 5516115,844800 72259,1036800 41347,1228800 152858,1420800 32475,1612800 39073,1804800 162165,] p4tis=[633600 5270379,844800 25725,1036800 32417,1228800 103826,1420800 98204,1612800 76626,1804800 409118,]
P2 70985 -91400 3926218 82 p0cur=614400 p4cur=633600 p0trans=654152 p4trans=967431 p0tis=[614400 5518012,844800 72273,1036800 41370,1228800 152911,1420800 32488,1612800 39079,1804800 162165,] p4tis=[633600 5272138,844800 25737,1036800 32427,1228800 103859,1420800 98214,1612800 76631,1804800 409293,]
P2 71005 -99487 3924271 82 p0cur=844800 p4cur=633600 p0trans=654462 p4trans=967880 p0tis=[614400 5519869,844800 72304,1036800 41397,1228800 152976,1420800 32505,1612800 39085,1804800 162168,] p4tis=[633600 5273956,844800 25747,1036800 32433,1228800 103893,1420800 98232,1612800 76636,1804800 409407,]
P2 71025 -224304 3893324 82 p0cur=844800 p4cur=633600 p0trans=654693 p4trans=968258 p0tis=[614400 5521759,844800 72322,1036800 41413,1228800 153038,1420800 32520,1612800 39089,1804800 162168,] p4tis=[633600 5275812,844800 25752,1036800 32437,1228800 103922,1420800 98245,1612800 76639,1804800 409503,]
P2 71045 -87280 3925439 82 p0cur=614400 p4cur=633600 p0trans=654971 p4trans=968680 p0tis=[614400 5523641,844800 72339,1036800 41425,1228800 153100,1420800 32540,1612800 39099,1804800 162170,] p4tis=[633600 5277561,844800 25758,1036800 32442,1228800 103955,1420800 98253,1612800 76643,1804800 409703,]
P2 71065 -198974 3900136 81 p0cur=844800 p4cur=633600 p0trans=655266 p4trans=969096 p0tis=[614400 5525509,844800 72376,1036800 41448,1228800 153162,1420800 32553,1612800 39102,1804800 162170,] p4tis=[633600 5279378,844800 25764,1036800 32448,1228800 103990,1420800 98266,1612800 76648,1804800 409828,]
P2 71085 -115356 3912593 81 p0cur=844800 p4cur=633600 p0trans=655558 p4trans=969554 p0tis=[614400 5527386,844800 72408,1036800 41461,1228800 153223,1420800 32564,1612800 39108,1804800 162176,] p4tis=[633600 5281139,844800 25776,1036800 32459,1228800 104018,1420800 98280,1612800 76654,1804800 410000,]
P2 71105 -85907 3925244 81 p0cur=614400 p4cur=633600 p0trans=655817 p4trans=969984 p0tis=[614400 5529252,844800 72437,1036800 41473,1228800 153290,1420800 32579,1612800 39118,1804800 162180,] p4tis=[633600 5282881,844800 25790,1036800 32466,1228800 104052,1420800 98287,1612800 76657,1804800 410197,]
P2 71125 -102844 3919600 81 p0cur=1420800 p4cur=633600 p0trans=656100 p4trans=970404 p0tis=[614400 5531100,844800 72471,1036800 41501,1228800 153362,1420800 32595,1612800 39123,1804800 162182,] p4tis=[633600 5284660,844800 25795,1036800 32472,1228800 104082,1420800 98298,1612800 76661,1804800 410367,]
P2 71145 -96283 3923103 81 p0cur=614400 p4cur=633600 p0trans=656366 p4trans=970823 p0tis=[614400 5532967,844800 72499,1036800 41521,1228800 153432,1420800 32611,1612800 39127,1804800 162183,] p4tis=[633600 5286461,844800 25798,1036800 32478,1228800 104110,1420800 98313,1612800 76666,1804800 410514,]
P2 71165 -203094 3891378 81 p0cur=614400 p4cur=633600 p0trans=656628 p4trans=971219 p0tis=[614400 5534853,844800 72521,1036800 41531,1228800 153497,1420800 32626,1612800 39132,1804800 162183,] p4tis=[633600 5288301,844800 25807,1036800 32481,1228800 104140,1420800 98322,1612800 76670,1804800 410623,]
P2 71185 -175018 3908506 81 p0cur=1036800 p4cur=633600 p0trans=656917 p4trans=971615 p0tis=[614400 5536729,844800 72550,1036800 41544,1228800 153562,1420800 32639,1612800 39139,1804800 162186,] p4tis=[633600 5290119,844800 25814,1036800 32495,1228800 104173,1420800 98331,1612800 76673,1804800 410744,]
P2 71205 -211944 3899163 81 p0cur=614400 p4cur=1228800 p0trans=657162 p4trans=972020 p0tis=[614400 5538611,844800 72581,1036800 41562,1228800 153621,1420800 32649,1612800 39144,1804800 162186,] p4tis=[633600 5291954,844800 25824,1036800 32502,1228800 104202,1420800 98344,1612800 76678,1804800 410850,]
P2 71225 -173339 3898190 81 p0cur=1228800 p4cur=633600 p0trans=657374 p4trans=972429 p0tis=[614400 5540511,844800 72607,1036800 41579,1228800 153667,1420800 32659,1612800 39148,1804800 162187,] p4tis=[633600 5293744,844800 25834,1036800 32508,1228800 104231,1420800 98353,1612800 76682,1804800 411007,]
P2 71245 -131530 3912593 81 p0cur=614400 p4cur=633600 p0trans=657671 p4trans=972881 p0tis=[614400 5542370,844800 72636,1036800 41596,1228800 153742,1420800 32676,1612800 39154,1804800 162189,] p4tis=[633600 5295552,844800 25841,1036800 32524,1228800 104269,1420800 98361,1612800 76686,1804800 411130,]
P2 71265 -288543 3863350 81 p0cur=614400 p4cur=844800 p0trans=658008 p4trans=973310 p0tis=[614400 5544227,844800 72670,1036800 41611,1228800 153809,1420800 32694,1612800 39161,1804800 162197,] p4tis=[633600 5297372,844800 25854,1036800 32532,1228800 104306,1420800 98375,1612800 76691,1804800 411238,]
P2 71285 -142669 3911620 81 p0cur=844800 p4cur=633600 p0trans=658251 p4trans=973696 p0tis=[614400 5546121,844800 72687,1036800 41618,1228800 153873,1420800 32709,1612800 39169,1804800 162197,] p4tis=[633600 5299190,844800 25863,1036800 32544,1228800 104337,1420800 98384,1612800 76694,1804800 411362,]
P2 71305 -90026 3913761 81 p0cur=614400 p4cur=633600 p0trans=658545 p4trans=974147 p0tis=[614400 5547985,844800 72713,1036800 41631,1228800 153942,1420800 32729,1612800 39178,1804800 162201,] p4tis=[633600 5301021,844800 25872,1036800 32549,1228800 104372,1420800 98393,1612800 76696,1804800 411476,]
P2 71325 -153656 3915123 81 p0cur=614400 p4cur=633600 p0trans=658789 p4trans=974529 p0tis=[614400 5549868,844800 72744,1036800 41641,1228800 154004,1420800 32740,1612800 39183,1804800 162204,] p4tis=[633600 5302860,844800 25881,1036800 32559,1228800 104408,1420800 98405,1612800 76700,1804800 411572,]
P2 71346 -203247 3892156 81 p0cur=844800 p4cur=633600 p0trans=659025 p4trans=974918 p0tis=[614400 5551761,844800 72765,1036800 41663,1228800 154057,1420800 32751,1612800 39187,1804800 162206,] p4tis=[633600 5304714,844800 25890,1036800 32568,1228800 104435,1420800 98412,1612800 76703,1804800 411668,]
P2 71366 -84686 3917848 81 p0cur=844800 p4cur=633600 p0trans=659284 p4trans=975332 p0tis=[614400 5553654,844800 72786,1036800 41669,1228800 154117,1420800 32767,1612800 39194,1804800 162208,] p4tis=[633600 5306557,844800 25900,1036800 32583,1228800 104469,1420800 98418,1612800 76704,1804800 411764,]
P2 71386 -135345 3905781 81 p0cur=844800 p4cur=1420800 p0trans=659558 p4trans=975752 p0tis=[614400 5555533,844800 72804,1036800 41677,1228800 154191,1420800 32784,1612800 39199,1804800 162209,] p4tis=[633600 5308330,844800 25919,1036800 32597,1228800 104501,1420800 98429,1612800 76710,1804800 411912,]
P2 71406 -90179 3918043 81 p0cur=614400 p4cur=633600 p0trans=659816 p4trans=976168 p0tis=[614400 5557420,844800 72825,1036800 41689,1228800 154251,1420800 32798,1612800 39206,1804800 162213,] p4tis=[633600 5310122,844800 25931,1036800 32607,1228800 104528,1420800 98439,1612800 76714,1804800 412062,]
P2 71426 -228424 3894881 81 p0cur=844800 p4cur=633600 p0trans=660084 p4trans=976573 p0tis=[614400 5559298,844800 72854,1036800 41700,1228800 154319,1420800 32811,1612800 39212,1804800 162214,] p4tis=[633600 5311955,844800 25941,1036800 32619,1228800 104562,1420800 98447,1612800 76718,1804800 412166,]
P2 71446 -121460 3909868 81 p0cur=614400 p4cur=633600 p0trans=660385 p4trans=977039 p0tis=[614400 5561168,844800 72884,1036800 41716,1228800 154384,1420800 32824,1612800 39219,1804800 162220,] p4tis=[633600 5313692,844800 25960,1036800 32633,1228800 104597,1420800 98460,1612800 76723,1804800 412350,]
# phase P2 done
# charger restored online=1
# DONE
