1652 0 4349748 97
1682 0 4349748 97
1712 0 4349748 97
1742 0 4349748 97
1772 0 4349942 97
1802 0 4349942 97
1832 0 4349553 97
1862 0 4349553 97
1893 0 4349748 97
1923 0 4349748 97
1953 0 4349748 97
1983 0 4349748 97
2013 0 4349748 97
2043 0 4349553 97
2073 0 4349553 97
2103 0 4349358 97
2133 0 4349358 97
2163 0 4348969 97
2193 0 4348969 97
2223 0 4349942 97
2253 0 4349942 97
2283 0 4349164 97
2314 0 4349164 97
2344 0 4349358 97
2374 0 4349358 97
2404 0 4348580 97
2434 0 4348580 97
2464 0 4348969 97
2494 0 4348969 97
2524 0 4348969 97
2554 0 4349358 97
2584 0 4349358 97
2614 0 4348969 97
2644 0 4348969 97
2675 0 4349164 97
2705 0 4349164 97
2735 0 4348580 97
2765 0 4348580 97
2795 0 4348385 97
2825 0 4348385 97
2855 0 4347996 97
2885 0 4347996 97
2915 0 4344492 97
2945 0 4344492 97
2975 0 4348191 97
3005 0 4348191 97
3035 0 4347996 97
3065 0 4347996 97
3096 0 4347996 97
3126 0 4341573 97
DONE
