# t_s cur_mA v_mV APSS_sd APSS_xosd APSS_xopct APSS_cores LPASS_sd LPASS_xosd LPASS_xopct LPASS_cores MPSS_sd MPSS_xosd MPSS_xopct MPSS_cores PRONTO_sd PRONTO_xosd PRONTO_xopct PRONTO_cores smd_irq_total_per_s modem_irq_per_s
2 131 4413 37 0 0 0x1 0 0 0 0x0 6 6 71 0x1 20 20 78 0x0  147 0
4 130 4413 100 0 0 0x1 0 0 0 0x0 6 6 60 0x1 19 19 74 0x0  18 1
6 132 4412 96 0 0 0x1 0 0 0 0x0 4 4 31 0x0 21 21 90 0x0  14 0
8 129 4413 62 0 0 0x1 0 0 0 0x0 7 7 70 0x0 18 18 77 0x1  37 0
10 130 4413 77 0 0 0x1 0 0 0 0x0 3 3 40 0x1 9 9 21 0x1  33 0
12 131 4413 100 0 0 0x1 0 0 0 0x0 6 6 55 0x1 9 9 20 0x1  16 0
14 129 4413 56 0 0 0x1 0 0 0 0x0 7 7 65 0x0 19 19 75 0x0  56 0
16 130 4413 79 0 0 0x1 0 0 0 0x0 3 3 42 0x1 20 20 85 0x0  18 0
18 129 4413 107 0 0 0x1 0 0 0 0x0 7 7 65 0x0 20 20 84 0x0  40 0
20 132 4413 63 0 0 0x1 0 0 0 0x0 5 5 65 0x1 20 20 87 0x0  67 0
22 130 4412 108 0 0 0x1 0 0 0 0x0 5 5 41 0x0 21 21 90 0x1  10 0
24 130 4413 62 0 0 0x1 0 0 0 0x0 6 6 62 0x0 21 21 84 0x0  27 0
26 128 4412 69 0 0 0x1 0 0 0 0x0 3 3 44 0x1 20 20 86 0x0  89 0
28 130 4412 110 0 0 0x1 0 0 0 0x0 7 7 60 0x0 20 20 86 0x0  4 0
30 128 4413 101 0 0 0x1 0 0 0 0x0 6 6 71 0x1 21 21 82 0x0  57 0
32 127 4413 98 0 0 0x1 0 0 0 0x0 5 4 29 0x0 20 20 84 0x0  86 0
34 128 4413 60 0 0 0x1 0 0 0 0x0 6 6 68 0x1 20 20 92 0x1  17 0
36 127 4413 100 0 0 0x1 0 0 0 0x0 5 5 49 0x1 21 21 85 0x0  18 0
38 129 4412 104 0 0 0x1 0 0 0 0x0 4 4 32 0x1 16 16 69 0x0  41 0
40 127 4413 74 0 0 0x1 0 0 0 0x0 7 7 59 0x0 12 12 52 0x0  22 0
42 130 4413 92 0 0 0x1 0 0 0 0x0 3 3 29 0x0 16 16 59 0x1  8 0
44 127 4413 53 0 0 0x1 0 0 0 0x0 2 2 29 0x1 9 9 17 0x1  38 0
46 127 4413 66 0 0 0x1 0 0 0 0x0 7 7 58 0x0 10 10 30 0x0  49 1
48 126 4413 95 0 0 0x1 0 0 0 0x0 3 3 31 0x1 20 20 85 0x0  19 1
50 126 4412 49 0 0 0x1 0 0 0 0x0 7 7 60 0x0 20 20 87 0x0  99 1
52 130 4413 71 0 0 0x1 0 0 0 0x0 4 4 50 0x1 21 21 82 0x0  15 0
54 126 4412 67 0 0 0x1 0 0 0 0x0 4 4 27 0x0 20 20 90 0x1  32 1
56 124 4413 85 0 0 0x1 0 0 0 0x0 7 6 56 0x0 22 22 86 0x0  76 0
58 124 4413 66 0 0 0x1 0 0 0 0x0 3 3 39 0x1 21 21 84 0x0  61 1
60 127 4413 35 0 0 0x1 0 0 0 0x0 7 7 60 0x0 20 20 86 0x0  50 0
62 124 4413 94 0 0 0x1 0 0 0 0x0 6 6 71 0x1 20 20 85 0x0  78 0
64 122 4412 93 0 0 0x1 0 0 0 0x0 3 3 14 0x0 20 20 86 0x0  30 0
66 123 4413 94 0 0 0x1 0 0 0 0x0 6 6 71 0x1 20 20 83 0x0  34 1
68 123 4412 29 0 0 0x1 0 0 0 0x0 4 4 41 0x1 20 20 86 0x0  51 0
70 126 4413 37 0 0 0x1 0 0 0 0x0 6 6 51 0x0 20 20 85 0x1  27 0
72 125 4412 61 0 0 0x1 0 0 0 0x0 6 6 71 0x1 15 15 54 0x0  58 0
74 124 4413 38 0 0 0x1 0 0 0 0x0 4 4 29 0x0 18 18 74 0x1  23 0
76 125 4413 100 0 0 0x1 0 0 0 0x0 6 6 70 0x1 11 11 34 0x1  13 0
78 124 4413 35 0 0 0x1 0 0 0 0x0 6 6 61 0x1 8 8 16 0x0  72 0
80 53 4349 34 0 0 0x1 0 0 0 0x0 4 4 40 0x1 14 14 46 0x0  59 0
82 152 4324 32 0 0 0x1 0 0 0 0x0 7 7 61 0x0 21 21 84 0x0  41 0
84 100 4335 31 0 0 0x1 0 0 0 0x0 3 3 30 0x0 20 20 85 0x0  9 0
86 52 4341 16 0 0 0x1 0 0 0 0x0 7 6 60 0x1 20 20 86 0x0  47 0
88 158 4320 20 0 0 0x1 0 0 0 0x0 7 7 60 0x0 21 21 84 0x0  49 0
90 53 4336 25 0 0 0x1 0 0 0 0x0 3 3 39 0x1 21 21 84 0x0  50 0
92 180 4315 32 0 0 0x1 0 0 0 0x0 7 7 60 0x0 20 20 86 0x0  40 0
94 170 4304 15 0 0 0x1 0 0 0 0x0 2 2 30 0x1 21 21 88 0x0  62 0
96 178 4310 26 0 0 0x1 0 0 0 0x0 7 7 54 0x0 20 20 86 0x0  45 0
98 54 4335 31 0 0 0x1 0 0 0 0x0 6 6 76 0x1 20 20 87 0x0  45 0
100 175 4289 21 0 0 0x1 0 0 0 0x0 4 4 31 0x0 21 21 86 0x0  92 0
102 63 4325 15 0 0 0x1 0 0 0 0x0 6 6 64 0x0 20 20 84 0x0  57 0
104 182 4288 31 0 0 0x1 0 0 0 0x0 2 2 32 0x1 20 20 85 0x0  24 0
106 54 4332 32 0 0 0x1 0 0 0 0x0 6 6 48 0x0 20 20 86 0x0  7 0
108 107 4320 34 0 0 0x1 0 0 0 0x0 6 6 73 0x1 20 20 88 0x0  40 0
110 236 4279 29 0 0 0x1 0 0 0 0x0 2 2 21 0x1 7 7 20 0x1  25 0
112 106 4311 28 0 0 0x1 0 0 0 0x0 6 6 49 0x0 7 7 17 0x1  48 0
114 232 4290 30 0 0 0x1 0 0 0 0x0 6 6 74 0x1 19 19 70 0x0  67 0
116 59 4326 37 0 0 0x1 0 0 0 0x0 4 4 30 0x0 21 21 85 0x0  8 0
118 289 4270 31 0 0 0x1 0 0 0 0x0 7 6 67 0x1 20 20 83 0x0  25 0
120 179 4290 35 0 0 0x1 0 0 0 0x0 4 4 39 0x1 20 20 85 0x0  84 0
122 82 4320 16 0 0 0x1 0 0 0 0x0 6 6 58 0x1 21 21 88 0x0  24 0
124 111 4319 28 0 0 0x1 0 0 0 0x0 7 7 60 0x0 20 20 83 0x0  71 0
126 55 4318 38 0 0 0x1 0 0 0 0x0 3 3 40 0x1 18 18 72 0x0  39 0
128 187 4294 31 0 0 0x1 0 0 0 0x0 7 7 61 0x0 21 21 90 0x1  22 0
130 190 4267 28 0 0 0x1 0 0 0 0x0 5 5 59 0x1 21 21 87 0x0  56 0
132 180 4296 37 0 0 0x1 0 0 0 0x0 6 6 44 0x0 20 20 84 0x0  45 0
134 134 4308 31 0 0 0x1 0 0 0 0x0 6 6 61 0x0 20 20 85 0x0  33 1
136 253 4274 29 0 0 0x1 0 0 0 0x0 3 3 39 0x1 20 20 85 0x0  22 1
138 54 4318 38 0 0 0x1 0 0 0 0x0 7 7 61 0x0 20 20 83 0x0  54 0
140 53 4318 30 0 0 0x1 0 0 0 0x0 6 6 70 0x1 21 21 85 0x0  14 0
142 110 4309 34 0 0 0x1 0 0 0 0x0 4 4 29 0x0 16 16 70 0x1  10 0
144 114 4300 31 0 0 0x1 0 0 0 0x0 6 6 70 0x1 8 8 18 0x1  84 0
146 158 4284 27 0 0 0x1 0 0 0 0x0 4 4 43 0x1 10 10 24 0x0  43 1
148 63 4314 26 0 0 0x1 0 0 0 0x0 7 6 52 0x0 20 20 85 0x0  23 0
150 187 4290 30 0 0 0x1 0 0 0 0x0 7 7 73 0x0 20 20 86 0x0  49 1
152 175 4282 36 0 0 0x1 0 0 0 0x0 2 2 25 0x1 20 20 84 0x0  44 0
154 254 4273 25 0 0 0x1 0 0 0 0x0 7 7 64 0x1 20 20 85 0x0  28 0
156 54 4315 29 0 0 0x1 0 0 0 0x0 6 6 59 0x1 21 21 84 0x0  19 0
158 54 4312 33 0 0 0x1 0 0 0 0x0 4 4 38 0x1 22 22 90 0x0  58 0
160 64 4315 35 0 0 0x1 0 0 0 0x0 7 7 60 0x0 20 20 84 0x0  13 0
162 178 4282 31 0 0 0x1 0 0 0 0x0 3 3 40 0x1 20 20 84 0x0  12 0
164 197 4283 24 0 0 0x1 0 0 0 0x0 8 7 57 0x0 20 20 85 0x0  97 0
166 54 4313 24 0 0 0x1 0 0 0 0x0 6 6 60 0x0 20 20 87 0x0  18 1
168 188 4283 18 0 0 0x1 0 0 0 0x0 4 4 39 0x0 20 20 85 0x0  18 1
170 54 4311 27 0 0 0x1 0 0 0 0x0 6 6 61 0x0 21 21 86 0x0  50 0
172 292 4256 29 0 0 0x1 0 0 0 0x0 5 5 60 0x1 20 20 91 0x1  22 0
174 142 4291 21 0 0 0x1 0 0 0 0x0 6 6 40 0x0 20 20 87 0x1  59 1
176 133 4295 24 0 0 0x1 0 0 0 0x0 6 6 70 0x1 12 12 43 0x1  27 0
178 54 4301 29 0 0 0x1 0 0 0 0x0 5 5 33 0x0 8 8 20 0x1  41 1
180 59 4307 38 0 0 0x1 0 0 0 0x0 6 6 60 0x0 13 13 41 0x1  28 0
182 178 4289 35 0 0 0x1 0 0 0 0x0 6 6 69 0x1 21 21 84 0x0  70 0
184 82 4301 26 0 0 0x1 0 0 0 0x0 4 4 31 0x0 20 20 87 0x0  19 0
186 182 4286 25 0 0 0x1 0 0 0 0x0 6 6 70 0x1 21 21 86 0x0  14 0
188 192 4273 18 0 0 0x1 0 0 0 0x0 5 5 51 0x1 20 20 87 0x0  57 1
190 122 4280 20 0 0 0x1 0 0 0 0x0 5 5 41 0x0 20 20 83 0x0  15 0
192 54 4308 23 0 0 0x1 0 0 0 0x0 7 7 72 0x0 20 20 84 0x0  27 1
194 96 4298 33 0 0 0x1 0 0 0 0x0 3 3 33 0x0 20 20 86 0x0  49 0
196 316 4271 30 0 0 0x1 0 0 0 0x0 6 6 68 0x1 20 20 83 0x0  14 0
198 63 4302 15 0 0 0x1 0 0 0 0x0 5 5 38 0x0 21 21 82 0x0  41 0
200 230 4280 29 0 0 0x1 0 0 0 0x0 4 3 39 0x1 20 20 84 0x0  48 0
202 54 4267 28 0 0 0x1 0 0 0 0x0 6 6 59 0x1 20 20 85 0x1  27 0
204 159 4274 28 0 0 0x1 0 0 0 0x0 1 1 9 0x1 21 21 83 0x0  11 0
206 58 4302 40 0 0 0x1 0 0 0 0x0 6 6 51 0x0 20 20 84 0x0  84 0
208 193 4279 16 0 0 0x1 0 0 0 0x0 6 6 63 0x0 20 20 85 0x0  26 0
210 123 4274 33 0 0 0x1 0 0 0 0x0 4 4 45 0x1 8 8 30 0x1  48 0
212 139 4284 21 0 0 0x1 0 0 0 0x0 7 7 59 0x0 9 9 20 0x1  36 1
214 68 4304 27 0 0 0x1 0 0 0 0x0 4 4 46 0x1 15 15 60 0x0  54 1
216 54 4303 36 0 0 0x1 0 0 0 0x0 5 4 29 0x0 21 21 86 0x0  15 0
218 101 4292 17 0 0 0x1 0 0 0 0x0 6 6 69 0x1 20 20 82 0x0  25 0
220 189 4268 27 0 0 0x1 0 0 0 0x0 4 4 40 0x1 20 20 83 0x0  42 0
222 181 4279 30 0 0 0x1 0 0 0 0x0 6 6 50 0x0 20 20 85 0x0  20 0
224 53 4304 24 0 0 0x1 0 0 0 0x0 4 4 48 0x1 21 21 87 0x0  18 0
226 169 4277 33 0 0 0x1 0 0 0 0x0 5 5 34 0x0 20 20 86 0x0  39 0
228 82 4297 17 0 0 0x1 0 0 0 0x0 6 6 74 0x1 21 21 85 0x0  66 1
230 205 4264 32 0 0 0x1 0 0 0 0x0 6 6 64 0x1 20 20 84 0x0  11 0
232 58 4302 23 0 0 0x1 0 0 0 0x0 5 5 45 0x1 20 20 87 0x0  60 0
234 145 4286 27 0 0 0x1 0 0 0 0x0 5 5 40 0x0 20 20 84 0x0  13 0
236 174 4270 28 0 0 0x1 0 0 0 0x0 3 3 40 0x1 20 20 91 0x0  19 1
238 63 4299 16 0 0 0x1 0 0 0 0x0 7 7 60 0x0 20 20 87 0x1  63 1
240 54 4300 34 0 0 0x1 0 0 0 0x0 6 6 69 0x1 22 22 86 0x0  45 1
242 632 4205 33 0 0 0x1 0 0 0 0x0 1 1 9 0x1 18 18 72 0x0  54 0
244 159 4272 33 0 0 0x1 0 0 0 0x0 7 7 53 0x0 7 7 16 0x0  47 0
246 302 4244 31 0 0 0x1 0 0 0 0x0 4 4 51 0x1 7 7 20 0x1  23 0
248 113 4287 15 0 0 0x1 0 0 0 0x0 7 6 46 0x0 19 19 75 0x0  19 0
250 106 4292 34 0 0 0x1 0 0 0 0x0 6 6 71 0x1 20 20 82 0x0  44 0
252 110 4275 33 0 0 0x1 0 0 0 0x0 4 4 29 0x0 19 19 79 0x0  19 1
254 179 4277 33 0 0 0x1 0 0 0 0x0 6 6 61 0x0 20 20 84 0x0  9 0
256 54 4297 20 0 0 0x1 0 0 0 0x0 6 6 71 0x1 21 21 83 0x0  63 0
258 180 4273 26 0 0 0x1 0 0 0 0x0 4 4 30 0x0 20 20 91 0x1  10 0
260 54 4302 30 0 0 0x1 0 0 0 0x0 6 6 74 0x1 21 21 86 0x0  9 0
262 164 4265 17 0 0 0x1 0 0 0 0x0 4 4 43 0x1 20 20 85 0x0  71 0
264 55 4300 22 0 0 0x1 0 0 0 0x0 7 6 57 0x1 20 20 84 0x0  12 1
266 90 4297 37 0 0 0x1 0 0 0 0x0 7 7 60 0x0 20 20 85 0x0  25 0
268 116 4281 25 0 0 0x1 0 0 0 0x0 3 3 37 0x1 21 21 85 0x0  58 0
270 101 4269 33 0 0 0x1 0 0 0 0x0 7 7 61 0x0 19 19 81 0x1  29 0
272 192 4272 17 0 0 0x1 0 0 0 0x0 5 5 60 0x1 21 21 87 0x0  43 0
274 59 4296 33 0 0 0x1 0 0 0 0x0 5 4 39 0x1 21 20 86 0x0  83 0
276 245 4254 42 0 0 0x1 0 0 0 0x0 7 7 59 0x0 12 12 43 0x1  23 0
278 109 4269 32 0 0 0x1 0 0 0 0x0 4 4 46 0x1 9 9 20 0x1  11 0
280 201 4259 33 0 0 0x1 0 0 0 0x0 7 7 60 0x0 13 13 35 0x0  32 0
282 101 4289 24 0 0 0x1 0 0 0 0x0 6 6 70 0x1 20 20 84 0x0  46 0
284 98 4280 26 0 0 0x1 0 0 0 0x0 5 5 32 0x0 20 20 85 0x0  19 1
286 96 4284 35 0 0 0x1 0 0 0 0x0 6 6 60 0x0 21 21 87 0x0  52 0
288 150 4275 29 0 0 0x1 0 0 0 0x0 5 5 59 0x1 20 20 86 0x0  7 1
290 207 4270 24 0 0 0x1 0 0 0 0x0 6 5 39 0x0 21 21 86 0x0  35 0
292 54 4295 20 0 0 0x1 0 0 0 0x0 7 7 70 0x1 20 20 84 0x0  83 0
294 152 4273 28 0 0 0x1 0 0 0 0x0 5 4 30 0x0 21 21 88 0x0  14 0
296 53 4297 32 0 0 0x1 0 0 0 0x0 6 6 70 0x1 19 19 78 0x0  13 0
298 276 4266 30 0 0 0x1 0 0 0 0x0 7 7 59 0x0 21 21 82 0x0  54 0
300 94 4290 22 0 0 0x1 0 0 0 0x0 4 4 31 0x0 20 20 85 0x0  62 0
302 101 4284 27 0 0 0x1 0 0 0 0x0 7 7 70 0x0 20 20 87 0x0  5 0
304 252 4255 29 0 0 0x1 0 0 0 0x0 5 5 49 0x1 20 20 85 0x0  47 0
306 54 4293 26 0 0 0x1 0 0 0 0x0 5 5 41 0x1 19 19 76 0x0  34 0
308 182 4272 35 0 0 0x1 0 0 0 0x0 7 7 60 0x0 21 21 90 0x0  17 0
310 118 4271 41 0 0 0x1 0 0 0 0x0 4 4 41 0x1 7 7 25 0x1  86 0
312 272 4251 29 0 0 0x1 0 0 0 0x0 7 7 60 0x0 8 8 17 0x1  8 0
314 63 4292 19 0 0 0x1 0 0 0 0x0 6 6 69 0x1 17 16 56 0x0  15 0
316 221 4256 29 0 0 0x1 0 0 0 0x0 5 5 31 0x0 20 20 83 0x0  39 0
318 58 4288 31 0 0 0x1 0 0 0 0x0 7 7 60 0x0 12 12 50 0x0  30 1
320 228 4253 28 0 0 0x1 0 0 0 0x0 4 4 48 0x1 20 20 83 0x0  14 0
322 152 4276 38 0 0 0x1 0 0 0 0x0 7 6 49 0x0 20 20 84 0x0  43 0
324 54 4292 25 0 0 0x1 0 0 0 0x0 6 6 69 0x1 20 20 81 0x0  27 0
326 181 4267 25 0 0 0x1 0 0 0 0x0 5 4 30 0x0 21 21 84 0x0  25 0
328 176 4272 38 0 0 0x1 0 0 0 0x0 6 6 69 0x1 20 20 84 0x0  54 0
330 214 4264 30 0 0 0x1 0 0 0 0x0 6 6 60 0x1 20 20 83 0x0  54 0
332 53 4294 31 0 0 0x1 0 0 0 0x0 5 5 41 0x1 20 20 85 0x0  8 0
334 180 4259 19 0 0 0x1 0 0 0 0x0 7 7 60 0x0 20 20 86 0x0  56 0
336 220 4262 21 0 0 0x1 0 0 0 0x0 3 3 42 0x1 20 20 84 0x0  19 0
338 252 4263 30 0 0 0x1 0 0 0 0x0 5 5 40 0x0 20 20 84 0x1  15 1
340 148 4277 32 0 0 0x1 0 0 0 0x0 6 6 60 0x0 20 20 86 0x1  55 0
342 105 4280 30 0 0 0x1 0 0 0 0x0 3 3 40 0x1 18 18 77 0x1  12 0
344 227 4261 22 0 0 0x1 0 0 0 0x0 7 7 60 0x0 8 8 19 0x1  28 0
346 273 4236 30 0 0 0x1 0 0 0 0x0 5 5 61 0x1 7 7 17 0x1  44 0
348 189 4263 35 0 0 0x1 0 0 0 0x0 6 5 39 0x0 19 19 76 0x0  55 0
350 138 4288 34 0 0 0x1 0 0 0 0x0 6 6 60 0x0 19 19 78 0x0  29 0
352 229 4254 32 0 0 0x1 0 0 0 0x0 3 3 41 0x1 20 20 85 0x0  12 0
354 178 4275 20 0 0 0x1 0 0 0 0x0 7 7 61 0x0 19 19 79 0x0  72 1
356 54 4289 33 0 0 0x1 0 0 0 0x0 6 6 71 0x1 21 21 84 0x0  56 1
358 148 4273 29 0 0 0x1 0 0 0 0x0 4 4 25 0x0 21 21 89 0x0  65 0
360 53 4290 17 0 0 0x1 0 0 0 0x0 6 6 71 0x1 20 19 87 0x0  47 0
362 161 4262 41 0 0 0x1 0 0 0 0x0 4 4 41 0x1 17 18 70 0x1  33 0
364 55 4289 37 0 0 0x1 0 0 0 0x0 5 5 49 0x1 21 21 85 0x0  53 0
366 217 4261 35 0 0 0x1 0 0 0 0x0 7 7 58 0x0 17 17 66 0x0  12 0
368 54 4290 33 0 0 0x1 0 0 0 0x0 4 4 30 0x0 21 21 83 0x0  20 0
370 222 4263 14 0 0 0x1 0 0 0 0x0 6 6 71 0x1 20 20 85 0x0  69 0
372 157 4264 25 0 0 0x1 0 0 0 0x0 6 6 49 0x1 21 21 84 0x0  13 0
374 53 4285 10 0 0 0x1 0 0 0 0x0 3 3 22 0x1 21 21 85 0x0  34 0
376 103 4275 30 0 0 0x1 0 0 0 0x0 7 7 63 0x0 14 14 62 0x1  81 0
378 64 4277 20 0 0 0x1 0 0 0 0x0 4 4 46 0x1 8 8 20 0x1  16 0
380 185 4260 20 0 0 0x1 0 0 0 0x0 7 7 60 0x0 10 10 31 0x0  31 0
382 59 4286 35 0 0 0x1 0 0 0 0x0 6 6 59 0x0 20 20 85 0x0  43 0
384 197 4261 32 0 0 0x1 0 0 0 0x0 4 4 39 0x0 19 19 74 0x0  24 0
386 56 4289 21 0 0 0x1 0 0 0 0x0 6 6 60 0x0 20 20 84 0x0  13 0
388 161 4246 28 0 0 0x1 0 0 0 0x0 4 4 54 0x1 20 20 90 0x1  54 0
390 54 4289 29 0 0 0x1 0 0 0 0x0 6 6 53 0x0 21 21 85 0x0  111 0
392 54 4288 29 0 0 0x1 0 0 0 0x0 6 6 76 0x1 20 20 87 0x0  21 0
394 54 4285 29 0 0 0x1 0 0 0 0x0 4 4 31 0x0 20 20 84 0x0  59 0
396 54 4288 28 0 0 0x1 0 0 0 0x0 6 6 74 0x1 21 21 85 0x0  10 0
398 305 4243 31 0 0 0x1 0 0 0 0x0 6 6 63 0x1 20 20 87 0x0  19 0
400 54 4287 26 0 0 0x1 0 0 0 0x0 2 2 10 0x0 20 20 85 0x0  57 0
402 207 4258 25 0 0 0x1 0 0 0 0x0 7 6 69 0x1 21 21 84 0x0  12 0
404 211 4248 19 0 0 0x1 0 0 0 0x0 4 4 41 0x1 20 20 86 0x0  21 0
406 54 4284 26 0 0 0x1 0 0 0 0x0 6 6 61 0x1 20 20 86 0x0  45 0
408 90 4286 29 0 0 0x1 0 0 0 0x0 7 7 61 0x0 20 20 84 0x0  20 0
410 99 4266 34 0 0 0x1 0 0 0 0x0 4 3 40 0x1 12 12 43 0x1  9 0
412 175 4262 20 0 0 0x1 0 0 0 0x0 7 7 60 0x0 10 10 20 0x1  82 0
414 212 4253 26 0 0 0x1 0 0 0 0x0 5 5 59 0x1 15 15 48 0x0  41 0
416 180 4264 33 0 0 0x1 0 0 0 0x0 6 6 42 0x0 20 20 85 0x0  12 0
418 134 4274 28 0 0 0x1 0 0 0 0x0 6 6 63 0x0 20 20 85 0x0  49 0
420 181 4255 28 0 0 0x1 0 0 0 0x0 4 4 46 0x1 20 20 87 0x0  57 0
422 64 4285 20 0 0 0x1 0 0 0 0x0 7 7 64 0x0 20 20 91 0x1  52 0
424 69 4275 30 0 0 0x1 0 0 0 0x0 6 6 74 0x1 20 20 86 0x1  56 0
426 56 4286 24 0 0 0x1 0 0 0 0x0 5 5 33 0x0 22 22 85 0x0  26 0
428 64 4281 16 0 0 0x1 0 0 0 0x0 6 6 73 0x1 20 20 87 0x0  35 0
430 159 4260 25 0 0 0x1 0 0 0 0x0 5 5 46 0x1 20 20 87 0x0  45 0
432 83 4279 28 0 0 0x1 0 0 0 0x0 6 6 49 0x0 21 21 85 0x0  11 0
434 180 4264 17 0 0 0x1 0 0 0 0x0 7 7 70 0x0 20 20 86 0x0  33 0
436 53 4285 29 0 0 0x1 0 0 0 0x0 4 3 28 0x0 20 20 89 0x1  46 0
438 179 4262 23 0 0 0x1 0 0 0 0x0 6 6 70 0x1 20 20 80 0x1  23 0
440 227 4244 24 0 0 0x1 0 0 0 0x0 6 6 59 0x1 20 20 84 0x1  12 0
442 199 4252 24 0 0 0x1 0 0 0 0x0 5 5 40 0x1 20 20 84 0x1  67 0
444 110 4272 29 0 0 0x1 0 0 0 0x0 7 7 60 0x0 11 11 21 0x1  42 0
446 206 4243 37 0 0 0x1 0 0 0 0x0 3 3 43 0x1 10 10 20 0x0  6 0
# window_from=82  # samples before this mark saw a lit panel
