# t_s cur_mA v_mV APSS_sd APSS_xosd APSS_xopct APSS_cores LPASS_sd LPASS_xosd LPASS_xopct LPASS_cores MPSS_sd MPSS_xosd MPSS_xopct MPSS_cores PRONTO_sd PRONTO_xosd PRONTO_xopct PRONTO_cores smd_irq_total_per_s modem_irq_per_s
2 148 3858 28 0 0 0x1 0 0 0 0x0 2 1 0 0x0 20 20 86 0x0  71 0
4 118 3861 46 0 0 0x1 0 0 0 0x0 6 6 77 0x1 14 14 57 0x1  53 0
6 160 3844 44 0 0 0x1 0 0 0 0x0 5 5 53 0x1 7 7 15 0x1  78 0
8 57 3873 32 0 0 0x1 0 0 0 0x0 5 5 52 0x1 11 11 25 0x0  10 0
10 172 3847 43 0 0 0x1 0 0 0 0x0 5 5 53 0x1 20 20 86 0x0  81 0
12 59 3870 32 0 0 0x1 0 0 0 0x0 3 3 27 0x1 21 21 86 0x0  50 0
14 58 3855 38 0 0 0x1 0 0 0 0x0 7 7 64 0x0 20 20 92 0x1  13 0
16 161 3851 38 0 0 0x1 0 0 0 0x0 6 6 66 0x0 21 21 86 0x0  11 0
18 59 3867 33 0 0 0x1 0 0 0 0x0 3 3 43 0x1 20 20 86 0x0  49 0
20 274 3818 26 0 0 0x1 0 0 0 0x0 5 5 55 0x1 20 20 87 0x0  57 0
22 195 3840 34 0 0 0x1 0 0 0 0x0 4 4 40 0x1 19 19 85 0x1  13 0
24 211 3836 33 0 0 0x1 0 0 0 0x0 6 6 55 0x0 22 22 84 0x0  26 0
26 59 3866 25 0 0 0x1 0 0 0 0x0 6 6 64 0x0 20 20 87 0x0  45 0
28 102 3858 33 0 0 0x1 0 0 0 0x0 4 4 44 0x0 21 21 86 0x0  20 0
30 163 3843 29 0 0 0x1 0 0 0 0x0 4 4 56 0x1 20 20 85 0x0  57 1
32 58 3864 30 0 0 0x1 0 0 0 0x0 6 6 63 0x1 20 20 86 0x0  9 0
34 78 3863 32 0 0 0x1 0 0 0 0x0 4 4 32 0x0 20 20 86 0x0  11 0
36 57 3863 31 0 0 0x1 0 0 0 0x0 6 6 76 0x1 20 20 87 0x0  69 0
38 211 3827 29 0 0 0x1 0 0 0 0x0 4 4 43 0x1 11 11 43 0x1  15 0
40 208 3825 31 0 0 0x1 0 0 0 0x0 4 4 43 0x1 8 8 18 0x1  56 1
42 167 3834 33 0 0 0x1 0 0 0 0x0 7 7 62 0x0 14 14 49 0x0  39 0
44 76 3859 31 0 0 0x1 0 0 0 0x0 3 3 31 0x0 20 20 86 0x0  8 0
46 241 3824 35 0 0 0x1 0 0 0 0x0 6 6 78 0x1 20 20 85 0x0  59 0
48 101 3860 50 0 0 0x1 0 0 0 0x0 6 6 66 0x1 20 20 85 0x0  15 0
50 160 3835 18 0 0 0x1 0 0 0 0x0 3 3 21 0x1 20 20 86 0x0  24 0
52 57 3861 41 0 0 0x1 0 0 0 0x0 7 7 59 0x0 21 21 85 0x0  43 1
54 156 3829 35 0 0 0x1 0 0 0 0x0 4 4 41 0x0 20 20 86 0x0  11 0
56 70 3856 32 0 0 0x1 0 0 0 0x0 6 6 59 0x0 19 19 79 0x0  34 0
58 162 3838 34 0 0 0x1 0 0 0 0x0 8 8 68 0x0 21 21 89 0x1  39 0
60 163 3832 31 0 0 0x1 0 0 0 0x0 2 2 25 0x1 20 20 79 0x0  39 0
62 194 3839 31 0 0 0x1 0 0 0 0x0 6 6 58 0x1 20 20 84 0x0  8 1
64 191 3818 34 0 0 0x1 0 0 0 0x0 4 4 34 0x1 20 20 85 0x0  57 0
66 117 3848 38 0 0 0x1 0 0 0 0x0 7 7 51 0x0 20 20 84 0x0  85 0
68 58 3857 35 0 0 0x1 0 0 0 0x0 7 7 67 0x1 20 20 84 0x0  26 3
70 166 3833 32 0 0 0x1 0 0 0 0x0 3 3 28 0x1 21 21 85 0x0  58 1
72 222 3822 37 0 0 0x1 0 0 0 0x0 6 6 48 0x0 8 8 25 0x1  8 0
74 234 3820 27 0 0 0x1 0 0 0 0x0 5 5 62 0x1 8 8 20 0x1  9 0
76 57 3853 39 0 0 0x1 0 0 0 0x0 5 5 41 0x0 16 16 64 0x1  101 1
78 164 3836 28 0 0 0x1 0 0 0 0x0 6 6 72 0x1 21 21 87 0x0  7 0
80 173 3811 29 0 0 0x1 0 0 0 0x0 3 3 31 0x1 20 20 86 0x0  18 0
82 240 3819 40 0 0 0x1 0 0 0 0x0 6 6 58 0x1 17 17 66 0x1  54 0
84 115 3841 33 0 0 0x1 0 0 0 0x0 7 7 64 0x0 21 21 80 0x0  20 0
86 99 3841 25 0 0 0x1 0 0 0 0x0 4 4 37 0x0 20 20 85 0x0  8 0
88 115 3847 39 0 0 0x1 0 0 0 0x0 6 6 76 0x1 20 20 77 0x0  39 0
90 197 3828 37 0 0 0x1 0 0 0 0x0 5 5 54 0x1 20 20 86 0x0  24 0
92 58 3857 33 0 0 0x1 0 0 0 0x0 6 6 56 0x1 20 20 89 0x1  35 0
94 59 3847 40 0 0 0x1 0 0 0 0x0 7 7 62 0x0 20 20 82 0x0  62 0
96 252 3819 24 0 0 0x1 0 0 0 0x0 3 3 42 0x1 20 20 86 0x0  46 1
98 59 3854 30 0 0 0x1 0 0 0 0x0 7 7 66 0x0 21 21 89 0x1  18 0
100 206 3824 49 0 0 0x1 0 0 0 0x0 5 5 66 0x1 21 21 86 0x0  65 0
102 58 3854 33 0 0 0x1 0 0 0 0x0 5 5 36 0x0 14 14 60 0x0  8 0
104 263 3818 22 0 0 0x1 0 0 0 0x0 6 6 66 0x0 16 16 72 0x1  28 0
106 198 3815 36 0 0 0x1 0 0 0 0x0 4 4 42 0x0 8 8 20 0x1  76 1
108 107 3840 31 0 0 0x1 0 0 0 0x0 5 5 53 0x1 9 9 15 0x0  18 1
110 212 3819 48 0 0 0x1 0 0 0 0x0 5 5 42 0x0 21 21 82 0x0  26 0
112 68 3844 30 0 0 0x1 0 0 0 0x0 4 4 39 0x0 20 20 86 0x0  43 0
114 159 3840 9 0 0 0x1 0 0 0 0x0 6 6 63 0x0 20 20 87 0x0  13 0
116 156 3829 26 0 0 0x1 0 0 0 0x0 4 4 53 0x1 21 21 87 0x0  8 0
118 57 3851 39 0 0 0x1 0 0 0 0x0 6 6 63 0x1 21 21 87 0x1  46 0
120 110 3853 41 0 0 0x1 0 0 0 0x0 5 5 40 0x0 21 21 86 0x0  22 0
122 75 3853 31 0 0 0x1 0 0 0 0x0 4 3 42 0x1 20 20 84 0x0  17 0
124 163 3832 31 0 0 0x1 0 0 0 0x0 7 7 64 0x0 20 20 84 0x0  55 0
126 218 3811 32 0 0 0x1 0 0 0 0x0 4 4 53 0x1 20 20 85 0x0  32 0
128 59 3852 35 0 0 0x1 0 0 0 0x0 5 5 43 0x0 21 21 86 0x0  64 0
130 249 3818 38 0 0 0x1 0 0 0 0x0 3 3 33 0x0 20 20 85 0x0  61 0
132 161 3825 36 0 0 0x1 0 0 0 0x0 3 3 33 0x0 20 20 85 0x0  11 0
134 58 3852 25 0 0 0x1 0 0 0 0x0 6 6 74 0x1 20 20 84 0x0  19 0
136 244 3818 34 0 0 0x1 0 0 0 0x0 7 7 67 0x0 20 20 87 0x0  98 0
138 108 3839 41 0 0 0x1 0 0 0 0x0 3 3 43 0x1 14 14 55 0x0  47 0
140 265 3803 30 0 0 0x1 0 0 0 0x0 5 5 40 0x0 9 9 18 0x1  20 1
142 160 3824 38 0 0 0x1 0 0 0 0x0 4 4 55 0x1 10 10 28 0x0  43 0
144 169 3827 29 0 0 0x1 0 0 0 0x0 6 6 55 0x0 20 20 87 0x0  29 0
146 68 3849 32 0 0 0x1 0 0 0 0x0 6 6 64 0x0 21 20 85 0x0  13 0
148 144 3829 30 0 0 0x1 0 0 0 0x0 4 4 43 0x0 20 20 86 0x0  66 0
150 64 3847 39 0 0 0x1 0 0 0 0x0 4 4 40 0x0 20 20 86 0x0  16 0
152 57 3851 30 0 0 0x1 0 0 0 0x0 6 6 77 0x1 21 21 89 0x1  8 0
154 219 3828 16 0 0 0x1 0 0 0 0x0 4 4 32 0x0 21 21 86 0x0  52 0
156 59 3851 32 0 0 0x1 0 0 0 0x0 6 6 76 0x1 20 20 87 0x0  38 0
158 167 3817 27 0 0 0x1 0 0 0 0x0 4 4 43 0x1 21 21 87 0x0  49 1
160 59 3851 33 0 0 0x1 0 0 0 0x0 3 3 29 0x1 20 20 87 0x0  23 0
162 198 3826 39 0 0 0x1 0 0 0 0x0 5 5 37 0x0 20 20 86 0x0  37 0
164 154 3813 39 0 0 0x1 0 0 0 0x0 1 1 21 0x1 20 20 86 0x0  28 0
166 63 3845 32 0 0 0x1 0 0 0 0x0 6 6 59 0x1 20 20 85 0x0  70 0
168 59 3849 18 0 0 0x1 0 0 0 0x0 6 6 63 0x1 21 21 86 0x0  22 0
170 58 3849 33 0 0 0x1 0 0 0 0x0 3 3 26 0x1 20 20 86 0x0  3 0
172 105 3846 44 0 0 0x1 0 0 0 0x0 7 7 64 0x0 11 11 36 0x1  55 0
174 169 3822 32 0 0 0x1 0 0 0 0x0 3 3 44 0x1 9 9 20 0x1  15 0
176 204 3823 31 0 0 0x1 0 0 0 0x0 7 7 66 0x0 14 14 49 0x0  8 0
178 58 3850 26 0 0 0x1 0 0 0 0x0 6 6 66 0x0 20 20 89 0x1  56 0
180 161 3830 27 0 0 0x1 0 0 0 0x0 3 3 44 0x1 21 21 85 0x0  10 0
182 189 3828 41 0 0 0x1 0 0 0 0x0 7 7 65 0x0 20 20 83 0x0  20 1
184 286 3820 31 0 0 0x1 0 0 0 0x0 5 5 65 0x1 20 20 85 0x0  57 0
186 57 3850 26 0 0 0x1 0 0 0 0x0 5 5 44 0x0 22 22 86 0x0  52 0
188 70 3841 30 0 0 0x1 0 0 0 0x0 6 6 67 0x0 20 20 87 0x0  14 0
190 59 3847 39 0 0 0x1 0 0 0 0x0 3 3 28 0x0 20 20 87 0x0  39 0
192 59 3848 39 0 0 0x1 0 0 0 0x0 6 6 67 0x0 20 20 86 0x0  58 0
194 158 3838 28 0 0 0x1 0 0 0 0x0 6 6 75 0x1 20 20 87 0x0  21 0
196 63 3847 28 0 0 0x1 0 0 0 0x0 5 4 30 0x0 20 20 88 0x0  84 0
198 220 3816 31 0 0 0x1 0 0 0 0x0 6 6 73 0x1 22 21 91 0x0  22 0
200 155 3825 25 0 0 0x1 0 0 0 0x0 2 2 21 0x1 20 21 87 0x0  11 0
202 168 3827 34 0 0 0x1 0 0 0 0x0 7 7 67 0x1 20 20 86 0x0  42 0
204 58 3850 29 0 0 0x1 0 0 0 0x0 7 7 64 0x0 19 19 84 0x1  21 0
206 116 3830 31 0 0 0x1 0 0 0 0x0 4 4 34 0x0 8 8 17 0x1  19 0
208 116 3835 27 0 0 0x1 0 0 0 0x0 6 6 74 0x1 8 8 14 0x0  56 0
210 171 3818 17 0 0 0x1 0 0 0 0x0 4 4 41 0x1 18 18 72 0x0  15 0
212 135 3836 30 0 0 0x1 0 0 0 0x0 5 5 43 0x1 20 20 87 0x0  20 0
214 59 3846 30 0 0 0x1 0 0 0 0x0 7 7 60 0x0 20 20 91 0x1  45 1
216 130 3837 40 0 0 0x1 0 0 0 0x0 4 4 43 0x1 22 21 86 0x0  29 0
218 58 3849 41 0 0 0x1 0 0 0 0x0 7 7 61 0x0 20 21 88 0x0  49 0
220 165 3819 28 0 0 0x1 0 0 0 0x0 4 4 42 0x0 20 20 87 0x0  51 0
222 66 3843 34 0 0 0x1 0 0 0 0x0 4 4 45 0x1 20 20 86 0x0  25 0
224 185 3824 30 0 0 0x1 0 0 0 0x0 6 6 44 0x0 20 20 85 0x0  10 0
226 347 3803 41 0 0 0x1 0 0 0 0x0 5 5 64 0x1 20 20 85 0x0  90 0
228 59 3845 39 0 0 0x1 0 0 0 0x0 6 6 44 0x0 21 21 84 0x0  25 0
230 75 3842 20 0 0 0x1 0 0 0 0x0 4 4 51 0x1 20 20 85 0x0  47 0
232 100 3835 30 0 0 0x1 0 0 0 0x0 5 5 34 0x0 20 20 86 0x0  46 0
234 171 3833 34 0 0 0x1 0 0 0 0x0 6 6 64 0x0 21 21 89 0x0  12 0
236 58 3848 48 0 0 0x1 0 0 0 0x0 7 7 74 0x0 20 20 84 0x0  18 0
238 201 3807 36 0 0 0x1 0 0 0 0x0 2 2 20 0x1 17 17 60 0x0  56 0
240 117 3834 31 0 0 0x1 0 0 0 0x0 6 6 62 0x1 7 7 18 0x1  16 0
242 307 3808 31 0 0 0x1 0 0 0 0x0 5 5 53 0x1 10 10 25 0x0  18 0
244 59 3847 32 0 0 0x1 0 0 0 0x0 5 5 52 0x1 21 21 86 0x0  47 0
246 82 3835 23 0 0 0x1 0 0 0 0x0 7 7 63 0x0 20 20 85 0x0  48 1
248 59 3847 32 0 0 0x1 0 0 0 0x0 3 3 32 0x0 20 20 85 0x0  19 0
250 58 3847 33 0 0 0x1 0 0 0 0x0 7 7 77 0x0 20 20 85 0x0  55 0
252 59 3848 30 0 0 0x1 0 0 0 0x0 6 6 67 0x0 20 20 86 0x0  25 0
254 61 3832 30 0 0 0x1 0 0 0 0x0 3 3 43 0x1 20 20 87 0x0  92 0
256 162 3828 35 0 0 0x1 0 0 0 0x0 7 7 67 0x0 21 21 82 0x0  84 0
258 194 3821 33 0 0 0x1 0 0 0 0x0 4 4 53 0x1 20 20 86 0x0  19 0
260 163 3826 25 0 0 0x1 0 0 0 0x0 6 6 53 0x0 20 20 91 0x1  29 0
262 58 3847 26 0 0 0x1 0 0 0 0x0 6 6 66 0x0 21 21 85 0x0  69 0
264 308 3800 28 0 0 0x1 0 0 0 0x0 2 2 22 0x0 20 20 86 0x0  19 0
266 58 3828 37 0 0 0x1 0 0 0 0x0 6 6 66 0x0 12 12 50 0x0  46 0
268 162 3823 30 0 0 0x1 0 0 0 0x0 4 4 55 0x1 21 21 85 0x0  16 1
270 63 3848 32 0 0 0x1 0 0 0 0x0 6 5 44 0x0 20 20 86 0x0  8 0
272 58 3842 30 0 0 0x1 0 0 0 0x0 6 6 75 0x1 13 13 50 0x1  59 0
274 159 3829 36 0 0 0x1 0 0 0 0x0 4 4 30 0x0 7 7 20 0x1  7 0
276 334 3804 29 0 0 0x1 0 0 0 0x0 6 6 76 0x1 13 13 41 0x0  60 0
278 156 3822 34 0 0 0x1 0 0 0 0x0 5 5 55 0x1 20 20 85 0x0  41 0
280 107 3834 39 0 0 0x1 0 0 0 0x0 5 5 36 0x0 12 12 54 0x1  12 0
282 165 3824 40 0 0 0x1 0 0 0 0x0 7 7 78 0x0 18 18 71 0x0  32 0
284 61 3844 40 0 0 0x1 0 0 0 0x0 3 3 33 0x0 20 20 85 0x0  49 0
286 124 3830 36 0 0 0x1 0 0 0 0x0 6 6 74 0x1 22 22 85 0x0  30 0
288 162 3815 34 0 0 0x1 0 0 0 0x0 5 5 53 0x1 20 20 88 0x0  9 0
290 59 3846 34 0 0 0x1 0 0 0 0x0 4 4 40 0x1 20 20 88 0x0  44 0
292 163 3828 51 0 0 0x1 0 0 0 0x0 7 7 60 0x0 17 17 72 0x1  28 0
294 158 3823 34 0 0 0x1 0 0 0 0x0 4 4 42 0x1 21 21 83 0x0  15 1
296 164 3826 26 0 0 0x1 0 0 0 0x0 7 7 60 0x0 18 17 73 0x0  66 1
298 160 3822 34 0 0 0x1 0 0 0 0x0 5 5 60 0x1 21 21 84 0x0  37 1
300 167 3818 41 0 0 0x1 0 0 0 0x0 4 4 26 0x0 20 20 84 0x1  17 0
302 58 3846 31 0 0 0x1 0 0 0 0x0 6 6 63 0x0 19 19 78 0x0  59 0
304 227 3812 26 0 0 0x1 0 0 0 0x0 4 4 53 0x1 20 20 91 0x1  6 0
306 123 3831 31 0 0 0x1 0 0 0 0x0 7 6 51 0x0 12 12 28 0x1  36 0
308 348 3807 31 0 0 0x1 0 0 0 0x0 4 4 44 0x1 8 8 20 0x1  70 0
310 62 3844 36 0 0 0x1 0 0 0 0x0 4 4 23 0x0 17 17 63 0x0  17 1
312 63 3839 23 0 0 0x1 0 0 0 0x0 6 6 62 0x0 20 20 88 0x0  34 1
314 154 3828 34 0 0 0x1 0 0 0 0x0 6 6 71 0x1 21 21 85 0x0  39 0
316 57 3844 25 0 0 0x1 0 0 0 0x0 5 4 29 0x0 20 20 87 0x0  35 0
318 154 3822 38 0 0 0x1 0 0 0 0x0 5 5 59 0x1 20 20 87 0x0  17 0
320 159 3805 31 0 0 0x1 0 0 0 0x0 3 3 30 0x1 21 21 87 0x0  45 0
322 185 3822 32 0 0 0x1 0 0 0 0x0 7 7 64 0x1 20 20 85 0x0  14 0
324 58 3846 29 0 0 0x1 0 0 0 0x0 7 7 61 0x0 20 20 86 0x0  5 0
326 159 3824 36 0 0 0x1 0 0 0 0x0 4 4 33 0x0 20 20 78 0x0  59 0
328 220 3821 33 0 0 0x1 0 0 0 0x0 5 5 61 0x1 20 20 91 0x1  51 0
330 307 3810 13 0 0 0x1 0 0 0 0x0 5 5 51 0x1 21 21 87 0x0  27 1
332 58 3846 32 0 0 0x1 0 0 0 0x0 5 5 44 0x1 20 20 86 0x0  6 0
334 58 3842 28 0 0 0x1 0 0 0 0x0 7 7 61 0x0 10 10 42 0x0  42 0
336 197 3820 34 0 0 0x1 0 0 0 0x0 4 4 43 0x1 19 19 79 0x0  35 0
338 218 3812 34 0 0 0x1 0 0 0 0x0 5 5 50 0x1 18 18 72 0x0  44 0
340 223 3809 20 0 0 0x1 0 0 0 0x0 6 6 49 0x0 9 8 21 0x0  56 0
342 116 3830 35 0 0 0x1 0 0 0 0x0 4 4 40 0x1 7 8 17 0x1  9 0
344 280 3811 28 0 0 0x1 0 0 0 0x0 7 7 61 0x0 21 21 77 0x0  16 0
346 217 3801 41 0 0 0x1 0 0 0 0x0 5 5 61 0x1 20 20 91 0x1  104 0
348 221 3809 48 0 0 0x1 0 0 0 0x0 4 4 34 0x1 20 20 80 0x0  15 0
350 58 3845 25 0 0 0x1 0 0 0 0x0 6 6 62 0x1 20 20 85 0x0  17 1
352 207 3817 38 0 0 0x1 0 0 0 0x0 3 3 31 0x1 21 21 86 0x0  44 0
354 58 3832 42 0 0 0x1 0 0 0 0x0 7 7 61 0x1 20 20 85 0x0  22 1
356 70 3844 34 0 0 0x1 0 0 0 0x0 7 7 61 0x0 21 21 84 0x0  31 0
358 162 3821 31 0 0 0x1 0 0 0 0x0 2 2 23 0x1 20 20 83 0x0  62 0
360 69 3841 27 0 0 0x1 0 0 0 0x0 6 6 62 0x1 20 20 85 0x0  31 0
362 265 3811 32 0 0 0x1 0 0 0 0x0 5 5 51 0x1 20 20 91 0x1  15 0
364 59 3845 24 0 0 0x1 0 0 0 0x0 6 5 51 0x1 20 20 86 0x1  36 0
366 147 3817 35 0 0 0x1 0 0 0 0x0 7 7 59 0x0 20 20 86 0x1  28 0
368 165 3818 31 0 0 0x1 0 0 0 0x0 2 2 31 0x1 22 21 86 0x0  47 0
370 153 3822 30 0 0 0x1 0 0 0 0x0 6 6 46 0x0 20 21 87 0x0  52 0
372 194 3817 29 0 0 0x1 0 0 0 0x0 6 6 64 0x0 14 14 54 0x1  10 1
374 115 3830 30 0 0 0x1 0 0 0 0x0 4 4 47 0x1 9 9 19 0x1  9 0
376 164 3822 29 0 0 0x1 0 0 0 0x0 7 7 64 0x0 11 11 34 0x1  117 0
378 149 3814 21 0 0 0x1 0 0 0 0x0 4 4 51 0x1 20 20 77 0x0  16 0
380 178 3820 29 0 0 0x1 0 0 0 0x0 7 7 57 0x0 19 19 76 0x0  34 1
382 59 3841 51 0 0 0x1 0 0 0 0x0 6 6 76 0x1 20 20 83 0x0  54 0
384 157 3817 31 0 0 0x1 0 0 0 0x0 5 5 35 0x0 21 21 86 0x0  5 0
386 58 3845 30 0 0 0x1 0 0 0 0x0 6 6 64 0x0 20 20 82 0x1  21 0
388 240 3813 35 0 0 0x1 0 0 0 0x0 6 6 73 0x1 21 21 87 0x0  74 0
390 58 3844 22 0 0 0x1 0 0 0 0x0 5 5 34 0x0 20 20 86 0x0  22 0
392 59 3842 45 0 0 0x1 0 0 0 0x0 6 6 76 0x1 20 20 87 0x0  17 0
394 161 3812 29 0 0 0x1 0 0 0 0x0 4 4 43 0x1 20 20 86 0x0  52 0
396 142 3840 27 0 0 0x1 0 0 0 0x0 7 7 67 0x1 21 21 81 0x0  9 0
398 162 3824 28 0 0 0x1 0 0 0 0x0 7 7 62 0x0 20 20 85 0x0  25 0
400 59 3843 23 0 0 0x1 0 0 0 0x0 4 4 35 0x0 20 20 85 0x0  66 0
402 162 3823 35 0 0 0x1 0 0 0 0x0 7 7 75 0x0 21 21 85 0x0  33 0
404 158 3818 34 0 0 0x1 0 0 0 0x0 5 5 65 0x1 20 20 91 0x1  24 0
406 124 3794 49 0 0 0x1 0 0 0 0x0 5 5 46 0x1 12 12 36 0x1  47 0
408 128 3828 30 0 0 0x1 0 0 0 0x0 7 7 64 0x0 9 9 20 0x1  8 0
410 159 3814 35 0 0 0x1 0 0 0 0x0 3 3 41 0x1 15 15 48 0x0  82 0
412 58 3844 34 0 0 0x1 0 0 0 0x0 7 7 66 0x0 20 20 85 0x0  45 0
414 59 3839 28 0 0 0x1 0 0 0 0x0 6 6 78 0x1 21 21 86 0x0  26 0
416 155 3825 36 0 0 0x1 0 0 0 0x0 5 5 34 0x0 20 20 85 0x0  4 0
418 101 3841 34 0 0 0x1 0 0 0 0x0 6 6 61 0x0 20 20 88 0x0  72 0
420 303 3807 31 0 0 0x1 0 0 0 0x0 5 5 59 0x1 21 21 86 0x0  34 0
422 246 3799 40 0 0 0x1 0 0 0 0x0 3 2 19 0x1 20 20 89 0x1  19 0
424 155 3822 34 0 0 0x1 0 0 0 0x0 6 6 60 0x1 20 20 85 0x1  68 0
426 155 3818 36 0 0 0x1 0 0 0 0x0 5 4 30 0x0 22 22 85 0x0  23 1
428 83 3839 40 0 0 0x1 0 0 0 0x0 4 4 51 0x1 20 20 87 0x0  39 0
430 59 3844 30 0 0 0x1 0 0 0 0x0 7 7 62 0x0 20 20 87 0x0  32 1
432 74 3837 35 0 0 0x1 0 0 0 0x0 4 3 30 0x0 21 21 84 0x0  44 0
434 127 3831 24 0 0 0x1 0 0 0 0x0 6 6 71 0x1 20 20 86 0x0  20 1
436 203 3808 27 0 0 0x1 0 0 0 0x0 5 5 49 0x1 20 20 84 0x0  10 0
438 237 3806 32 0 0 0x1 0 0 0 0x0 4 3 31 0x1 20 20 85 0x0  41 1
440 214 3808 33 0 0 0x1 0 0 0 0x0 5 5 51 0x1 7 7 19 0x1  37 0
442 178 3814 30 0 0 0x1 0 0 0 0x0 5 5 26 0x0 8 8 17 0x1  11 1
444 58 3842 35 0 0 0x1 0 0 0 0x0 7 7 72 0x0 17 17 66 0x0  72 0
446 150 3822 29 0 0 0x1 0 0 0 0x0 6 6 60 0x0 20 20 90 0x1  14 0
448 59 3839 41 0 0 0x1 0 0 0 0x0 1 1 15 0x1 20 20 86 0x1  39 0
450 58 3840 15 0 0 0x1 0 0 0 0x0 8 7 58 0x0 20 20 82 0x0  66 0
452 209 3809 36 0 0 0x1 0 0 0 0x0 4 4 51 0x1 20 20 90 0x1  8 0
454 179 3815 21 0 0 0x1 0 0 0 0x0 5 5 41 0x0 21 21 85 0x1  25 0
456 173 3820 14 0 0 0x1 0 0 0 0x0 6 6 62 0x0 21 21 85 0x0  43 0
458 186 3815 32 0 0 0x1 0 0 0 0x0 4 4 35 0x0 20 20 86 0x0  26 0
460 167 3811 40 0 0 0x1 0 0 0 0x0 6 6 65 0x0 21 21 83 0x0  41 0
462 73 3842 29 0 0 0x1 0 0 0 0x0 6 6 78 0x1 20 20 87 0x0  44 0
464 194 3818 31 0 0 0x1 0 0 0 0x0 4 4 33 0x0 20 20 86 0x0  18 1
466 58 3843 30 0 0 0x1 0 0 0 0x0 6 6 78 0x1 20 20 84 0x0  6 0
468 204 3811 29 0 0 0x1 0 0 0 0x0 4 4 44 0x1 20 20 86 0x0  55 0
470 62 3840 28 0 0 0x1 0 0 0 0x0 7 7 62 0x1 20 20 90 0x1  29 0
472 107 3810 38 0 0 0x1 0 0 0 0x0 7 7 63 0x0 18 18 66 0x1  10 0
474 218 3808 37 0 0 0x1 0 0 0 0x0 4 4 35 0x0 8 8 20 0x1  86 0
476 199 3815 29 0 0 0x1 0 0 0 0x0 6 6 72 0x1 8 8 15 0x0  14 0
478 210 3798 25 0 0 0x1 0 0 0 0x0 3 3 22 0x1 20 20 87 0x0  40 0
480 118 3830 41 0 0 0x1 0 0 0 0x0 5 5 46 0x1 20 20 87 0x0  45 0
482 169 3820 29 0 0 0x1 0 0 0 0x0 6 6 63 0x1 20 20 85 0x0  11 1
484 158 3803 21 0 0 0x1 0 0 0 0x0 1 1 10 0x1 21 21 85 0x0  27 1
486 62 3837 35 0 0 0x1 0 0 0 0x0 6 6 53 0x0 20 20 85 0x0  44 0
488 59 3837 39 0 0 0x1 0 0 0 0x0 4 4 44 0x0 20 20 86 0x0  62 0
490 59 3839 36 0 0 0x1 0 0 0 0x0 4 4 43 0x1 21 21 89 0x1  16 0
492 58 3842 31 0 0 0x1 0 0 0 0x0 7 7 65 0x0 20 20 86 0x1  41 0
494 174 3814 26 0 0 0x1 0 0 0 0x0 4 4 54 0x1 20 20 87 0x1  23 0
496 163 3822 39 0 0 0x1 0 0 0 0x0 7 7 56 0x0 20 20 85 0x1  11 0
498 108 3827 35 0 0 0x1 0 0 0 0x0 4 4 43 0x0 20 20 85 0x1  52 0
500 161 3820 25 0 0 0x1 0 0 0 0x0 3 3 43 0x1 22 22 85 0x0  17 0
502 110 3832 29 0 0 0x1 0 0 0 0x0 6 6 45 0x0 21 21 84 0x0  9 0
504 271 3803 32 0 0 0x1 0 0 0 0x0 6 6 74 0x1 20 20 88 0x0  44 0
506 107 3819 47 0 0 0x1 0 0 0 0x0 4 4 32 0x0 15 15 55 0x1  34 0
508 116 3825 34 0 0 0x1 0 0 0 0x0 6 6 74 0x1 9 9 17 0x0  54 0
510 247 3805 43 0 0 0x1 0 0 0 0x0 4 4 44 0x1 12 12 36 0x0  78 0
512 75 3839 40 0 0 0x1 0 0 0 0x0 6 6 65 0x1 21 21 90 0x1  21 0
514 163 3822 34 0 0 0x1 0 0 0 0x0 7 7 67 0x0 21 21 87 0x0  17 0
516 58 3840 34 0 0 0x1 0 0 0 0x0 4 3 43 0x1 20 20 85 0x0  39 0
518 237 3808 25 0 0 0x1 0 0 0 0x0 7 7 64 0x0 21 21 85 0x0  35 0
520 303 3784 25 0 0 0x1 0 0 0 0x0 5 5 62 0x1 21 21 86 0x0  24 1
522 268 3792 41 0 0 0x1 0 0 0 0x0 4 4 44 0x1 20 20 87 0x0  57 1
524 58 3841 36 0 0 0x1 0 0 0 0x0 7 7 67 0x0 20 20 86 0x0  15 0
526 160 3810 32 0 0 0x1 0 0 0 0x0 4 3 44 0x1 20 20 85 0x0  6 0
528 179 3816 34 0 0 0x1 0 0 0 0x0 7 7 64 0x0 20 20 85 0x0  51 0
530 58 3841 32 0 0 0x1 0 0 0 0x0 6 6 73 0x1 21 21 85 0x0  8 0
532 223 3815 16 0 0 0x1 0 0 0 0x0 5 5 32 0x0 20 20 89 0x1  37 0
534 58 3841 34 0 0 0x1 0 0 0 0x0 6 6 63 0x0 20 20 86 0x1  8 0
536 296 3807 32 0 0 0x1 0 0 0 0x0 5 5 64 0x1 21 21 86 0x0  39 0
538 83 3837 34 0 0 0x1 0 0 0 0x0 5 5 44 0x0 20 20 87 0x0  23 0
540 239 3807 52 0 0 0x1 0 0 0 0x0 6 6 78 0x1 10 10 32 0x1  50 0
542 161 3809 40 0 0 0x1 0 0 0 0x0 5 4 33 0x0 8 8 21 0x1  97 0
544 87 3838 34 0 0 0x1 0 0 0 0x0 6 6 73 0x1 15 15 54 0x0  7 0
546 234 3809 29 0 0 0x1 0 0 0 0x0 7 7 64 0x0 20 20 87 0x0  168 0
548 59 3838 37 0 0 0x1 0 0 0 0x0 4 4 45 0x1 21 21 91 0x0  49 0
550 166 3822 37 0 0 0x1 0 0 0 0x0 7 7 65 0x0 20 20 87 0x0  27 0
552 164 3815 30 0 0 0x1 0 0 0 0x0 4 4 53 0x1 20 20 87 0x0  54 0
554 163 3820 32 0 0 0x1 0 0 0 0x0 7 7 57 0x0 20 20 82 0x0  6 0
556 57 3840 36 0 0 0x1 0 0 0 0x0 6 6 65 0x0 20 20 86 0x0  16 0
558 252 3805 31 0 0 0x1 0 0 0 0x0 4 4 44 0x1 20 20 86 0x0  64 0
560 58 3841 28 0 0 0x1 0 0 0 0x0 7 7 64 0x0 21 21 86 0x0  9 0
562 59 3838 23 0 0 0x1 0 0 0 0x0 6 6 74 0x1 20 20 86 0x0  31 0
564 58 3841 30 0 0 0x1 0 0 0 0x0 5 4 30 0x0 20 20 87 0x0  39 0
566 168 3817 37 0 0 0x1 0 0 0 0x0 6 6 61 0x0 20 20 91 0x1  25 0
568 207 3814 29 0 0 0x1 0 0 0 0x0 4 4 51 0x1 20 20 86 0x1  15 0
570 64 3836 29 0 0 0x1 0 0 0 0x0 7 7 55 0x0 21 21 86 0x0  40 0
572 211 3811 32 0 0 0x1 0 0 0 0x0 6 6 75 0x1 19 19 80 0x1  63 0
574 133 3822 39 0 0 0x1 0 0 0 0x0 4 4 32 0x0 10 10 21 0x1  7 0
576 171 3823 42 0 0 0x1 0 0 0 0x0 6 6 78 0x1 6 6 17 0x1  89 0
578 59 3840 32 0 0 0x1 0 0 0 0x0 6 6 66 0x1 18 18 71 0x0  53 0
580 181 3811 26 0 0 0x1 0 0 0 0x0 4 4 32 0x0 21 21 91 0x0  63 0
582 59 3836 30 0 0 0x1 0 0 0 0x0 5 5 51 0x0 21 21 86 0x0  65 0
584 188 3804 37 0 0 0x1 0 0 0 0x0 3 3 44 0x1 17 17 69 0x0  19 0
586 115 3830 29 0 0 0x1 0 0 0 0x0 6 6 66 0x1 20 20 85 0x0  26 0
588 58 3837 40 0 0 0x1 0 0 0 0x0 5 5 36 0x0 18 18 72 0x0  41 0
590 137 3827 35 0 0 0x1 0 0 0 0x0 4 4 44 0x1 20 20 85 0x0  19 0
592 134 3828 31 0 0 0x1 0 0 0 0x0 7 7 57 0x0 20 20 84 0x0  19 0
594 109 3789 32 0 0 0x1 0 0 0 0x0 5 5 60 0x1 20 20 86 0x0  40 0
596 160 3814 28 0 0 0x1 0 0 0 0x0 5 5 42 0x1 20 20 84 0x0  33 0
598 162 3819 33 0 0 0x1 0 0 0 0x0 5 5 40 0x0 20 20 84 0x0  4 0
600 161 3814 34 0 0 0x1 0 0 0 0x0 4 4 43 0x1 21 21 85 0x0  56 0
602 163 3817 34 0 0 0x1 0 0 0 0x0 7 7 61 0x0 20 20 88 0x1  22 0
604 116 3830 29 0 0 0x1 0 0 0 0x0 6 6 68 0x1 21 21 83 0x0  6 0
606 225 3810 32 0 0 0x1 0 0 0 0x0 3 3 20 0x0 15 15 60 0x1  116 0
608 254 3806 29 0 0 0x1 0 0 0 0x0 4 4 40 0x0 8 8 16 0x0  48 0
# window_from=2  # samples before this mark saw a lit panel
