# t_s cur_mA v_mV APSS_sd APSS_xosd APSS_xopct APSS_cores LPASS_sd LPASS_xosd LPASS_xopct LPASS_cores MPSS_sd MPSS_xosd MPSS_xopct MPSS_cores PRONTO_sd PRONTO_xosd PRONTO_xopct PRONTO_cores smd_irq_total_per_s modem_irq_per_s
2 153 3954 37 0 0 0x1 0 0 0 0x0 5 5 62 0x1 20 20 85 0x0  130 0
4 159 3949 5 0 0 0x1 0 0 0 0x0 5 5 25 0x0 21 21 91 0x0  9 0
6 161 3946 36 0 0 0x1 0 0 0 0x0 4 4 54 0x1 20 20 86 0x0  77 0
8 216 3934 25 0 0 0x1 0 0 0 0x0 4 4 32 0x0 21 21 85 0x0  5 0
10 59 3962 26 0 0 0x1 0 0 0 0x0 6 6 78 0x1 20 20 87 0x0  15 0
12 116 3947 35 0 0 0x1 0 0 0 0x0 7 7 66 0x0 20 20 87 0x0  50 0
14 57 3958 33 0 0 0x1 0 0 0 0x0 3 3 31 0x0 20 20 84 0x0  7 0
16 234 3925 26 0 0 0x1 0 0 0 0x0 4 4 52 0x1 20 20 87 0x0  11 0
18 192 3924 35 0 0 0x1 0 0 0 0x0 5 5 52 0x1 9 9 24 0x1  45 0
20 107 3947 23 0 0 0x1 0 0 0 0x0 5 5 55 0x1 7 7 18 0x1  48 1
22 161 3932 37 0 0 0x1 0 0 0 0x0 7 7 67 0x0 19 19 70 0x0  33 1
24 99 3939 39 0 0 0x1 0 0 0 0x0 3 3 43 0x1 19 19 79 0x0  47 0
26 282 3893 29 0 0 0x1 0 0 0 0x0 5 5 44 0x0 20 20 85 0x0  74 0
28 57 3946 51 0 0 0x1 0 0 0 0x0 6 6 72 0x1 19 19 83 0x1  16 0
30 157 3923 40 0 0 0x1 0 0 0 0x0 5 5 32 0x0 19 19 73 0x0  77 0
32 57 3944 28 0 0 0x1 0 0 0 0x0 5 5 44 0x0 21 21 82 0x0  62 0
34 164 3917 28 0 0 0x1 0 0 0 0x0 4 4 53 0x1 20 20 91 0x1  21 0
36 182 3919 24 0 0 0x1 0 0 0 0x0 4 4 33 0x0 21 21 85 0x0  43 0
38 63 3935 38 0 0 0x1 0 0 0 0x0 6 6 75 0x1 21 21 84 0x0  54 1
40 60 3939 17 0 0 0x1 0 0 0 0x0 4 4 32 0x0 20 20 85 0x0  10 0
42 58 3938 23 0 0 0x1 0 0 0 0x0 3 3 44 0x1 20 20 84 0x0  22 0
44 240 3915 29 0 0 0x1 0 0 0 0x0 6 6 64 0x1 20 20 85 0x0  50 0
46 149 3916 17 0 0 0x1 0 0 0 0x0 3 2 21 0x1 20 20 87 0x0  17 1
48 156 3917 18 0 0 0x1 0 0 0 0x0 7 7 65 0x0 20 20 91 0x1  17 0
50 238 3893 37 0 0 0x1 0 0 0 0x0 3 3 43 0x1 16 16 50 0x1  58 0
52 216 3901 28 0 0 0x1 0 0 0 0x0 7 7 67 0x0 10 10 20 0x1  6 0
54 176 3904 31 0 0 0x1 0 0 0 0x0 6 6 66 0x0 11 11 22 0x0  18 0
56 245 3887 32 0 0 0x1 0 0 0 0x0 1 1 21 0x1 20 20 87 0x0  58 0
58 136 3920 38 0 0 0x1 0 0 0 0x0 7 7 60 0x0 20 20 87 0x0  11 0
60 228 3887 33 0 0 0x1 0 0 0 0x0 5 5 66 0x1 21 21 83 0x0  102 0
62 154 3916 40 0 0 0x1 0 0 0 0x0 5 5 43 0x0 20 20 87 0x0  17 2
64 157 3884 33 0 0 0x1 0 0 0 0x0 6 6 67 0x0 21 21 85 0x0  68 1
66 178 3900 24 0 0 0x1 0 0 0 0x0 3 3 44 0x1 21 21 85 0x0  48 0
68 59 3922 37 0 0 0x1 0 0 0 0x0 5 5 41 0x0 20 20 90 0x1  19 1
70 161 3909 33 0 0 0x1 0 0 0 0x0 6 6 75 0x1 21 21 86 0x0  26 0
72 59 3924 31 0 0 0x1 0 0 0 0x0 5 5 34 0x0 20 20 84 0x0  41 1
74 235 3894 30 0 0 0x1 0 0 0 0x0 6 6 74 0x1 20 20 86 0x0  12 1
76 200 3895 26 0 0 0x1 0 0 0 0x0 4 4 42 0x1 20 20 87 0x0  14 0
78 73 3913 20 0 0 0x1 0 0 0 0x0 6 6 64 0x1 21 21 84 0x0  51 0
80 58 3926 37 0 0 0x1 0 0 0 0x0 7 7 62 0x0 20 20 83 0x0  27 1
82 60 3921 31 0 0 0x1 0 0 0 0x0 3 3 27 0x0 20 20 89 0x1  13 1
84 114 3914 53 0 0 0x1 0 0 0 0x0 7 7 71 0x0 14 14 45 0x1  57 0
86 212 3889 28 0 0 0x1 0 0 0 0x0 5 5 62 0x1 8 8 20 0x1  22 0
88 99 3915 31 0 0 0x1 0 0 0 0x0 4 4 44 0x1 14 14 44 0x0  32 0
90 104 3913 29 0 0 0x1 0 0 0 0x0 7 7 66 0x0 21 21 85 0x0  75 0
92 151 3873 29 0 0 0x1 0 0 0 0x0 3 3 44 0x1 20 20 87 0x0  56 0
94 73 3919 22 0 0 0x1 0 0 0 0x0 7 7 62 0x0 20 20 85 0x0  83 0
96 59 3916 33 0 0 0x1 0 0 0 0x0 6 6 75 0x1 20 20 86 0x0  37 0
98 62 3918 37 0 0 0x1 0 0 0 0x0 4 4 31 0x0 21 21 86 0x0  44 0
100 75 3910 42 0 0 0x1 0 0 0 0x0 6 6 67 0x0 20 20 86 0x0  53 0
102 151 3894 36 0 0 0x1 0 0 0 0x0 4 4 55 0x1 20 20 80 0x0  11 0
104 58 3915 31 0 0 0x1 0 0 0 0x0 5 5 35 0x0 20 20 89 0x1  21 1
106 58 3919 30 0 0 0x1 0 0 0 0x0 6 6 75 0x1 21 21 87 0x0  59 1
108 72 3915 32 0 0 0x1 0 0 0 0x0 5 4 30 0x0 21 21 81 0x0  10 0
110 121 3905 32 0 0 0x1 0 0 0 0x0 6 6 71 0x1 20 20 86 0x0  16 0
112 60 3917 38 0 0 0x1 0 0 0 0x0 6 6 65 0x1 20 20 87 0x0  43 0
114 198 3894 42 0 0 0x1 0 0 0 0x0 5 5 35 0x0 20 20 86 0x0  23 0
116 76 3916 31 0 0 0x1 0 0 0 0x0 6 6 75 0x1 20 20 86 0x0  47 0
118 231 3876 37 0 0 0x1 0 0 0 0x0 4 4 43 0x1 11 11 31 0x1  7 0
120 130 3900 28 0 0 0x1 0 0 0 0x0 6 6 64 0x1 7 7 14 0x0  59 0
122 112 3887 40 0 0 0x1 0 0 0 0x0 7 7 65 0x0 15 15 64 0x1  20 0
124 93 3910 39 0 0 0x1 0 0 0 0x0 4 4 45 0x1 20 20 86 0x1  87 0
126 71 3911 14 0 0 0x1 0 0 0 0x0 7 7 65 0x0 21 21 85 0x0  44 0
128 60 3911 30 0 0 0x1 0 0 0 0x0 5 5 65 0x1 20 20 85 0x0  8 0
130 140 3890 35 0 0 0x1 0 0 0 0x0 5 5 45 0x1 20 20 83 0x0  61 0
132 164 3898 34 0 0 0x1 0 0 0 0x0 7 7 65 0x0 21 21 83 0x0  12 0
134 152 3890 26 0 0 0x1 0 0 0 0x0 4 4 45 0x1 20 20 87 0x0  16 0
136 242 3894 27 0 0 0x1 0 0 0 0x0 7 7 65 0x0 21 21 86 0x0  44 0
138 58 3913 32 0 0 0x1 0 0 0 0x0 6 6 65 0x0 16 16 65 0x0  7 0
140 216 3882 39 0 0 0x1 0 0 0 0x0 5 5 44 0x0 20 20 86 0x0  24 0
142 59 3912 37 0 0 0x1 0 0 0 0x0 6 6 64 0x0 16 16 67 0x0  50 0
144 179 3870 27 0 0 0x1 0 0 0 0x0 5 5 65 0x1 20 20 84 0x0  19 0
146 59 3912 29 0 0 0x1 0 0 0 0x0 6 5 43 0x0 20 20 86 0x0  18 0
148 58 3910 37 0 0 0x1 0 0 0 0x0 6 6 75 0x1 21 21 89 0x1  47 0
150 112 3894 29 0 0 0x1 0 0 0 0x0 3 3 12 0x0 18 18 76 0x1  24 0
152 115 3897 42 0 0 0x1 0 0 0 0x0 6 6 75 0x0 9 9 20 0x1  7 0
154 253 3873 34 0 0 0x1 0 0 0 0x0 6 6 67 0x1 9 9 21 0x1  104 0
156 59 3910 31 0 0 0x1 0 0 0 0x0 4 4 31 0x0 19 19 78 0x0  16 0
158 223 3886 45 0 0 0x1 0 0 0 0x0 7 7 78 0x0 20 20 87 0x0  16 0
160 173 3882 29 0 0 0x1 0 0 0 0x0 3 3 44 0x1 20 20 85 0x0  64 0
162 160 3880 36 0 0 0x1 0 0 0 0x0 7 6 64 0x1 20 20 91 0x1  11 0
164 62 3909 31 0 0 0x1 0 0 0 0x0 7 7 63 0x0 20 20 86 0x1  27 0
166 75 3896 32 0 0 0x1 0 0 0 0x0 4 4 46 0x1 22 22 85 0x0  42 0
168 58 3909 33 0 0 0x1 0 0 0 0x0 7 7 65 0x0 20 20 86 0x0  4 0
170 164 3880 26 0 0 0x1 0 0 0 0x0 5 5 64 0x1 20 20 86 0x0  25 0
172 59 3908 32 0 0 0x1 0 0 0 0x0 5 5 43 0x0 20 20 86 0x0  45 0
174 58 3907 30 0 0 0x1 0 0 0 0x0 6 6 65 0x0 20 20 86 0x0  37 0
176 205 3883 37 0 0 0x1 0 0 0 0x0 3 3 44 0x1 20 20 87 0x0  7 0
178 61 3907 33 0 0 0x1 0 0 0 0x0 7 7 67 0x0 21 21 84 0x0  47 0
180 140 3902 27 0 0 0x1 0 0 0 0x0 6 6 78 0x1 20 20 86 0x0  9 0
182 59 3906 30 0 0 0x1 0 0 0 0x0 4 4 33 0x0 20 20 85 0x0  27 0
184 250 3864 16 0 0 0x1 0 0 0 0x0 6 6 77 0x1 15 15 60 0x1  130 0
186 241 3851 34 0 0 0x1 0 0 0 0x0 5 5 53 0x1 10 10 20 0x1  23 0
188 158 3886 27 0 0 0x1 0 0 0 0x0 5 5 42 0x0 10 10 32 0x0  38 0
190 65 3906 42 0 0 0x1 0 0 0 0x0 7 7 75 0x0 21 21 84 0x0  49 0
192 59 3901 30 0 0 0x1 0 0 0 0x0 3 3 33 0x0 20 20 87 0x0  4 0
194 68 3906 27 0 0 0x1 0 0 0 0x0 6 6 78 0x1 21 21 89 0x1  25 0
196 59 3905 29 0 0 0x1 0 0 0 0x0 7 7 67 0x0 20 20 85 0x1  41 0
198 147 3899 41 0 0 0x1 0 0 0 0x0 3 3 43 0x1 21 21 82 0x0  24 0
200 102 3903 35 0 0 0x1 0 0 0 0x0 7 7 67 0x0 20 20 84 0x0  21 1
202 197 3855 37 0 0 0x1 0 0 0 0x0 4 4 55 0x1 20 20 85 0x0  43 0
204 67 3901 20 0 0 0x1 0 0 0 0x0 5 5 55 0x1 20 20 84 0x0  21 0
206 184 3880 36 0 0 0x1 0 0 0 0x0 5 5 44 0x0 21 21 86 0x0  7 0
208 59 3901 30 0 0 0x1 0 0 0 0x0 3 3 43 0x1 20 20 87 0x0  57 1
210 59 3901 37 0 0 0x1 0 0 0 0x0 7 7 66 0x0 20 20 85 0x0  3 0
212 68 3904 32 0 0 0x1 0 0 0 0x0 6 6 76 0x1 20 20 85 0x0  18 0
214 59 3900 25 0 0 0x1 0 0 0 0x0 4 4 32 0x0 20 20 86 0x0  93 0
216 108 3898 31 0 0 0x1 0 0 0 0x0 6 6 67 0x0 20 20 86 0x0  21 0
218 209 3867 26 0 0 0x1 0 0 0 0x0 4 4 55 0x1 12 12 44 0x1  67 1
220 263 3862 32 0 0 0x1 0 0 0 0x0 7 7 53 0x0 7 7 18 0x1  65 0
222 58 3901 33 0 0 0x1 0 0 0 0x0 6 6 69 0x1 13 13 48 0x0  32 1
224 161 3882 23 0 0 0x1 0 0 0 0x0 5 5 34 0x0 20 20 86 0x0  21 0
226 69 3897 28 0 0 0x1 0 0 0 0x0 6 6 72 0x1 19 19 78 0x0  51 0
228 173 3881 32 0 0 0x1 0 0 0 0x0 6 6 61 0x1 20 20 86 0x0  26 0
230 61 3901 29 0 0 0x1 0 0 0 0x0 5 5 44 0x1 20 20 85 0x0  10 0
232 199 3880 33 0 0 0x1 0 0 0 0x0 7 7 59 0x0 20 20 90 0x1  44 0
234 154 3879 30 0 0 0x1 0 0 0 0x0 3 3 40 0x1 21 21 85 0x0  71 1
236 74 3886 32 0 0 0x1 0 0 0 0x0 3 3 15 0x0 21 21 86 0x0  16 0
238 58 3902 37 0 0 0x1 0 0 0 0x0 6 6 67 0x0 20 20 87 0x0  22 0
240 59 3899 33 0 0 0x1 0 0 0 0x0 3 3 44 0x1 20 20 85 0x0  45 0
242 161 3882 22 0 0 0x1 0 0 0 0x0 5 5 36 0x0 20 20 86 0x0  18 0
244 218 3871 25 0 0 0x1 0 0 0 0x0 5 5 67 0x1 20 20 85 0x0  43 0
246 162 3879 38 0 0 0x1 0 0 0 0x0 5 5 41 0x0 20 20 81 0x0  53 0
248 62 3899 30 0 0 0x1 0 0 0 0x0 6 6 63 0x0 21 21 89 0x1  25 0
250 162 3875 31 0 0 0x1 0 0 0 0x0 5 4 44 0x0 20 20 87 0x1  65 0
252 70 3895 35 0 0 0x1 0 0 0 0x0 4 4 42 0x0 8 8 17 0x0  30 0
254 294 3854 24 0 0 0x1 0 0 0 0x0 7 7 74 0x0 9 9 20 0x0  45 0
256 58 3897 33 0 0 0x1 0 0 0 0x0 3 3 42 0x1 17 17 71 0x0  10 0
258 108 3891 23 0 0 0x1 0 0 0 0x0 7 7 64 0x0 20 20 85 0x0  53 0
260 160 3873 35 0 0 0x1 0 0 0 0x0 4 4 50 0x1 20 20 85 0x0  15 1
262 58 3892 37 0 0 0x1 0 0 0 0x0 3 3 29 0x1 20 20 84 0x0  26 1
264 161 3878 34 0 0 0x1 0 0 0 0x0 7 7 64 0x0 22 22 87 0x0  42 0
266 61 3898 39 0 0 0x1 0 0 0 0x0 4 4 34 0x0 20 20 85 0x0  13 0
268 158 3878 31 0 0 0x1 0 0 0 0x0 7 7 74 0x0 20 20 89 0x1  19 0
270 154 3875 39 0 0 0x1 0 0 0 0x0 5 5 63 0x1 21 21 85 0x0  47 0
272 254 3857 22 0 0 0x1 0 0 0 0x0 1 1 10 0x1 20 20 86 0x0  25 1
274 58 3898 25 0 0 0x1 0 0 0 0x0 7 7 65 0x0 20 20 87 0x0  26 0
276 165 3862 45 0 0 0x1 0 0 0 0x0 3 3 44 0x1 21 21 82 0x0  69 1
278 58 3898 34 0 0 0x1 0 0 0 0x0 7 7 65 0x0 20 20 84 0x0  23 0
280 81 3896 36 0 0 0x1 0 0 0 0x0 6 6 67 0x0 20 20 87 0x0  43 0
282 111 3889 34 0 0 0x1 0 0 0 0x0 4 4 43 0x0 20 20 91 0x1  90 0
284 107 3884 41 0 0 0x1 0 0 0 0x0 6 6 61 0x0 16 16 64 0x1  19 0
286 362 3840 34 0 0 0x1 0 0 0 0x0 5 5 63 0x1 11 11 21 0x1  19 1
288 100 3885 29 0 0 0x1 0 0 0 0x0 6 6 44 0x0 11 11 25 0x0  55 0
290 239 3862 34 0 0 0x1 0 0 0 0x0 6 6 74 0x1 20 20 85 0x0  13 1
292 92 3894 40 0 0 0x1 0 0 0 0x0 4 4 31 0x0 20 20 87 0x0  21 0
294 150 3875 31 0 0 0x1 0 0 0 0x0 6 6 70 0x1 21 21 86 0x0  45 0
296 65 3892 33 0 0 0x1 0 0 0 0x0 6 6 62 0x1 20 20 87 0x0  8 0
298 57 3892 33 0 0 0x1 0 0 0 0x0 4 4 33 0x0 21 21 85 0x0  14 0
300 59 3896 33 0 0 0x1 0 0 0 0x0 7 7 78 0x0 20 20 89 0x1  48 0
302 168 3869 38 0 0 0x1 0 0 0 0x0 2 2 22 0x0 20 20 86 0x1  24 0
304 184 3863 31 0 0 0x1 0 0 0 0x0 5 5 58 0x1 21 20 85 0x0  26 0
306 64 3885 31 0 0 0x1 0 0 0 0x0 4 4 21 0x0 21 22 84 0x0  76 0
308 236 3867 27 0 0 0x1 0 0 0 0x0 3 3 40 0x1 20 20 87 0x0  14 0
310 58 3878 37 0 0 0x1 0 0 0 0x0 7 7 65 0x0 20 20 87 0x0  11 0
312 149 3869 30 0 0 0x1 0 0 0 0x0 2 2 27 0x1 20 20 85 0x0  56 0
314 59 3894 33 0 0 0x1 0 0 0 0x0 6 6 52 0x0 20 20 85 0x0  50 0
316 99 3879 28 0 0 0x1 0 0 0 0x0 6 6 63 0x0 20 20 87 0x0  17 0
318 62 3891 41 0 0 0x1 0 0 0 0x0 4 4 42 0x0 14 14 49 0x1  91 0
320 89 3887 20 0 0 0x1 0 0 0 0x0 6 6 63 0x0 7 7 18 0x1  13 0
322 58 3894 30 0 0 0x1 0 0 0 0x0 4 4 49 0x1 14 14 44 0x0  24 0
324 59 3892 24 0 0 0x1 0 0 0 0x0 4 4 31 0x0 20 20 85 0x0  45 1
326 58 3894 26 0 0 0x1 0 0 0 0x0 6 6 75 0x1 20 20 86 0x0  23 0
328 198 3861 35 0 0 0x1 0 0 0 0x0 4 4 44 0x1 20 20 84 0x0  12 0
330 158 3873 40 0 0 0x1 0 0 0 0x0 6 6 55 0x0 20 20 86 0x0  47 0
332 59 3892 22 0 0 0x1 0 0 0 0x0 5 5 49 0x0 21 21 87 0x0  20 1
334 215 3863 44 0 0 0x1 0 0 0 0x0 3 3 31 0x0 21 21 86 0x0  44 0
336 57 3892 36 0 0 0x1 0 0 0 0x0 6 6 74 0x1 20 20 89 0x1  58 0
338 174 3855 22 0 0 0x1 0 0 0 0x0 6 6 65 0x1 21 21 85 0x0  17 0
340 58 3892 28 0 0 0x1 0 0 0 0x0 5 5 42 0x1 20 20 85 0x0  9 0
342 63 3888 22 0 0 0x1 0 0 0 0x0 5 5 39 0x0 10 10 41 0x0  56 0
344 243 3859 38 0 0 0x1 0 0 0 0x0 3 3 38 0x1 20 20 86 0x0  14 0
346 59 3875 33 0 0 0x1 0 0 0 0x0 6 5 38 0x0 20 20 72 0x0  24 0
348 162 3872 27 0 0 0x1 0 0 0 0x0 6 6 57 0x0 20 20 86 0x0  82 0
350 68 3889 31 0 0 0x1 0 0 0 0x0 4 4 41 0x1 20 20 87 0x0  5 0
352 215 3856 35 0 0 0x1 0 0 0 0x0 4 4 20 0x0 8 8 28 0x1  110 0
354 238 3855 41 0 0 0x1 0 0 0 0x0 5 5 60 0x1 9 9 17 0x0  32 0
356 207 3866 35 0 0 0x1 0 0 0 0x0 6 6 43 0x0 15 15 61 0x0  27 0
358 68 3891 27 0 0 0x1 0 0 0 0x0 6 6 60 0x0 20 20 85 0x0  45 0
360 153 3869 26 0 0 0x1 0 0 0 0x0 5 5 43 0x0 20 20 91 0x1  8 0
362 58 3877 39 0 0 0x1 0 0 0 0x0 4 4 39 0x0 21 21 85 0x0  28 0
364 65 3887 38 0 0 0x1 0 0 0 0x0 6 6 68 0x1 21 21 84 0x0  65 0
366 221 3855 27 0 0 0x1 0 0 0 0x0 3 3 23 0x1 19 19 79 0x0  44 1
368 59 3890 26 0 0 0x1 0 0 0 0x0 7 7 67 0x1 20 20 87 0x0  9 0
370 359 3837 39 0 0 0x1 0 0 0 0x0 5 5 54 0x1 20 20 85 0x0  53 0
372 59 3890 48 0 0 0x1 0 0 0 0x0 6 6 57 0x1 19 19 79 0x0  19 0
374 165 3870 31 0 0 0x1 0 0 0 0x0 7 7 62 0x0 20 20 86 0x0  12 0
376 108 3879 29 0 0 0x1 0 0 0 0x0 4 3 32 0x0 20 20 84 0x1  48 0
378 178 3865 37 0 0 0x1 0 0 0 0x0 7 7 75 0x0 21 21 82 0x0  6 0
380 140 3876 37 0 0 0x1 0 0 0 0x0 5 5 45 0x0 20 20 87 0x0  34 0
382 60 3852 25 0 0 0x1 0 0 0 0x0 4 3 43 0x1 21 21 86 0x0  60 1
384 321 3846 27 0 0 0x1 0 0 0 0x0 7 7 65 0x0 18 18 78 0x1  10 1
386 211 3851 26 0 0 0x1 0 0 0 0x0 4 4 52 0x1 8 8 16 0x0  25 0
388 231 3856 37 0 0 0x1 0 0 0 0x0 7 7 55 0x0 6 6 17 0x1  56 0
390 59 3888 28 0 0 0x1 0 0 0 0x0 6 6 75 0x1 20 20 83 0x1  106 0
392 182 3867 36 0 0 0x1 0 0 0 0x0 5 5 35 0x0 21 21 85 0x1  8 0
394 59 3888 27 0 0 0x1 0 0 0 0x0 6 6 65 0x0 21 21 84 0x0  59 0
396 173 3866 34 0 0 0x1 0 0 0 0x0 4 4 52 0x1 20 20 84 0x0  43 0
398 108 3874 30 0 0 0x1 0 0 0 0x0 5 5 33 0x0 20 20 85 0x0  13 1
400 279 3851 29 0 0 0x1 0 0 0 0x0 5 5 65 0x1 20 20 86 0x0  53 1
402 157 3865 48 0 0 0x1 0 0 0 0x0 3 3 32 0x1 20 20 86 0x0  9 0
404 59 3886 39 0 0 0x1 0 0 0 0x0 7 7 67 0x1 20 20 80 0x0  19 0
406 58 3889 25 0 0 0x1 0 0 0 0x0 7 7 65 0x0 20 20 86 0x0  56 0
408 58 3886 28 0 0 0x1 0 0 0 0x0 4 4 33 0x0 20 20 87 0x0  10 1
410 138 3875 25 0 0 0x1 0 0 0 0x0 6 6 71 0x1 21 21 86 0x0  24 1
412 158 3864 16 0 0 0x1 0 0 0 0x0 4 4 41 0x1 20 20 87 0x0  51 0
414 159 3869 31 0 0 0x1 0 0 0 0x0 5 5 42 0x1 21 20 89 0x0  9 0
416 162 3868 26 0 0 0x1 0 0 0 0x0 7 7 61 0x0 20 21 84 0x0  60 1
418 223 3861 45 0 0 0x1 0 0 0 0x0 4 4 45 0x1 12 12 54 0x1  96 0
420 58 3886 27 0 0 0x1 0 0 0 0x0 6 6 65 0x1 8 8 19 0x1  34 0
422 166 3865 31 0 0 0x1 0 0 0 0x0 5 5 43 0x0 11 11 34 0x0  43 0
424 102 3880 37 0 0 0x1 0 0 0 0x0 5 5 46 0x0 19 19 80 0x0  52 0
426 58 3885 26 0 0 0x1 0 0 0 0x0 6 6 64 0x0 20 20 87 0x0  14 0
428 307 3838 25 0 0 0x1 0 0 0 0x0 5 5 65 0x1 19 19 81 0x1  8 0
430 175 3861 25 0 0 0x1 0 0 0 0x0 4 4 44 0x1 18 18 73 0x1  61 0
432 143 3867 31 0 0 0x1 0 0 0 0x0 5 5 51 0x1 18 18 71 0x1  7 0
434 201 3861 37 0 0 0x1 0 0 0 0x0 5 5 35 0x0 22 22 84 0x0  28 0
436 162 3867 34 0 0 0x1 0 0 0 0x0 6 6 62 0x0 20 20 85 0x0  39 0
438 58 3887 27 0 0 0x1 0 0 0 0x0 7 7 69 0x0 20 20 87 0x0  8 0
440 176 3864 28 0 0 0x1 0 0 0 0x0 3 3 33 0x1 21 21 86 0x0  29 0
442 59 3886 25 0 0 0x1 0 0 0 0x0 5 5 51 0x1 20 20 87 0x0  59 1
444 204 3858 29 0 0 0x1 0 0 0 0x0 5 5 51 0x1 20 20 87 0x0  24 1
446 73 3887 32 0 0 0x1 0 0 0 0x0 6 6 54 0x1 20 20 86 0x0  10 0
448 59 3883 35 0 0 0x1 0 0 0 0x0 7 7 60 0x0 20 20 88 0x0  43 0
450 268 3839 28 0 0 0x1 0 0 0 0x0 3 3 32 0x1 20 20 90 0x1  49 0
452 173 3855 43 0 0 0x1 0 0 0 0x0 6 6 50 0x0 11 11 33 0x1  34 0
454 219 3853 26 0 0 0x1 0 0 0 0x0 6 6 61 0x0 8 8 19 0x1  38 0
456 59 3884 31 0 0 0x1 0 0 0 0x0 4 4 43 0x1 14 14 53 0x0  28 0
458 213 3854 23 0 0 0x1 0 0 0 0x0 7 7 62 0x0 16 16 69 0x0  15 0
460 248 3845 37 0 0 0x1 0 0 0 0x0 4 4 49 0x1 16 16 68 0x0  59 0
462 229 3861 29 0 0 0x1 0 0 0 0x0 6 6 49 0x0 21 21 84 0x0  14 0
464 201 3861 25 0 0 0x1 0 0 0 0x0 4 4 55 0x1 20 20 87 0x0  24 1
466 162 3856 28 0 0 0x1 0 0 0 0x0 1 1 7 0x1 20 20 85 0x0  51 0
468 122 3870 33 0 0 0x1 0 0 0 0x0 6 6 48 0x0 20 20 90 0x1  13 0
470 155 3834 34 0 0 0x1 0 0 0 0x0 3 3 36 0x1 21 21 86 0x0  32 1
472 124 3875 22 0 0 0x1 0 0 0 0x0 5 5 41 0x0 20 20 86 0x0  45 0
474 58 3882 23 0 0 0x1 0 0 0 0x0 6 6 72 0x1 20 20 85 0x0  22 0
476 88 3879 32 0 0 0x1 0 0 0 0x0 4 4 30 0x0 19 19 82 0x0  7 0
478 69 3882 31 0 0 0x1 0 0 0 0x0 6 6 74 0x1 20 20 86 0x0  47 0
480 158 3863 31 0 0 0x1 0 0 0 0x0 5 5 54 0x1 21 21 83 0x0  27 0
482 72 3885 28 0 0 0x1 0 0 0 0x0 4 4 23 0x0 20 20 86 0x0  6 0
484 228 3849 37 0 0 0x1 0 0 0 0x0 7 7 74 0x0 19 19 85 0x1  114 0
486 305 3821 44 0 0 0x1 0 0 0 0x0 3 3 42 0x1 8 8 17 0x1  49 0
488 123 3868 30 0 0 0x1 0 0 0 0x0 6 6 66 0x1 8 8 20 0x1  21 0
490 158 3860 28 0 0 0x1 0 0 0 0x0 5 5 55 0x1 17 17 71 0x1  49 0
492 59 3881 33 0 0 0x1 0 0 0 0x0 3 3 25 0x1 21 21 84 0x1  23 0
494 145 3870 23 0 0 0x1 0 0 0 0x0 7 7 63 0x0 20 20 83 0x1  32 0
496 167 3850 35 0 0 0x1 0 0 0 0x0 4 4 53 0x1 21 21 82 0x0  46 0
498 139 3869 27 0 0 0x1 0 0 0 0x0 4 3 28 0x0 20 20 84 0x0  24 0
500 73 3883 25 0 0 0x1 0 0 0 0x0 6 7 65 0x0 20 20 86 0x0  12 0
502 174 3860 28 0 0 0x1 0 0 0 0x0 4 4 45 0x1 20 20 85 0x0  44 0
504 109 3876 26 0 0 0x1 0 0 0 0x0 6 6 45 0x0 20 20 85 0x0  38 0
506 149 3864 31 0 0 0x1 0 0 0 0x0 6 6 75 0x1 20 20 86 0x0  8 0
508 154 3856 27 0 0 0x1 0 0 0 0x0 3 2 2 0x0 20 20 91 0x1  48 0
510 59 3880 29 0 0 0x1 0 0 0 0x0 6 6 64 0x0 21 21 83 0x1  8 0
512 153 3859 32 0 0 0x1 0 0 0 0x0 4 4 53 0x1 20 20 87 0x1  10 0
514 79 3876 34 0 0 0x1 0 0 0 0x0 7 6 54 0x0 21 21 88 0x0  130 0
516 164 3865 33 0 0 0x1 0 0 0 0x0 7 7 75 0x0 19 19 72 0x0  10 0
518 117 3867 35 0 0 0x1 0 0 0 0x0 4 4 34 0x0 14 14 64 0x1  46 0
520 238 3840 31 0 0 0x1 0 0 0 0x0 6 6 72 0x1 9 9 19 0x0  81 0
522 191 3858 33 0 0 0x1 0 0 0 0x0 6 6 62 0x1 7 7 17 0x0  9 0
524 153 3862 18 0 0 0x1 0 0 0 0x0 5 5 46 0x1 20 20 87 0x0  19 0
526 58 3883 32 0 0 0x1 0 0 0 0x0 7 7 65 0x0 20 20 90 0x1  43 0
528 162 3855 33 0 0 0x1 0 0 0 0x0 4 4 43 0x0 19 19 81 0x1  33 0
530 58 3883 28 0 0 0x1 0 0 0 0x0 7 7 67 0x0 21 21 86 0x0  10 0
532 190 3855 26 0 0 0x1 0 0 0 0x0 6 6 62 0x0 22 22 85 0x0  43 0
534 59 3883 27 0 0 0x1 0 0 0 0x0 4 4 46 0x1 20 20 85 0x0  19 0
536 66 3881 34 0 0 0x1 0 0 0 0x0 7 7 64 0x0 20 20 85 0x0  12 0
538 293 3832 38 0 0 0x1 0 0 0 0x0 5 5 64 0x1 21 21 83 0x0  71 0
540 133 3866 35 0 0 0x1 0 0 0 0x0 6 6 46 0x0 20 20 86 0x0  12 0
542 214 3850 35 0 0 0x1 0 0 0 0x0 6 6 73 0x1 19 19 81 0x0  23 0
544 165 3860 34 0 0 0x1 0 0 0 0x0 5 5 34 0x0 20 20 90 0x1  73 0
546 158 3861 33 0 0 0x1 0 0 0 0x0 6 6 64 0x0 21 21 84 0x0  34 0
548 58 3883 38 0 0 0x1 0 0 0 0x0 6 6 75 0x1 20 20 82 0x0  65 1
550 76 3876 41 0 0 0x1 0 0 0 0x0 5 5 34 0x0 20 20 84 0x1  39 0
552 193 3857 31 0 0 0x1 0 0 0 0x0 6 6 75 0x1 12 12 44 0x1  25 1
554 201 3843 31 0 0 0x1 0 0 0 0x0 5 5 51 0x1 7 7 19 0x1  6 0
556 64 3866 36 0 0 0x1 0 0 0 0x0 6 6 50 0x0 12 12 40 0x0  82 0
558 59 3877 33 0 0 0x1 0 0 0 0x0 6 6 75 0x1 20 20 86 0x0  38 0
560 154 3857 39 0 0 0x1 0 0 0 0x0 3 3 24 0x1 20 20 85 0x0  8 0
562 241 3847 24 0 0 0x1 0 0 0 0x0 7 7 64 0x0 20 20 84 0x0  51 0
564 58 3881 32 0 0 0x1 0 0 0 0x0 6 6 73 0x1 20 20 87 0x0  9 0
566 59 3881 30 0 0 0x1 0 0 0 0x0 4 4 42 0x1 18 18 77 0x0  18 1
568 155 3859 39 0 0 0x1 0 0 0 0x0 7 7 64 0x0 20 20 87 0x0  53 0
570 164 3854 21 0 0 0x1 0 0 0 0x0 3 3 43 0x1 20 20 91 0x1  14 1
572 162 3849 28 0 0 0x1 0 0 0 0x0 5 5 48 0x1 20 20 87 0x1  13 0
574 58 3880 16 0 0 0x1 0 0 0 0x0 7 7 67 0x0 20 20 85 0x1  82 0
576 77 3877 38 0 0 0x1 0 0 0 0x0 4 4 45 0x1 21 21 86 0x0  21 0
578 157 3863 28 0 0 0x1 0 0 0 0x0 7 7 64 0x0 20 20 86 0x0  20 0
580 239 3851 35 0 0 0x1 0 0 0 0x0 3 3 43 0x1 21 21 86 0x0  42 0
582 164 3861 26 0 0 0x1 0 0 0 0x0 6 6 54 0x0 20 20 86 0x0  22 0
584 58 3881 27 0 0 0x1 0 0 0 0x0 6 6 75 0x1 20 20 87 0x0  12 0
586 161 3856 51 0 0 0x1 0 0 0 0x0 5 5 34 0x0 10 10 30 0x1  47 0
588 59 3878 23 0 0 0x1 0 0 0 0x0 6 6 62 0x0 8 8 17 0x0  24 1
590 63 3873 35 0 0 0x1 0 0 0 0x0 4 4 54 0x1 15 15 59 0x0  11 0
592 101 3872 32 0 0 0x1 0 0 0 0x0 4 4 34 0x1 21 21 85 0x0  52 1
594 77 3875 30 0 0 0x1 0 0 0 0x0 4 4 42 0x1 20 20 90 0x1  39 0
596 155 3855 51 0 0 0x1 0 0 0 0x0 4 4 43 0x1 20 20 85 0x1  53 1
598 59 3876 31 0 0 0x1 0 0 0 0x0 7 6 54 0x0 21 21 87 0x0  59 0
600 157 3855 30 0 0 0x1 0 0 0 0x0 4 4 42 0x0 21 21 86 0x0  9 0
602 74 3874 17 0 0 0x1 0 0 0 0x0 3 3 31 0x0 20 20 85 0x0  40 0
604 199 3858 38 0 0 0x1 0 0 0 0x0 6 6 75 0x1 20 20 85 0x0  60 0
606 204 3855 32 0 0 0x1 0 0 0 0x0 6 6 67 0x1 20 20 86 0x0  39 0
# window_from=2  # samples before this mark saw a lit panel
