# t_s cur_mA v_mV APSS_sd APSS_xosd APSS_xopct APSS_cores LPASS_sd LPASS_xosd LPASS_xopct LPASS_cores MPSS_sd MPSS_xosd MPSS_xopct MPSS_cores PRONTO_sd PRONTO_xosd PRONTO_xopct PRONTO_cores smd_irq_total_per_s modem_irq_per_s
2 170 4210 21 0 0 0x1 0 0 0 0x0 7 6 47 0x1 21 21 87 0x0  165 52
4 147 4225 41 0 0 0x1 0 0 0 0x0 5 5 44 0x0 20 20 88 0x0  13 0
6 53 4239 34 0 0 0x1 0 0 0 0x0 6 6 79 0x0 20 20 88 0x0  45 0
8 218 4195 31 0 0 0x1 0 0 0 0x0 5 5 53 0x0 18 18 78 0x1  42 1
10 155 4214 26 0 0 0x1 0 0 0 0x0 6 6 79 0x0 8 8 20 0x1  18 0
12 169 4193 35 0 0 0x1 0 0 0 0x0 4 4 55 0x1 9 9 19 0x1  72 0
14 54 4231 34 0 0 0x1 0 0 0 0x0 4 4 40 0x0 20 20 80 0x0  60 0
16 54 4228 31 0 0 0x1 0 0 0 0x0 6 6 97 0x1 20 20 88 0x0  10 0
18 243 4182 26 0 0 0x1 0 0 0 0x0 6 6 60 0x1 20 20 88 0x0  31 0
20 128 4220 31 0 0 0x1 0 0 0 0x0 5 5 53 0x0 20 20 88 0x0  60 0
22 218 4202 25 0 0 0x1 0 0 0 0x0 5 5 59 0x0 21 21 88 0x0  42 0
24 54 4221 43 0 0 0x1 0 0 0 0x0 3 3 39 0x0 21 21 91 0x1  41 0
26 235 4203 26 0 0 0x1 0 0 0 0x0 7 7 92 0x0 20 20 88 0x1  17 0
28 53 4230 25 0 0 0x1 0 0 0 0x0 6 6 83 0x0 20 20 88 0x1  11 0
30 66 4225 40 0 0 0x1 0 0 0 0x0 3 3 53 0x1 22 22 87 0x0  54 0
32 96 4212 37 0 0 0x1 0 0 0 0x0 5 5 55 0x0 20 20 88 0x0  53 0
34 175 4192 31 0 0 0x1 0 0 0 0x0 4 4 65 0x1 20 20 88 0x0  10 0
36 81 4222 23 0 0 0x1 0 0 0 0x0 6 6 63 0x0 20 20 87 0x0  86 0
38 53 4227 24 0 0 0x1 0 0 0 0x0 6 6 80 0x0 20 20 88 0x0  8 0
40 173 4196 25 0 0 0x1 0 0 0 0x0 4 4 51 0x0 20 20 87 0x0  31 0
42 103 4202 41 0 0 0x1 0 0 0 0x0 4 4 54 0x0 16 16 62 0x1  56 0
44 107 4208 29 0 0 0x1 0 0 0 0x0 6 6 88 0x1 9 9 19 0x1  43 0
46 53 4220 20 0 0 0x1 0 0 0 0x0 4 4 38 0x0 11 11 30 0x0  18 0
48 86 4221 29 0 0 0x1 0 0 0 0x0 6 6 93 0x1 20 20 86 0x0  8 1
50 152 4190 18 0 0 0x1 0 0 0 0x0 4 4 54 0x1 20 20 88 0x0  57 0
52 54 4212 29 0 0 0x1 0 0 0 0x0 4 4 40 0x0 20 20 88 0x0  22 1
54 147 4205 32 0 0 0x1 0 0 0 0x0 7 7 89 0x0 21 21 87 0x0  50 0
56 156 4192 31 0 0 0x1 0 0 0 0x0 1 1 26 0x1 20 20 88 0x0  26 0
58 104 4220 22 0 0 0x1 0 0 0 0x0 6 6 79 0x1 20 20 93 0x1  12 0
60 275 4183 24 0 0 0x1 0 0 0 0x0 6 6 83 0x1 21 21 87 0x0  60 0
62 192 4180 19 0 0 0x1 0 0 0 0x0 3 3 20 0x0 20 20 88 0x0  29 0
64 53 4223 26 0 0 0x1 0 0 0 0x0 6 6 84 0x0 20 20 88 0x0  24 0
66 162 4184 30 0 0 0x1 0 0 0 0x0 3 3 56 0x1 20 20 87 0x0  89 0
68 66 4215 23 0 0 0x1 0 0 0 0x0 8 8 82 0x0 20 20 87 0x0  15 2
70 61 4218 7 0 0 0x1 0 0 0 0x0 6 6 83 0x0 20 20 88 0x0  35 0
72 53 4216 35 0 0 0x1 0 0 0 0x0 3 3 40 0x0 21 21 87 0x0  48 0
74 53 4222 29 0 0 0x1 0 0 0 0x0 6 6 84 0x0 21 21 92 0x0  11 0
76 318 4152 25 0 0 0x1 0 0 0 0x0 5 5 82 0x1 11 11 39 0x1  33 0
78 106 4192 36 0 0 0x1 0 0 0 0x0 5 5 52 0x0 7 7 17 0x1  40 0
80 54 4214 25 0 0 0x1 0 0 0 0x0 4 4 64 0x1 15 15 51 0x0  17 0
82 186 4185 23 0 0 0x1 0 0 0 0x0 4 4 39 0x0 20 20 87 0x1  17 0
84 148 4199 31 0 0 0x1 0 0 0 0x0 6 6 76 0x0 21 21 82 0x0  51 1
86 54 4215 40 0 0 0x1 0 0 0 0x0 7 7 97 0x0 20 20 86 0x0  17 0
88 97 4209 22 0 0 0x1 0 0 0 0x0 3 3 38 0x0 20 20 84 0x0  11 0
90 172 4207 21 0 0 0x1 0 0 0 0x0 6 6 94 0x1 21 21 85 0x0  62 1
92 231 4169 37 0 0 0x1 0 0 0 0x0 3 3 40 0x1 21 21 88 0x0  42 0
94 221 4177 22 0 0 0x1 0 0 0 0x0 5 5 57 0x1 20 20 85 0x0  24 0
96 106 4207 39 0 0 0x1 0 0 0 0x0 4 4 34 0x0 20 20 87 0x0  85 0
98 79 4203 2 0 0 0x1 0 0 0 0x0 3 3 39 0x0 20 20 86 0x0  48 0
100 67 4217 33 0 0 0x1 0 0 0 0x0 7 7 97 0x0 21 21 86 0x0  29 0
102 221 4191 28 0 0 0x1 0 0 0 0x0 5 5 84 0x1 20 20 85 0x0  40 0
104 147 4198 25 0 0 0x1 0 0 0 0x0 4 4 48 0x1 20 20 87 0x1  21 0
106 62 4215 28 0 0 0x1 0 0 0 0x0 5 5 50 0x0 20 20 83 0x1  14 0
108 200 4140 28 0 0 0x1 0 0 0 0x0 3 3 52 0x1 21 21 82 0x1  38 0
110 106 4187 25 0 0 0x1 0 0 0 0x0 5 5 41 0x0 8 8 19 0x1  20 0
112 107 4201 29 0 0 0x1 0 0 0 0x0 6 6 79 0x0 7 7 15 0x1  3 0
114 107 4196 42 0 0 0x1 0 0 0 0x0 5 5 52 0x0 2 2 4 0x1  79 1
116 54 4216 34 0 0 0x1 0 0 0 0x0 6 6 83 0x0 1 1 0 0x0  18 1
118 205 4185 29 0 0 0x1 0 0 0 0x0 5 5 84 0x1 0 0 0 0x0  6 0
120 105 4199 38 0 0 0x1 0 0 0 0x0 5 5 54 0x0 1 1 250 0x1  58 0
122 227 4167 40 0 0 0x1 0 0 0 0x0 9 8 83 0x1 8 8 27 0x1  119 0
124 89 4208 36 0 0 0x1 0 0 0 0x0 3 3 24 0x0 17 17 70 0x1  27 0
126 276 4176 36 0 0 0x1 0 0 0 0x0 6 6 93 0x1 19 19 80 0x0  49 0
128 53 4211 36 0 0 0x1 0 0 0 0x0 8 8 73 0x0 20 20 87 0x0  75 0
130 53 4211 35 0 0 0x1 0 0 0 0x0 3 3 40 0x0 20 20 72 0x0  38 0
132 53 4215 31 0 0 0x1 0 0 0 0x0 7 7 92 0x0 21 21 88 0x0  28 0
134 150 4180 36 0 0 0x1 0 0 0 0x0 4 4 66 0x1 20 20 88 0x0  53 0
136 153 4200 24 0 0 0x1 0 0 0 0x0 6 6 63 0x0 20 20 92 0x1  12 0
138 53 4216 26 0 0 0x1 0 0 0 0x0 6 6 80 0x0 21 21 88 0x0  7 0
140 185 4177 43 0 0 0x1 0 0 0 0x0 4 4 53 0x0 17 17 70 0x0  66 0
142 100 4201 36 0 0 0x1 0 0 0 0x0 6 6 79 0x0 21 21 87 0x0  10 0
144 52 4211 34 0 0 0x1 0 0 0 0x0 6 6 92 0x1 18 18 75 0x0  25 0
146 57 4213 22 0 0 0x1 0 0 0 0x0 4 4 40 0x0 20 20 88 0x0  34 0
148 53 4216 25 0 0 0x1 0 0 0 0x0 6 6 95 0x1 20 20 87 0x0  36 0
150 184 4174 32 0 0 0x1 0 0 0 0x0 4 4 43 0x1 20 20 88 0x0  18 0
152 144 4190 43 0 0 0x1 0 0 0 0x0 7 7 74 0x0 11 11 33 0x1  77 0
154 227 4181 16 0 0 0x1 0 0 0 0x0 7 7 92 0x0 8 8 18 0x1  25 0
156 54 4213 31 0 0 0x1 0 0 0 0x0 3 3 40 0x0 15 15 59 0x0  9 0
158 54 4210 43 0 0 0x1 0 0 0 0x0 7 7 92 0x0 21 21 87 0x0  98 0
160 173 4178 26 0 0 0x1 0 0 0 0x0 4 4 66 0x1 20 20 87 0x0  39 0
162 52 4213 28 0 0 0x1 0 0 0 0x0 5 5 66 0x1 20 20 88 0x0  6 0
164 97 4205 40 0 0 0x1 0 0 0 0x0 7 7 80 0x0 19 19 72 0x0  64 0
166 107 4196 46 0 0 0x1 0 0 0 0x0 3 3 54 0x1 20 20 92 0x1  21 0
168 53 4214 30 0 0 0x1 0 0 0 0x0 7 7 84 0x0 20 20 85 0x1  17 0
170 103 4207 26 0 0 0x1 0 0 0 0x0 6 6 84 0x0 22 22 85 0x0  47 0
172 174 4190 23 0 0 0x1 0 0 0 0x0 4 4 53 0x0 20 20 88 0x0  10 0
174 101 4208 36 0 0 0x1 0 0 0 0x0 6 6 82 0x0 20 20 88 0x0  26 0
176 180 4168 28 0 0 0x1 0 0 0 0x0 4 4 67 0x1 20 20 88 0x0  54 0
178 107 4204 29 0 0 0x1 0 0 0 0x0 6 6 63 0x0 20 20 88 0x0  19 0
180 54 4212 25 0 0 0x1 0 0 0 0x0 6 6 92 0x1 20 20 88 0x0  13 0
182 98 4208 27 0 0 0x1 0 0 0 0x0 4 4 40 0x0 21 21 87 0x0  26 0
184 111 4196 37 0 0 0x1 0 0 0 0x0 6 6 92 0x1 19 19 79 0x0  48 0
186 126 4200 34 0 0 0x1 0 0 0 0x0 6 6 83 0x1 6 6 19 0x1  6 0
188 107 4196 28 0 0 0x1 0 0 0 0x0 4 4 40 0x0 9 9 21 0x1  92 0
190 55 4208 28 0 0 0x1 0 0 0 0x0 7 7 97 0x0 20 20 81 0x0  18 0
192 167 4183 28 0 0 0x1 0 0 0 0x0 3 3 56 0x1 20 20 88 0x0  8 0
194 56 4177 22 0 0 0x1 0 0 0 0x0 7 7 81 0x0 20 20 87 0x0  93 0
196 53 4215 35 0 0 0x1 0 0 0 0x0 6 6 80 0x0 20 20 88 0x0  27 0
198 69 4202 46 0 0 0x1 0 0 0 0x0 4 4 46 0x1 21 21 88 0x0  66 0
200 54 4214 26 0 0 0x1 0 0 0 0x0 7 7 78 0x0 21 21 91 0x1  10 0
202 156 4184 18 0 0 0x1 0 0 0 0x0 4 4 67 0x1 20 20 87 0x1  7 0
204 234 4186 20 0 0 0x1 0 0 0 0x0 6 6 65 0x0 20 20 87 0x1  60 0
206 54 4214 27 0 0 0x1 0 0 0 0x0 6 6 80 0x0 20 20 87 0x1  13 0
208 248 4174 29 0 0 0x1 0 0 0 0x0 4 4 53 0x0 21 21 87 0x0  19 0
210 54 4214 28 0 0 0x1 0 0 0 0x0 6 6 80 0x0 20 20 87 0x0  19 0
212 53 4211 33 0 0 0x1 0 0 0 0x0 7 7 85 0x1 21 21 86 0x0  79 0
214 53 4211 27 0 0 0x1 0 0 0 0x0 4 4 28 0x0 20 20 87 0x0  26 0
216 101 4202 32 0 0 0x1 0 0 0 0x0 6 6 92 0x1 20 20 91 0x1  50 0
218 225 4156 30 0 0 0x1 0 0 0 0x0 4 4 53 0x1 15 15 57 0x1  54 0
220 111 4194 25 0 0 0x1 0 0 0 0x0 6 6 67 0x0 9 9 19 0x1  17 1
222 54 4205 29 0 0 0x1 0 0 0 0x0 7 7 92 0x0 11 11 30 0x0  56 0
224 97 4208 30 0 0 0x1 0 0 0 0x0 3 3 37 0x0 20 20 88 0x0  7 0
226 54 4196 32 0 0 0x1 0 0 0 0x0 7 7 93 0x0 20 20 88 0x0  55 0
228 53 4212 27 0 0 0x1 0 0 0 0x0 5 5 80 0x1 21 21 87 0x0  47 1
230 54 4210 33 0 0 0x1 0 0 0 0x0 4 4 53 0x1 20 20 92 0x1  16 0
232 54 4211 19 0 0 0x1 0 0 0 0x0 7 7 79 0x0 21 21 88 0x1  25 0
234 150 4180 32 0 0 0x1 0 0 0 0x0 3 3 56 0x1 21 21 87 0x0  41 0
236 93 4204 11 0 0 0x1 0 0 0 0x0 7 7 81 0x0 20 20 88 0x0  10 0
238 54 4212 27 0 0 0x1 0 0 0 0x0 6 6 83 0x0 20 20 88 0x0  21 0
240 158 4167 24 0 0 0x1 0 0 0 0x0 1 1 28 0x1 21 21 86 0x0  47 0
242 100 4202 40 0 0 0x1 0 0 0 0x0 6 6 62 0x0 20 20 88 0x0  64 0
244 163 4190 25 0 0 0x1 0 0 0 0x0 5 5 81 0x1 20 20 87 0x0  10 1
246 102 4205 35 0 0 0x1 0 0 0 0x0 5 5 49 0x0 20 20 92 0x1  44 0
248 239 4181 34 0 0 0x1 0 0 0 0x0 5 5 79 0x1 21 21 88 0x0  19 0
250 159 4181 42 0 0 0x1 0 0 0 0x0 3 3 23 0x0 20 20 88 0x0  23 0
252 59 4195 37 0 0 0x1 0 0 0 0x0 6 6 79 0x0 12 12 38 0x1  90 1
254 153 4175 39 0 0 0x1 0 0 0 0x0 3 3 52 0x1 9 9 20 0x1  13 0
256 104 4201 27 0 0 0x1 0 0 0 0x0 4 4 37 0x0 15 15 51 0x0  17 0
258 57 4202 38 0 0 0x1 0 0 0 0x0 8 8 86 0x0 21 21 87 0x0  53 0
260 229 4166 29 0 0 0x1 0 0 0 0x0 3 3 53 0x1 20 20 88 0x0  52 1
262 54 4208 33 0 0 0x1 0 0 0 0x0 6 6 78 0x1 20 20 92 0x1  46 1
264 215 4167 17 0 0 0x1 0 0 0 0x0 5 5 53 0x0 21 21 88 0x0  46 0
266 239 4151 28 0 0 0x1 0 0 0 0x0 1 1 23 0x1 20 20 88 0x0  15 0
268 239 4176 26 0 0 0x1 0 0 0 0x0 7 7 79 0x0 20 20 88 0x0  62 0
270 190 4170 27 0 0 0x1 0 0 0 0x0 5 5 79 0x1 21 21 87 0x0  11 0
272 98 4204 25 0 0 0x1 0 0 0 0x0 5 5 53 0x0 20 20 87 0x0  56 0
274 186 4168 26 0 0 0x1 0 0 0 0x0 3 3 55 0x1 20 20 88 0x0  45 1
276 77 4196 31 0 0 0x1 0 0 0 0x0 4 4 31 0x0 21 20 92 0x0  22 0
278 123 4194 25 0 0 0x1 0 0 0 0x0 6 6 78 0x0 20 21 88 0x0  24 0
280 54 4210 34 0 0 0x1 0 0 0 0x0 7 7 93 0x0 20 20 84 0x0  38 0
282 83 4204 24 0 0 0x1 0 0 0 0x0 3 3 40 0x0 20 20 88 0x0  53 0
284 155 4182 32 0 0 0x1 0 0 0 0x0 4 4 67 0x1 19 19 86 0x1  8 0
286 162 4171 29 0 0 0x1 0 0 0 0x0 5 5 52 0x1 10 10 20 0x1  52 0
288 54 4202 34 0 0 0x1 0 0 0 0x0 5 5 55 0x1 9 9 21 0x1  27 0
290 54 4207 29 0 0 0x1 0 0 0 0x0 7 7 79 0x0 18 18 74 0x0  11 0
292 53 4203 23 0 0 0x1 0 0 0 0x0 3 3 38 0x0 20 20 87 0x0  96 0
294 150 4180 40 0 0 0x1 0 0 0 0x0 5 5 66 0x0 20 20 88 0x0  17 0
296 54 4157 27 0 0 0x1 0 0 0 0x0 5 5 77 0x1 20 20 88 0x0  17 0
298 59 4207 27 0 0 0x1 0 0 0 0x0 5 5 50 0x0 21 21 87 0x0  58 0
300 148 4193 34 0 0 0x1 0 0 0 0x0 6 6 79 0x0 20 20 88 0x0  18 0
302 153 4178 19 0 0 0x1 0 0 0 0x0 3 3 53 0x1 20 20 92 0x1  57 0
304 169 4180 31 0 0 0x1 0 0 0 0x0 5 5 52 0x0 21 21 88 0x0  43 0
306 54 4209 20 0 0 0x1 0 0 0 0x0 6 6 76 0x0 20 20 88 0x0  21 0
308 53 4205 21 0 0 0x1 0 0 0 0x0 4 4 52 0x0 20 20 88 0x0  17 0
310 53 4204 35 0 0 0x1 0 0 0 0x0 6 6 79 0x0 21 21 87 0x0  50 0
312 189 4178 21 0 0 0x1 0 0 0 0x0 5 5 84 0x1 20 20 88 0x0  13 0
314 157 4186 24 0 0 0x1 0 0 0 0x0 2 2 11 0x0 20 20 88 0x0  5 0
316 97 4200 30 0 0 0x1 0 0 0 0x0 7 7 89 0x0 21 21 91 0x1  82 0
318 208 4163 34 0 0 0x1 0 0 0 0x0 3 3 39 0x0 16 16 64 0x1  19 0
320 190 4178 33 0 0 0x1 0 0 0 0x0 6 6 89 0x1 10 10 19 0x0  28 0
322 224 4178 32 0 0 0x1 0 0 0 0x0 7 7 79 0x0 8 8 24 0x0  46 0
324 55 4200 28 0 0 0x1 0 0 0 0x0 1 1 13 0x0 20 20 88 0x0  10 0
326 54 4198 46 0 0 0x1 0 0 0 0x0 7 7 88 0x0 20 20 88 0x0  69 0
328 154 4177 38 0 0 0x1 0 0 0 0x0 5 5 59 0x1 21 21 86 0x0  49 0
330 53 4191 33 0 0 0x1 0 0 0 0x0 6 6 65 0x0 20 20 91 0x1  18 0
332 53 4209 30 0 0 0x1 0 0 0 0x0 6 6 80 0x0 22 22 88 0x0  49 0
334 53 4196 33 0 0 0x1 0 0 0 0x0 4 4 49 0x0 20 20 88 0x0  46 0
336 147 4191 21 0 0 0x1 0 0 0 0x0 6 6 80 0x0 20 20 88 0x0  16 0
338 104 4202 26 0 0 0x1 0 0 0 0x0 6 6 93 0x1 20 20 86 0x0  11 0
340 270 4167 23 0 0 0x1 0 0 0 0x0 4 4 38 0x0 21 21 87 0x0  47 0
342 129 4205 38 0 0 0x1 0 0 0 0x0 6 6 79 0x0 20 20 93 0x1  20 0
344 160 4175 33 0 0 0x1 0 0 0 0x0 2 2 42 0x1 22 22 87 0x0  13 0
346 58 4206 31 0 0 0x1 0 0 0 0x0 8 8 77 0x1 20 20 88 0x0  90 0
348 126 4196 27 0 0 0x1 0 0 0 0x0 7 7 80 0x0 20 20 88 0x0  8 0
350 197 4186 24 0 0 0x1 0 0 0 0x0 3 3 39 0x0 20 20 87 0x0  26 0
352 99 4194 39 0 0 0x1 0 0 0 0x0 7 7 93 0x0 13 13 42 0x0  56 0
354 240 4153 24 0 0 0x1 0 0 0 0x0 3 3 54 0x1 8 8 21 0x1  9 0
356 54 4206 27 0 0 0x1 0 0 0 0x0 8 8 65 0x0 15 15 49 0x0  22 0
358 55 4205 38 0 0 0x1 0 0 0 0x0 6 6 80 0x0 20 20 88 0x0  49 0
360 53 4204 31 0 0 0x1 0 0 0 0x0 4 4 53 0x0 20 20 88 0x0  37 0
362 96 4200 29 0 0 0x1 0 0 0 0x0 6 6 79 0x0 20 20 88 0x0  27 0
364 283 4157 34 0 0 0x1 0 0 0 0x0 3 3 53 0x1 20 20 88 0x0  57 0
366 54 4190 23 0 0 0x1 0 0 0 0x0 6 6 61 0x0 21 21 88 0x0  11 0
368 190 4186 30 0 0 0x1 0 0 0 0x0 6 6 80 0x0 21 21 87 0x0  11 0
# window_from=2  # samples before this mark saw a lit panel
