# t_s cur_mA v_mV APSS_sd APSS_xosd APSS_xopct APSS_cores LPASS_sd LPASS_xosd LPASS_xopct LPASS_cores MPSS_sd MPSS_xosd MPSS_xopct MPSS_cores PRONTO_sd PRONTO_xosd PRONTO_xopct PRONTO_cores edge_irq_per_s modem_irq_per_s
2 170 4274 35 0 0 0x1 0 0 0 0x0 2 2 38 0x1 20 20 85 0x0  87 0
4 108 4289 30 0 0 0x1 0 0 0 0x0 4 4 51 0x1 20 20 85 0x0  9 1
6 151 4273 28 0 0 0x1 0 0 0 0x0 6 6 80 0x1 20 20 84 0x0  58 0
8 53 4301 40 0 0 0x1 0 0 0 0x0 3 3 35 0x1 20 20 91 0x1  20 1
10 52 4301 38 0 0 0x1 0 0 0 0x0 7 7 79 0x0 22 21 82 0x0  9 1
12 192 4266 35 0 0 0x1 0 0 0 0x0 3 3 53 0x1 20 21 85 0x0  39 0
14 54 4301 20 0 0 0x1 0 0 0 0x0 6 6 61 0x0 20 20 86 0x0  19 1
16 53 4300 40 0 0 0x1 0 0 0 0x0 6 6 80 0x0 21 21 85 0x0  13 0
18 93 4289 40 0 0 0x1 0 0 0 0x0 3 3 53 0x1 20 20 84 0x0  84 0
20 162 4253 36 0 0 0x1 0 0 0 0x0 7 7 84 0x0 11 11 36 0x1  74 0
22 299 4209 36 0 0 0x1 0 0 0 0x0 5 5 84 0x1 9 9 19 0x1  17 1
24 93 4284 33 0 0 0x1 0 0 0 0x0 3 3 13 0x0 14 14 48 0x0  107 1
26 131 4290 33 0 0 0x1 0 0 0 0x0 6 6 77 0x0 20 20 84 0x0  7 1
28 253 4257 26 0 0 0x1 0 0 0 0x0 3 3 55 0x1 21 21 86 0x0  21 0
30 198 4274 38 0 0 0x1 0 0 0 0x0 7 7 77 0x0 20 20 85 0x0  44 1
32 53 4299 43 0 0 0x1 0 0 0 0x0 6 6 92 0x1 20 20 85 0x0  18 0
34 55 4288 35 0 0 0x1 0 0 0 0x0 4 4 37 0x0 20 20 89 0x1  54 0
36 53 4299 27 0 0 0x1 0 0 0 0x0 6 6 80 0x0 20 20 87 0x1  40 0
38 247 4257 27 0 0 0x1 0 0 0 0x0 5 5 79 0x1 20 20 86 0x1  23 0
40 57 4294 29 0 0 0x1 0 0 0 0x0 5 5 53 0x0 21 21 85 0x1  28 0
42 103 4290 39 0 0 0x1 0 0 0 0x0 7 7 96 0x0 21 21 86 0x0  41 0
44 151 4270 24 0 0 0x1 0 0 0 0x0 3 3 42 0x0 21 21 85 0x0  25 0
46 104 4292 25 0 0 0x1 0 0 0 0x0 6 6 94 0x1 20 20 83 0x0  24 0
48 53 4296 30 0 0 0x1 0 0 0 0x0 7 7 84 0x0 20 20 83 0x0  86 0
50 65 4298 31 0 0 0x1 0 0 0 0x0 3 3 41 0x0 20 20 84 0x0  12 0
52 141 4283 42 0 0 0x1 0 0 0 0x0 7 7 94 0x0 20 20 87 0x1  12 0
54 364 4254 32 0 0 0x1 0 0 0 0x0 4 4 70 0x1 8 8 15 0x0  59 0
56 105 4283 28 0 0 0x1 0 0 0 0x0 6 6 63 0x0 8 8 17 0x0  8 0
58 53 4298 29 0 0 0x1 0 0 0 0x0 6 6 79 0x0 17 17 70 0x0  16 0
60 53 4289 36 0 0 0x1 0 0 0 0x0 3 3 50 0x1 20 20 87 0x0  55 0
62 246 4274 39 0 0 0x1 0 0 0 0x0 7 7 79 0x0 21 21 88 0x0  23 0
64 68 4295 31 0 0 0x1 0 0 0 0x0 6 6 81 0x0 20 20 85 0x0  48 0
66 150 4278 23 0 0 0x1 0 0 0 0x0 4 4 55 0x0 20 20 79 0x0  44 0
68 140 4281 31 0 0 0x1 0 0 0 0x0 6 6 84 0x0 21 21 86 0x0  26 1
70 191 4263 45 0 0 0x1 0 0 0 0x0 4 4 70 0x1 19 19 78 0x0  54 0
72 53 4298 42 0 0 0x1 0 0 0 0x0 6 6 67 0x0 20 20 86 0x0  42 0
74 54 4297 28 0 0 0x1 0 0 0 0x0 6 6 94 0x1 21 20 84 0x0  42 0
76 73 4286 44 0 0 0x1 0 0 0 0x0 4 4 37 0x0 20 20 83 0x0  25 1
78 96 4287 31 0 0 0x1 0 0 0 0x0 6 6 80 0x0 20 20 85 0x0  87 0
80 231 4257 34 0 0 0x1 0 0 0 0x0 6 6 92 0x1 20 20 89 0x1  7 0
82 54 4297 26 0 0 0x1 0 0 0 0x0 4 4 40 0x0 20 20 82 0x1  12 0
84 145 4282 33 0 0 0x1 0 0 0 0x0 7 7 92 0x0 21 21 85 0x0  51 1
86 177 4240 30 0 0 0x1 0 0 0 0x0 3 3 56 0x1 17 17 63 0x0  9 0
88 95 4281 27 0 0 0x1 0 0 0 0x0 6 6 76 0x1 8 8 20 0x1  117 1
90 53 4292 40 0 0 0x1 0 0 0 0x0 7 7 79 0x0 10 10 26 0x0  20 0
92 116 4275 32 0 0 0x1 0 0 0 0x0 3 3 38 0x0 20 20 85 0x0  19 0
94 58 4296 36 0 0 0x1 0 0 0 0x0 7 7 93 0x0 20 20 85 0x0  68 0
96 174 4268 21 0 0 0x1 0 0 0 0x0 5 5 81 0x1 20 20 87 0x0  28 0
98 189 4264 24 0 0 0x1 0 0 0 0x0 4 4 55 0x1 21 21 85 0x0  19 0
100 133 4282 32 0 0 0x1 0 0 0 0x0 7 7 83 0x0 20 20 84 0x0  89 0
102 183 4262 41 0 0 0x1 0 0 0 0x0 3 3 56 0x1 20 20 86 0x0  21 0
104 53 4297 36 0 0 0x1 0 0 0 0x0 7 7 82 0x0 21 21 83 0x0  46 0
106 101 4285 31 0 0 0x1 0 0 0 0x0 6 6 81 0x0 19 19 82 0x1  54 0
108 53 4293 29 0 0 0x1 0 0 0 0x0 4 4 50 0x0 21 21 82 0x0  76 0
110 57 4295 36 0 0 0x1 0 0 0 0x0 6 6 80 0x0 20 20 82 0x0  9 0
112 252 4260 26 0 0 0x1 0 0 0 0x0 3 3 51 0x1 20 20 86 0x0  59 0
114 53 4293 27 0 0 0x1 0 0 0 0x0 5 5 50 0x0 21 21 86 0x0  19 1
116 240 4255 29 0 0 0x1 0 0 0 0x0 5 5 79 0x1 20 20 85 0x0  14 0
118 187 4275 29 0 0 0x1 0 0 0 0x0 2 2 3 0x0 20 20 86 0x0  74 1
120 54 4289 38 0 0 0x1 0 0 0 0x0 6 6 93 0x1 12 12 48 0x1  13 0
122 70 4287 25 0 0 0x1 0 0 0 0x0 6 6 79 0x1 10 10 19 0x1  26 0
124 59 4290 32 0 0 0x1 0 0 0 0x0 4 4 40 0x0 13 13 45 0x0  78 0
126 103 4288 35 0 0 0x1 0 0 0 0x0 6 6 92 0x1 21 21 85 0x0  15 0
128 163 4263 29 0 0 0x1 0 0 0 0x0 2 2 24 0x1 20 20 87 0x0  22 0
130 95 4292 38 0 0 0x1 0 0 0 0x0 7 7 76 0x0 20 20 86 0x0  39 0
132 54 4294 22 0 0 0x1 0 0 0 0x0 6 6 79 0x0 21 20 86 0x0  18 0
134 210 4267 35 0 0 0x1 0 0 0 0x0 3 3 53 0x1 19 19 80 0x0  7 0
136 54 4293 42 0 0 0x1 0 0 0 0x0 6 6 79 0x1 19 19 77 0x0  59 0
138 258 4253 31 0 0 0x1 0 0 0 0x0 4 4 49 0x1 19 19 77 0x0  55 0
140 53 4294 30 0 0 0x1 0 0 0 0x0 5 5 50 0x0 20 20 85 0x0  20 0
142 53 4293 28 0 0 0x1 0 0 0 0x0 6 6 81 0x0 19 19 79 0x0  65 0
144 200 4258 32 0 0 0x1 0 0 0 0x0 3 3 56 0x1 21 21 90 0x1  26 0
146 324 4250 28 0 0 0x1 0 0 0 0x0 6 6 84 0x1 20 20 80 0x0  22 0
148 136 4284 37 0 0 0x1 0 0 0 0x0 5 5 52 0x0 20 20 86 0x0  43 0
150 54 4292 29 0 0 0x1 0 0 0 0x0 4 4 53 0x0 20 20 85 0x0  5 0
152 88 4280 40 0 0 0x1 0 0 0 0x0 6 6 83 0x0 20 20 85 0x0  35 0
154 280 4246 40 0 0 0x1 0 0 0 0x0 5 5 80 0x1 10 10 27 0x1  42 0
156 140 4259 24 0 0 0x1 0 0 0 0x0 2 2 12 0x0 9 9 21 0x1  25 0
158 53 4293 34 0 0 0x1 0 0 0 0x0 7 7 91 0x0 15 15 58 0x0  15 0
160 108 4274 45 0 0 0x1 0 0 0 0x0 3 3 42 0x0 20 20 84 0x0  45 0
162 54 4289 41 0 0 0x1 0 0 0 0x0 6 6 91 0x1 16 16 68 0x0  32 0
164 147 4281 33 0 0 0x1 0 0 0 0x0 7 7 79 0x0 16 16 66 0x0  5 0
166 191 4256 23 0 0 0x1 0 0 0 0x0 3 3 37 0x0 20 20 89 0x1  67 0
168 114 4282 19 0 0 0x1 0 0 0 0x0 7 7 91 0x0 20 20 84 0x1  11 0
170 203 4241 32 0 0 0x1 0 0 0 0x0 4 4 70 0x1 20 20 85 0x1  5 0
172 72 4288 28 0 0 0x1 0 0 0 0x0 5 5 61 0x1 21 21 87 0x0  94 0
174 53 4292 35 0 0 0x1 0 0 0 0x0 7 7 79 0x0 21 21 86 0x0  8 0
176 64 4284 35 0 0 0x1 0 0 0 0x0 3 3 40 0x0 20 20 88 0x0  70 0
178 124 4275 42 0 0 0x1 0 0 0 0x0 7 7 90 0x0 20 20 87 0x0  16 0
180 146 4278 35 0 0 0x1 0 0 0 0x0 4 4 52 0x0 20 20 85 0x0  42 0
182 54 4291 28 0 0 0x1 0 0 0 0x0 4 4 54 0x0 19 19 80 0x0  21 1
184 206 4266 35 0 0 0x1 0 0 0 0x0 6 6 84 0x0 22 22 89 0x0  57 0
186 198 4252 36 0 0 0x1 0 0 0 0x0 4 4 69 0x1 18 18 72 0x0  47 0
188 105 4276 41 0 0 0x1 0 0 0 0x0 6 6 68 0x0 7 7 21 0x1  11 0
190 220 4244 30 0 0 0x1 0 0 0 0x0 4 4 69 0x1 9 9 21 0x1  40 0
192 54 4287 24 0 0 0x1 0 0 0 0x0 4 4 38 0x0 20 20 79 0x0  24 0
194 61 4290 32 0 0 0x1 0 0 0 0x0 6 6 80 0x0 20 20 85 0x0  11 0
196 231 4245 39 0 0 0x1 0 0 0 0x0 6 6 93 0x1 17 17 69 0x0  101 0
198 84 4289 35 0 0 0x1 0 0 0 0x0 4 4 38 0x0 20 20 87 0x0  15 1
200 63 4286 36 0 0 0x1 0 0 0 0x0 7 7 93 0x0 17 17 71 0x0  19 0
202 165 4248 34 0 0 0x1 0 0 0 0x0 3 3 53 0x1 20 20 85 0x0  64 0
204 53 4290 33 0 0 0x1 0 0 0 0x0 6 6 77 0x1 19 19 83 0x1  13 0
206 198 4262 33 0 0 0x1 0 0 0 0x0 5 5 52 0x0 21 21 84 0x0  12 0
208 59 4286 25 0 0 0x1 0 0 0 0x0 3 3 38 0x0 20 20 85 0x0  44 0
210 107 4275 37 0 0 0x1 0 0 0 0x0 7 7 92 0x0 20 20 86 0x0  59 0
212 320 4240 39 0 0 0x1 0 0 0 0x0 5 5 83 0x1 20 20 87 0x0  11 0
214 66 4289 30 0 0 0x1 0 0 0 0x0 5 5 52 0x0 21 21 86 0x0  41 0
216 80 4289 29 0 0 0x1 0 0 0 0x0 6 6 80 0x0 20 20 87 0x0  48 0
218 151 4260 39 0 0 0x1 0 0 0 0x0 3 3 53 0x1 20 20 87 0x0  20 0
220 174 4252 34 0 0 0x1 0 0 0 0x0 7 7 77 0x0 15 15 58 0x1  23 0
222 99 4279 37 0 0 0x1 0 0 0 0x0 6 6 80 0x0 9 9 21 0x1  41 0
224 99 4284 27 0 0 0x1 0 0 0 0x0 4 4 52 0x0 10 10 25 0x0  10 0
226 91 4289 35 0 0 0x1 0 0 0 0x0 6 6 79 0x0 21 21 84 0x0  18 0
228 180 4260 40 0 0 0x1 0 0 0 0x0 5 5 79 0x1 20 20 87 0x0  51 0
230 60 4279 38 0 0 0x1 0 0 0 0x0 5 5 51 0x0 20 20 87 0x0  90 0
232 53 4290 31 0 0 0x1 0 0 0 0x0 6 6 93 0x1 22 22 90 0x0  12 1
234 171 4258 30 0 0 0x1 0 0 0 0x0 4 4 39 0x0 21 21 86 0x0  68 1
236 110 4274 25 0 0 0x1 0 0 0 0x0 6 6 78 0x0 19 19 79 0x0  26 0
238 176 4258 33 0 0 0x1 0 0 0 0x0 8 8 85 0x0 20 20 85 0x0  32 1
240 105 4276 37 0 0 0x1 0 0 0 0x0 3 3 40 0x0 20 20 87 0x0  71 0
242 54 4290 31 0 0 0x1 0 0 0 0x0 7 7 92 0x0 20 20 86 0x0  7 0
244 174 4254 26 0 0 0x1 0 0 0 0x0 4 4 66 0x1 21 21 86 0x0  33 0
246 52 4289 38 0 0 0x1 0 0 0 0x0 5 5 66 0x1 20 20 86 0x0  60 1
248 104 4282 29 0 0 0x1 0 0 0 0x0 7 7 79 0x0 20 20 86 0x0  23 0
250 53 4283 33 0 0 0x1 0 0 0 0x0 3 3 40 0x0 20 20 85 0x0  14 0
252 197 4276 29 0 0 0x1 0 0 0 0x0 7 7 92 0x0 20 20 84 0x0  26 1
254 54 4284 46 0 0 0x1 0 0 0 0x0 6 6 84 0x0 13 13 45 0x1  29 0
256 145 4247 24 0 0 0x1 0 0 0 0x0 3 3 49 0x1 9 9 17 0x1  29 0
258 58 4286 37 0 0 0x1 0 0 0 0x0 7 7 79 0x0 14 14 46 0x1  42 0
260 166 4252 30 0 0 0x1 0 0 0 0x0 4 4 67 0x1 20 20 78 0x1  51 0
262 53 4289 30 0 0 0x1 0 0 0 0x0 6 6 64 0x0 21 21 86 0x0  9 0
264 52 4289 37 0 0 0x1 0 0 0 0x0 6 6 81 0x0 19 19 79 0x0  50 0
266 54 4284 14 0 0 0x1 0 0 0 0x0 4 4 51 0x0 20 20 85 0x0  33 0
268 82 4285 29 0 0 0x1 0 0 0 0x0 6 6 80 0x0 21 21 86 0x0  26 1
270 180 4282 33 0 0 0x1 0 0 0 0x0 6 6 92 0x1 20 20 88 0x0  97 0
272 52 4288 36 0 0 0x1 0 0 0 0x0 4 4 39 0x0 21 21 85 0x0  6 0
274 53 4287 26 0 0 0x1 0 0 0 0x0 6 6 79 0x0 20 20 86 0x0  41 1
276 153 4258 31 0 0 0x1 0 0 0 0x0 4 4 68 0x1 19 19 79 0x0  56 1
278 66 4287 39 0 0 0x1 0 0 0 0x0 4 4 40 0x0 20 20 85 0x0  12 0
280 53 4289 32 0 0 0x1 0 0 0 0x0 6 6 92 0x1 20 20 84 0x0  27 0
282 164 4254 30 0 0 0x1 0 0 0 0x0 3 3 40 0x1 20 20 86 0x0  13 0
284 79 4281 38 0 0 0x1 0 0 0 0x0 5 5 65 0x1 21 21 89 0x1  57 0
286 276 4216 27 0 0 0x1 0 0 0 0x0 5 5 66 0x1 20 20 84 0x1  9 0
288 178 4254 33 0 0 0x1 0 0 0 0x0 2 2 12 0x0 10 10 22 0x1  14 0
290 113 4271 34 0 0 0x1 0 0 0 0x0 7 7 91 0x0 7 7 17 0x1  62 0
292 150 4259 32 0 0 0x1 0 0 0 0x0 3 3 42 0x0 17 17 64 0x0  11 0
294 71 4272 36 0 0 0x1 0 0 0 0x0 6 6 90 0x1 19 19 79 0x0  28 0
296 53 4286 37 0 0 0x1 0 0 0 0x0 7 7 79 0x0 20 20 85 0x0  38 0
298 116 4277 23 0 0 0x1 0 0 0 0x0 3 3 39 0x0 20 20 85 0x0  52 0
300 116 4271 33 0 0 0x1 0 0 0 0x0 7 7 92 0x0 20 20 87 0x0  61 0
302 226 4250 39 0 0 0x1 0 0 0 0x0 4 4 69 0x1 22 22 83 0x0  42 0
304 53 4285 28 0 0 0x1 0 0 0 0x0 6 6 68 0x0 20 20 87 0x0  24 0
306 199 4263 32 0 0 0x1 0 0 0 0x0 6 6 84 0x0 20 20 86 0x0  41 0
308 54 4281 43 0 0 0x1 0 0 0 0x0 3 3 53 0x1 20 20 86 0x0  48 0
310 57 4282 35 0 0 0x1 0 0 0 0x0 7 7 84 0x0 20 20 82 0x0  28 0
312 53 4289 32 0 0 0x1 0 0 0 0x0 6 6 80 0x0 20 20 91 0x1  6 0
314 71 4275 29 0 0 0x1 0 0 0 0x0 3 3 35 0x0 22 22 87 0x0  60 0
316 158 4271 34 0 0 0x1 0 0 0 0x0 6 6 84 0x0 20 20 85 0x0  7 0
318 165 4255 36 0 0 0x1 0 0 0 0x0 4 4 69 0x1 19 19 86 0x1  14 0
320 98 4276 31 0 0 0x1 0 0 0 0x0 6 6 68 0x0 17 17 70 0x1  42 0
322 110 4271 40 0 0 0x1 0 0 0 0x0 6 6 96 0x1 8 8 20 0x1  31 0
324 238 4230 30 0 0 0x1 0 0 0 0x0 4 4 39 0x0 7 7 15 0x1  30 0
326 61 4284 36 0 0 0x1 0 0 0 0x0 6 6 80 0x0 21 21 82 0x0  46 0
328 180 4261 22 0 0 0x1 0 0 0 0x0 6 6 98 0x1 20 20 84 0x0  15 1
330 117 4271 27 0 0 0x1 0 0 0 0x0 4 4 33 0x0 21 21 83 0x0  21 0
332 58 4284 34 0 0 0x1 0 0 0 0x0 6 6 98 0x1 20 20 82 0x0  100 1
334 152 4256 42 0 0 0x1 0 0 0 0x0 4 4 55 0x1 20 20 83 0x0  39 0
336 54 4286 35 0 0 0x1 0 0 0 0x0 6 6 77 0x1 20 20 84 0x0  32 0
338 110 4283 30 0 0 0x1 0 0 0 0x0 7 7 79 0x0 20 20 89 0x1  40 0
340 104 4276 27 0 0 0x1 0 0 0 0x0 3 3 40 0x0 21 21 84 0x0  20 0
342 180 4252 33 0 0 0x1 0 0 0 0x0 7 7 93 0x0 21 21 81 0x0  17 0
344 200 4249 37 0 0 0x1 0 0 0 0x0 5 5 83 0x1 20 20 86 0x0  54 0
346 54 4248 29 0 0 0x1 0 0 0 0x0 5 4 52 0x0 20 20 86 0x0  9 0
348 65 4286 30 0 0 0x1 0 0 0 0x0 6 7 79 0x0 21 21 85 0x0  9 0
350 158 4256 29 0 0 0x1 0 0 0 0x0 3 3 53 0x1 20 20 87 0x0  38 0
352 53 4287 39 0 0 0x1 0 0 0 0x0 7 7 78 0x0 20 20 85 0x0  17 0
354 98 4273 30 0 0 0x1 0 0 0 0x0 6 6 80 0x0 14 14 54 0x0  14 0
356 173 4255 30 0 0 0x1 0 0 0 0x0 4 4 52 0x0 5 5 17 0x1  42 0
358 57 4274 25 0 0 0x1 0 0 0 0x0 6 6 80 0x0 12 12 35 0x0  24 1
360 320 4239 33 0 0 0x1 0 0 0 0x0 5 5 84 0x1 21 21 84 0x0  13 1
362 53 4284 51 0 0 0x1 0 0 0 0x0 5 5 48 0x0 19 19 77 0x0  84 0
364 53 4285 27 0 0 0x1 0 0 0 0x0 6 6 80 0x0 20 20 85 0x0  18 0
366 150 4253 33 0 0 0x1 0 0 0 0x0 4 4 53 0x0 20 20 86 0x0  66 0
368 53 4283 43 0 0 0x1 0 0 0 0x0 6 6 77 0x0 20 20 84 0x0  59 0
370 53 4287 22 0 0 0x1 0 0 0 0x0 7 7 93 0x0 20 20 90 0x1  11 0
372 54 4284 38 0 0 0x1 0 0 0 0x0 3 3 40 0x0 22 22 85 0x0  17 0
# window_from=2  # samples before this mark saw a lit panel
