# t_s cur_mA v_mV APSS_sd APSS_xosd APSS_xopct APSS_cores LPASS_sd LPASS_xosd LPASS_xopct LPASS_cores MPSS_sd MPSS_xosd MPSS_xopct MPSS_cores PRONTO_sd PRONTO_xosd PRONTO_xopct PRONTO_cores edge_irq_per_s modem_irq_per_s
2 59 4282 33 0 0 0x1 0 0 0 0x0 6 6 79 0x0 20 20 85 0x0  152 0
4 264 4238 38 0 0 0x1 0 0 0 0x0 6 6 73 0x1 20 20 82 0x0  47 1
6 53 4287 36 0 0 0x1 0 0 0 0x0 5 5 52 0x0 20 20 86 0x0  51 0
8 164 4270 49 0 0 0x1 0 0 0 0x0 7 7 92 0x0 21 21 86 0x0  53 1
10 89 4282 37 0 0 0x1 0 0 0 0x0 3 3 39 0x0 20 20 87 0x0  8 2
12 123 4282 28 0 0 0x1 0 0 0 0x0 6 6 93 0x1 20 20 87 0x0  39 0
14 54 4289 37 0 0 0x1 0 0 0 0x0 7 7 79 0x0 20 20 85 0x0  73 0
16 54 4286 30 0 0 0x1 0 0 0 0x0 3 3 39 0x0 20 20 87 0x0  12 0
18 54 4288 40 0 0 0x1 0 0 0 0x0 7 7 92 0x0 20 20 86 0x0  17 1
20 191 4244 28 0 0 0x1 0 0 0 0x0 4 4 68 0x1 20 20 84 0x0  70 1
22 53 4287 27 0 0 0x1 0 0 0 0x0 3 2 25 0x1 20 20 86 0x0  26 0
24 79 4287 20 0 0 0x1 0 0 0 0x0 7 7 77 0x0 21 21 89 0x0  15 0
26 175 4267 28 0 0 0x1 0 0 0 0x0 3 3 40 0x0 21 21 85 0x0  45 0
28 111 4270 20 0 0 0x1 0 0 0 0x0 7 7 91 0x0 12 12 49 0x1  11 0
30 123 4259 25 0 0 0x1 0 0 0 0x0 6 6 79 0x0 7 7 19 0x1  30 1
32 55 4284 49 0 0 0x1 0 0 0 0x0 4 4 53 0x0 12 12 36 0x0  33 0
34 53 4284 38 0 0 0x1 0 0 0 0x0 6 6 80 0x0 19 19 79 0x0  63 0
36 156 4257 24 0 0 0x1 0 0 0 0x0 4 4 69 0x1 20 20 79 0x0  38 0
38 53 4283 35 0 0 0x1 0 0 0 0x0 4 4 34 0x0 19 19 81 0x0  107 0
40 125 4267 29 0 0 0x1 0 0 0 0x0 6 6 83 0x0 20 20 85 0x0  38 1
42 155 4253 24 0 0 0x1 0 0 0 0x0 2 2 42 0x1 21 21 86 0x0  20 1
44 222 4244 30 0 0 0x1 0 0 0 0x0 4 4 36 0x0 15 15 63 0x0  41 0
46 115 4275 30 0 0 0x1 0 0 0 0x0 6 6 97 0x1 20 20 85 0x0  24 0
48 54 4282 29 0 0 0x1 0 0 0 0x0 4 4 40 0x0 20 20 88 0x1  9 0
50 65 4278 38 0 0 0x1 0 0 0 0x0 6 6 80 0x0 20 20 85 0x1  53 0
52 155 4256 36 0 0 0x1 0 0 0 0x0 4 4 70 0x1 18 18 75 0x1  16 1
54 59 4286 32 0 0 0x1 0 0 0 0x0 5 5 51 0x0 21 21 85 0x1  7 1
56 52 4284 30 0 0 0x1 0 0 0 0x0 7 7 94 0x0 21 21 86 0x0  59 1
58 137 4269 35 0 0 0x1 0 0 0 0x0 3 3 39 0x0 20 20 83 0x0  8 0
60 54 4284 38 0 0 0x1 0 0 0 0x0 6 6 92 0x1 20 20 85 0x0  20 0
62 243 4244 33 0 0 0x1 0 0 0 0x0 6 6 79 0x1 9 9 32 0x1  50 0
64 111 4267 28 0 0 0x1 0 0 0 0x0 4 4 40 0x0 8 8 18 0x1  38 0
66 54 4283 37 0 0 0x1 0 0 0 0x0 7 7 96 0x0 17 17 54 0x0  38 0
68 225 4237 53 0 0 0x1 0 0 0 0x0 3 3 56 0x1 20 20 85 0x0  85 1
70 96 4273 29 0 0 0x1 0 0 0 0x0 7 7 76 0x0 20 20 86 0x0  56 0
72 66 4281 31 0 0 0x1 0 0 0 0x0 5 5 80 0x1 20 20 84 0x0  6 0
74 157 4268 23 0 0 0x1 0 0 0 0x0 3 3 30 0x1 20 20 87 0x0  53 0
76 148 4268 32 0 0 0x1 0 0 0 0x0 7 7 79 0x0 20 20 86 0x0  29 0
78 192 4246 35 0 0 0x1 0 0 0 0x0 4 4 66 0x1 21 21 84 0x0  16 0
80 181 4253 25 0 0 0x1 0 0 0 0x0 6 6 67 0x0 19 19 85 0x1  51 0
82 174 4252 31 0 0 0x1 0 0 0 0x0 6 6 72 0x1 21 21 86 0x0  12 1
84 117 4259 36 0 0 0x1 0 0 0 0x0 3 3 20 0x0 21 21 84 0x0  9 0
86 54 4282 42 0 0 0x1 0 0 0 0x0 6 6 80 0x0 20 20 85 0x0  59 0
88 174 4255 28 0 0 0x1 0 0 0 0x0 5 5 79 0x1 20 20 85 0x0  14 0
90 54 4283 28 0 0 0x1 0 0 0 0x0 5 5 52 0x0 20 20 86 0x0  16 0
92 177 4253 28 0 0 0x1 0 0 0 0x0 5 5 79 0x1 19 19 78 0x0  42 0
94 193 4242 36 0 0 0x1 0 0 0 0x0 3 3 20 0x0 18 18 81 0x1  29 0
96 105 4268 47 0 0 0x1 0 0 0 0x0 6 6 79 0x0 8 8 18 0x1  43 0
98 106 4264 30 0 0 0x1 0 0 0 0x0 8 8 96 0x0 8 8 18 0x1  88 1
100 114 4261 31 0 0 0x1 0 0 0 0x0 3 3 41 0x0 17 17 68 0x0  22 0
102 53 4282 27 0 0 0x1 0 0 0 0x0 6 6 97 0x1 20 20 85 0x0  9 0
104 333 4227 32 0 0 0x1 0 0 0 0x0 3 3 38 0x1 19 19 80 0x0  108 0
106 53 4281 41 0 0 0x1 0 0 0 0x0 5 5 63 0x1 21 21 84 0x0  15 0
108 193 4258 25 0 0 0x1 0 0 0 0x0 7 7 80 0x0 20 20 86 0x0  8 0
110 53 4275 31 0 0 0x1 0 0 0 0x0 3 3 41 0x0 20 20 87 0x0  56 0
112 209 4247 34 0 0 0x1 0 0 0 0x0 7 7 87 0x1 21 21 86 0x0  19 0
114 53 4281 31 0 0 0x1 0 0 0 0x0 5 5 48 0x0 20 20 83 0x0  27 1
116 167 4246 31 0 0 0x1 0 0 0 0x0 4 4 53 0x0 20 20 88 0x1  49 1
118 118 4264 38 0 0 0x1 0 0 0 0x0 6 6 78 0x0 15 15 63 0x1  51 0
120 150 4251 28 0 0 0x1 0 0 0 0x0 4 4 66 0x1 18 17 69 0x0  20 1
122 64 4279 28 0 0 0x1 0 0 0 0x0 5 5 63 0x1 20 21 84 0x0  18 1
124 59 4277 40 0 0 0x1 0 0 0 0x0 5 5 48 0x0 21 21 84 0x0  89 0
126 312 4237 33 0 0 0x1 0 0 0 0x0 4 4 52 0x0 20 20 85 0x0  16 0
128 53 4277 31 0 0 0x1 0 0 0 0x0 7 7 80 0x0 14 14 61 0x1  13 1
130 138 4272 32 0 0 0x1 0 0 0 0x0 6 6 99 0x1 8 8 17 0x0  59 0
132 238 4236 42 0 0 0x1 0 0 0 0x0 3 3 35 0x1 9 9 27 0x0  22 0
134 54 4276 41 0 0 0x1 0 0 0 0x0 5 5 60 0x1 20 20 87 0x0  143 0
136 157 4246 40 0 0 0x1 0 0 0 0x0 4 4 52 0x1 21 21 83 0x0  17 0
138 53 4279 32 0 0 0x1 0 0 0 0x0 6 6 63 0x0 20 20 85 0x0  5 0
140 54 4281 28 0 0 0x1 0 0 0 0x0 7 7 93 0x0 20 20 90 0x1  49 1
142 69 4267 46 0 0 0x1 0 0 0 0x0 3 3 40 0x0 23 23 84 0x0  18 0
144 171 4262 27 0 0 0x1 0 0 0 0x0 5 5 63 0x0 20 20 86 0x0  21 0
146 302 4239 33 0 0 0x1 0 0 0 0x0 5 5 79 0x1 19 19 80 0x1  50 1
148 71 4263 29 0 0 0x1 0 0 0 0x0 2 2 16 0x1 21 21 84 0x0  8 0
150 53 4278 36 0 0 0x1 0 0 0 0x0 7 7 77 0x0 19 19 77 0x0  26 0
152 157 4245 35 0 0 0x1 0 0 0 0x0 3 3 54 0x1 19 19 79 0x0  53 0
154 101 4270 32 0 0 0x1 0 0 0 0x0 7 7 74 0x0 18 18 76 0x1  33 0
156 53 4276 37 0 0 0x1 0 0 0 0x0 7 7 79 0x0 16 16 59 0x0  48 2
158 96 4271 32 0 0 0x1 0 0 0 0x0 4 4 50 0x0 20 20 86 0x0  43 0
160 63 4277 33 0 0 0x1 0 0 0 0x0 6 6 79 0x0 20 20 86 0x0  18 0
162 295 4208 50 0 0 0x1 0 0 0 0x0 5 5 82 0x1 11 11 43 0x1  15 0
164 97 4266 34 0 0 0x1 0 0 0 0x0 5 5 53 0x0 8 8 21 0x1  115 1
166 68 4277 33 0 0 0x1 0 0 0 0x0 6 6 83 0x0 13 13 44 0x1  10 0
168 161 4250 30 0 0 0x1 0 0 0 0x0 3 3 56 0x1 20 20 87 0x1  34 1
170 93 4272 46 0 0 0x1 0 0 0 0x0 6 6 64 0x0 21 21 86 0x0  46 0
172 53 4279 28 0 0 0x1 0 0 0 0x0 7 7 93 0x0 20 20 85 0x0  12 0
174 54 4277 30 0 0 0x1 0 0 0 0x0 3 3 37 0x0 19 19 77 0x0  15 0
176 128 4266 30 0 0 0x1 0 0 0 0x0 6 6 93 0x0 20 20 79 0x0  41 0
178 270 4226 34 0 0 0x1 0 0 0 0x0 5 5 66 0x1 19 19 79 0x0  32 0
180 53 4275 36 0 0 0x1 0 0 0 0x0 5 5 53 0x0 16 16 68 0x0  12 0
182 54 4278 29 0 0 0x1 0 0 0 0x0 7 7 94 0x0 21 21 84 0x0  45 0
184 100 4255 32 0 0 0x1 0 0 0 0x0 3 3 41 0x0 20 20 86 0x0  47 0
186 54 4280 27 0 0 0x1 0 0 0 0x0 8 8 93 0x0 20 20 90 0x0  16 2
188 62 4276 34 0 0 0x1 0 0 0 0x0 6 6 83 0x0 20 20 81 0x0  60 0
190 64 4279 29 0 0 0x1 0 0 0 0x0 3 3 42 0x0 20 20 87 0x0  11 1
192 54 4279 21 0 0 0x1 0 0 0 0x0 7 7 96 0x0 20 20 91 0x1  18 0
194 271 4232 26 0 0 0x1 0 0 0 0x0 4 4 68 0x1 21 21 85 0x1  63 0
196 107 4264 38 0 0 0x1 0 0 0 0x0 5 5 67 0x1 9 9 26 0x1  12 0
198 162 4249 29 0 0 0x1 0 0 0 0x0 4 4 31 0x0 7 7 16 0x1  66 0
200 117 4258 41 0 0 0x1 0 0 0 0x0 4 4 53 0x0 16 16 61 0x0  85 0
202 186 4247 41 0 0 0x1 0 0 0 0x0 3 3 56 0x1 19 19 79 0x0  18 0
204 101 4269 29 0 0 0x1 0 0 0 0x0 5 5 48 0x0 20 20 82 0x0  21 0
206 95 4268 37 0 0 0x1 0 0 0 0x0 4 4 53 0x0 20 20 79 0x0  28 0
208 141 4265 39 0 0 0x1 0 0 0 0x0 6 6 79 0x0 20 20 83 0x0  40 0
210 173 4241 32 0 0 0x1 0 0 0 0x0 4 4 68 0x1 21 21 87 0x1  12 0
212 230 4233 29 0 0 0x1 0 0 0 0x0 4 4 49 0x1 22 22 83 0x0  42 0
214 171 4258 26 0 0 0x1 0 0 0 0x0 8 8 74 0x0 20 20 85 0x0  65 1
216 138 4253 32 0 0 0x1 0 0 0 0x0 3 3 38 0x0 20 20 85 0x0  8 0
218 53 4275 47 0 0 0x1 0 0 0 0x0 4 4 64 0x1 20 20 83 0x0  55 0
220 155 4254 26 0 0 0x1 0 0 0 0x0 6 6 80 0x1 20 20 85 0x0  7 0
222 182 4234 30 0 0 0x1 0 0 0 0x0 2 2 25 0x1 20 20 86 0x0  5 0
224 116 4253 27 0 0 0x1 0 0 0 0x0 7 7 76 0x0 21 21 83 0x0  59 0
226 153 4244 28 0 0 0x1 0 0 0 0x0 3 3 54 0x1 18 18 78 0x1  28 1
228 106 4261 42 0 0 0x1 0 0 0 0x0 6 6 74 0x1 16 16 63 0x0  36 1
230 197 4244 31 0 0 0x1 0 0 0 0x0 7 7 80 0x0 8 8 20 0x1  43 0
232 201 4230 27 0 0 0x1 0 0 0 0x0 1 1 25 0x1 5 5 6 0x1  28 0
234 53 4272 28 0 0 0x1 0 0 0 0x0 6 6 60 0x0 21 21 87 0x0  8 0
236 185 4246 44 0 0 0x1 0 0 0 0x0 5 5 80 0x1 21 21 83 0x0  78 0
238 96 4261 35 0 0 0x1 0 0 0 0x0 5 5 50 0x0 20 20 83 0x0  23 0
240 53 4278 32 0 0 0x1 0 0 0 0x0 6 6 80 0x0 20 20 82 0x0  5 0
242 216 4232 30 0 0 0x1 0 0 0 0x0 3 3 53 0x1 21 21 86 0x0  14 0
244 52 4277 22 0 0 0x1 0 0 0 0x0 8 8 74 0x0 20 20 86 0x0  53 1
246 53 4275 36 0 0 0x1 0 0 0 0x0 6 6 81 0x0 20 20 83 0x0  55 1
248 179 4253 34 0 0 0x1 0 0 0 0x0 4 4 52 0x0 20 20 83 0x0  20 0
250 54 4275 33 0 0 0x1 0 0 0 0x0 6 6 79 0x0 20 20 88 0x0  43 0
252 209 4231 37 0 0 0x1 0 0 0 0x0 4 4 67 0x1 21 21 84 0x0  18 0
254 111 4263 34 0 0 0x1 0 0 0 0x0 6 6 57 0x0 20 20 85 0x0  6 0
256 53 4271 31 0 0 0x1 0 0 0 0x0 6 6 93 0x1 20 20 87 0x0  52 0
258 105 4262 33 0 0 0x1 0 0 0 0x0 4 4 37 0x0 20 20 84 0x0  25 0
260 66 4270 25 0 0 0x1 0 0 0 0x0 6 6 80 0x0 20 20 85 0x0  26 0
262 317 4180 41 0 0 0x1 0 0 0 0x0 5 5 79 0x1 14 14 56 0x1  64 1
264 106 4259 37 0 0 0x1 0 0 0 0x0 5 5 44 0x0 9 9 22 0x1  14 1
266 154 4257 42 0 0 0x1 0 0 0 0x0 7 7 93 0x0 11 11 35 0x1  24 0
268 190 4236 32 0 0 0x1 0 0 0 0x0 2 2 25 0x0 20 20 86 0x1  53 1
270 99 4271 47 0 0 0x1 0 0 0 0x0 6 6 95 0x1 21 21 87 0x0  23 1
272 179 4242 34 0 0 0x1 0 0 0 0x0 5 5 69 0x1 19 19 80 0x0  40 0
274 56 4268 44 0 0 0x1 0 0 0 0x0 1 1 0 0x0 20 20 84 0x0  82 1
276 53 4273 33 0 0 0x1 0 0 0 0x0 7 7 91 0x0 20 20 78 0x0  52 1
278 156 4243 31 0 0 0x1 0 0 0 0x0 3 3 55 0x1 20 20 83 0x0  18 1
280 176 4251 38 0 0 0x1 0 0 0 0x0 7 7 83 0x0 20 20 84 0x0  20 0
282 54 4275 38 0 0 0x1 0 0 0 0x0 6 6 83 0x0 20 20 75 0x0  37 0
284 54 4271 37 0 0 0x1 0 0 0 0x0 3 3 42 0x0 20 20 85 0x0  15 0
286 53 4274 48 0 0 0x1 0 0 0 0x0 7 7 95 0x0 20 20 87 0x0  50 0
288 229 4248 29 0 0 0x1 0 0 0 0x0 5 5 83 0x1 20 20 89 0x1  23 0
290 53 4275 37 0 0 0x1 0 0 0 0x0 5 5 53 0x0 21 20 85 0x0  51 0
292 99 4264 40 0 0 0x1 0 0 0 0x0 6 6 83 0x0 18 19 73 0x0  66 1
294 151 4245 33 0 0 0x1 0 0 0 0x0 3 3 55 0x1 21 20 87 0x0  13 1
296 221 4238 37 0 0 0x1 0 0 0 0x0 6 6 64 0x0 12 13 36 0x1  14 1
298 106 4258 40 0 0 0x1 0 0 0 0x0 6 6 94 0x1 8 8 20 0x1  40 0
300 53 4272 38 0 0 0x1 0 0 0 0x0 4 4 41 0x0 14 14 50 0x0  17 0
302 60 4261 21 0 0 0x1 0 0 0 0x0 7 7 83 0x0 20 20 84 0x0  40 3
304 254 4231 43 0 0 0x1 0 0 0 0x0 5 5 84 0x1 20 20 84 0x0  72 0
306 72 4262 29 0 0 0x1 0 0 0 0x0 5 5 54 0x0 21 21 84 0x0  17 0
308 53 4275 35 0 0 0x1 0 0 0 0x0 6 6 96 0x1 20 20 86 0x0  18 0
310 57 4268 45 0 0 0x1 0 0 0 0x0 4 4 40 0x0 20 20 87 0x0  54 1
312 116 4259 36 0 0 0x1 0 0 0 0x0 6 6 80 0x0 21 21 89 0x1  23 1
314 53 4276 38 0 0 0x1 0 0 0 0x0 7 7 98 0x0 21 21 87 0x0  11 1
316 179 4257 28 0 0 0x1 0 0 0 0x0 3 3 39 0x0 20 20 81 0x0  53 0
318 64 4272 32 0 0 0x1 0 0 0 0x0 7 7 98 0x0 20 20 82 0x0  12 0
320 206 4237 39 0 0 0x1 0 0 0 0x0 4 4 69 0x1 20 20 84 0x0  42 0
322 53 4265 20 0 0 0x1 0 0 0 0x0 6 6 60 0x1 21 21 81 0x0  166 0
324 56 4274 47 0 0 0x1 0 0 0 0x0 7 7 80 0x0 20 20 81 0x0  19 0
326 54 4270 31 0 0 0x1 0 0 0 0x0 3 3 52 0x1 20 20 84 0x0  19 0
328 233 4221 24 0 0 0x1 0 0 0 0x0 5 5 66 0x1 20 20 87 0x1  96 0
330 296 4233 34 0 0 0x1 0 0 0 0x0 6 6 65 0x0 8 8 17 0x0  20 0
332 107 4258 28 0 0 0x1 0 0 0 0x0 4 4 52 0x0 9 9 20 0x1  23 1
334 54 4271 39 0 0 0x1 0 0 0 0x0 6 6 79 0x0 19 19 70 0x0  91 0
336 163 4240 34 0 0 0x1 0 0 0 0x0 4 4 68 0x1 20 19 83 0x0  44 0
338 53 4272 25 0 0 0x1 0 0 0 0x0 6 6 63 0x0 19 20 83 0x1  12 0
340 54 4274 39 0 0 0x1 0 0 0 0x0 6 6 80 0x0 21 21 82 0x0  44 0
342 135 4258 26 0 0 0x1 0 0 0 0x0 4 4 52 0x0 20 20 84 0x0  25 0
344 145 4257 30 0 0 0x1 0 0 0 0x0 6 6 80 0x0 20 20 85 0x0  8 0
346 54 4273 44 0 0 0x1 0 0 0 0x0 6 6 93 0x1 20 20 83 0x0  55 0
348 185 4246 22 0 0 0x1 0 0 0 0x0 4 4 39 0x0 20 20 85 0x0  10 0
350 53 4274 29 0 0 0x1 0 0 0 0x0 8 8 86 0x0 20 20 85 0x0  9 0
352 161 4240 34 0 0 0x1 0 0 0 0x0 3 3 53 0x1 21 21 86 0x0  86 0
354 53 4268 25 0 0 0x1 0 0 0 0x0 6 6 80 0x1 21 21 90 0x0  60 0
356 175 4236 23 0 0 0x1 0 0 0 0x0 5 5 66 0x1 20 20 86 0x0  30 0
358 74 4272 33 0 0 0x1 0 0 0 0x0 3 3 22 0x0 20 20 86 0x0  44 0
360 189 4249 35 0 0 0x1 0 0 0 0x0 8 8 91 0x0 20 20 86 0x0  17 1
362 181 4232 34 0 0 0x1 0 0 0 0x0 2 2 40 0x1 15 15 62 0x1  9 0
364 99 4259 48 0 0 0x1 0 0 0 0x0 7 7 72 0x0 8 8 20 0x1  113 1
366 106 4252 40 0 0 0x1 0 0 0 0x0 6 6 84 0x0 9 9 20 0x0  31 1
368 53 4269 47 0 0 0x1 0 0 0 0x0 3 3 51 0x1 19 19 76 0x0  14 0
370 159 4243 32 0 0 0x1 0 0 0 0x0 7 7 79 0x0 21 20 84 0x0  82 1
# window_from=2  # samples before this mark saw a lit panel
