start 1788460326 4254376 92
start 1788460388 4243476 92
start 1788460450 4233939 92
start 1788460512 4258268 92
start 1788460574 4243671 92
start 1788460636 4238610 92
start 1788460698 4209025 92
start 1788460760 4242697 92
start 1788460822 4239583 92
start 1788460884 4227905 92
end 1788476672 4153748 83
end 1788476734 4171266 83
end 1788476796 4156862 83
end 1788476858 4090686 83
end 1788476920 4162312 83
end 1788476982 4151413 83
end 1788477044 4172239 83
end 1788477106 4155500 83
end 1788477168 4152970 83
end 1788477230 4155500 83
