# t_s cur_mA v_mV APSS_sd APSS_xosd APSS_xopct APSS_cores LPASS_sd LPASS_xosd LPASS_xopct LPASS_cores MPSS_sd MPSS_xosd MPSS_xopct MPSS_cores PRONTO_sd PRONTO_xosd PRONTO_xopct PRONTO_cores edge_irq_per_s modem_irq_per_s
2 84 4338 39 0 0 0x1 0 0 0 0x0 4 4 38 0x1 20 20 86 0x0  53 0
4 194 4304 40 0 0 0x1 0 0 0 0x0 7 7 65 0x0 20 20 87 0x0  9 0
6 320 4277 27 0 0 0x1 0 0 0 0x0 4 4 54 0x1 20 20 88 0x0  70 0
8 106 4324 29 0 0 0x1 0 0 0 0x0 6 6 57 0x1 20 20 87 0x0  30 0
10 59 4335 40 0 0 0x1 0 0 0 0x0 7 7 64 0x0 19 19 81 0x0  19 0
12 82 4325 40 0 0 0x1 0 0 0 0x0 4 3 42 0x1 20 20 93 0x1  50 0
14 179 4309 28 0 0 0x1 0 0 0 0x0 7 7 64 0x0 20 20 87 0x1  5 0
16 52 4331 34 0 0 0x1 0 0 0 0x0 6 6 60 0x0 21 21 88 0x0  52 0
18 240 4294 37 0 0 0x1 0 0 0 0x0 5 5 45 0x0 20 20 88 0x0  53 0
20 170 4274 25 0 0 0x1 0 0 0 0x0 7 7 58 0x0 20 20 85 0x1  69 0
22 235 4274 34 0 0 0x1 0 0 0 0x0 4 4 48 0x1 10 10 20 0x1  9 0
24 212 4295 33 0 0 0x1 0 0 0 0x0 5 5 39 0x0 9 9 18 0x0  38 0
26 70 4315 31 0 0 0x1 0 0 0 0x0 6 6 69 0x1 17 17 71 0x0  42 0
28 181 4294 48 0 0 0x1 0 0 0 0x0 5 4 29 0x0 20 20 88 0x0  46 0
30 51 4321 27 0 0 0x1 0 0 0 0x0 6 6 69 0x1 20 20 88 0x0  61 0
32 178 4288 28 0 0 0x1 0 0 0 0x0 6 6 61 0x1 21 21 92 0x1  55 0
34 51 4323 34 0 0 0x1 0 0 0 0x0 4 4 30 0x0 21 21 87 0x0  12 0
36 232 4303 33 0 0 0x1 0 0 0 0x0 7 7 70 0x0 20 20 88 0x0  60 0
38 205 4282 35 0 0 0x1 0 0 0 0x0 3 3 40 0x1 21 21 87 0x0  14 0
40 52 4318 27 0 0 0x1 0 0 0 0x0 6 6 60 0x1 20 20 87 0x0  20 0
42 177 4293 48 0 0 0x1 0 0 0 0x0 7 7 60 0x0 20 20 88 0x0  49 0
44 52 4316 29 0 0 0x1 0 0 0 0x0 3 3 41 0x1 19 19 87 0x1  13 1
46 207 4288 33 0 0 0x1 0 0 0 0x0 7 7 61 0x0 20 20 82 0x0  19 1
48 261 4269 41 0 0 0x1 0 0 0 0x0 5 5 66 0x1 19 19 82 0x0  79 0
50 232 4273 36 0 0 0x1 0 0 0 0x0 5 5 41 0x0 19 19 74 0x0  19 0
52 89 4314 33 0 0 0x1 0 0 0 0x0 6 6 60 0x0 19 19 86 0x1  23 0
54 154 4281 39 0 0 0x1 0 0 0 0x0 4 4 42 0x1 20 20 83 0x0  54 0
56 182 4288 41 0 0 0x1 0 0 0 0x0 7 7 59 0x0 21 21 91 0x0  16 0
58 51 4316 35 0 0 0x1 0 0 0 0x0 6 6 70 0x1 20 20 88 0x0  12 0
60 195 4280 33 0 0 0x1 0 0 0 0x0 5 5 32 0x0 20 20 88 0x0  90 0
62 52 4314 47 0 0 0x1 0 0 0 0x0 6 6 61 0x0 20 20 81 0x0  55 0
64 243 4263 32 0 0 0x1 0 0 0 0x0 6 6 60 0x1 20 20 88 0x0  13 0
66 53 4312 33 0 0 0x1 0 0 0 0x0 6 6 43 0x0 20 20 88 0x0  63 0
68 52 4311 17 0 0 0x1 0 0 0 0x0 6 6 70 0x1 21 21 87 0x0  12 0
70 169 4282 31 0 0 0x1 0 0 0 0x0 4 4 30 0x0 20 20 88 0x0  19 0
72 58 4309 28 0 0 0x1 0 0 0 0x0 6 6 70 0x1 20 20 87 0x0  47 0
74 180 4285 25 0 0 0x1 0 0 0 0x0 7 7 62 0x0 20 20 88 0x0  14 0
76 51 4310 36 0 0 0x1 0 0 0 0x0 4 4 34 0x0 20 20 92 0x1  17 1
78 166 4269 43 0 0 0x1 0 0 0 0x0 6 6 69 0x1 21 21 86 0x1  76 0
80 262 4251 18 0 0 0x1 0 0 0 0x0 5 5 50 0x1 21 21 88 0x0  36 1
82 103 4295 30 0 0 0x1 0 0 0 0x0 4 4 39 0x1 19 19 82 0x0  11 0
84 169 4284 33 0 0 0x1 0 0 0 0x0 7 7 59 0x0 20 20 88 0x0  95 0
86 229 4259 35 0 0 0x1 0 0 0 0x0 1 1 20 0x1 20 20 87 0x0  17 0
88 213 4277 28 0 0 0x1 0 0 0 0x0 6 6 46 0x0 20 20 88 0x0  8 0
90 303 4235 26 0 0 0x1 0 0 0 0x0 5 5 65 0x1 21 21 87 0x0  74 0
92 52 4303 33 0 0 0x1 0 0 0 0x0 5 5 44 0x0 19 19 80 0x0  31 0
94 154 4263 24 0 0 0x1 0 0 0 0x0 6 6 65 0x0 20 20 86 0x0  62 0
96 225 4270 34 0 0 0x1 0 0 0 0x0 3 3 44 0x1 21 20 86 0x0  96 0
98 229 4272 38 0 0 0x1 0 0 0 0x0 6 6 53 0x0 19 19 80 0x1  10 0
100 52 4305 34 0 0 0x1 0 0 0 0x0 6 6 72 0x1 21 21 88 0x0  37 0
102 214 4266 33 0 0 0x1 0 0 0 0x0 4 4 31 0x0 20 20 87 0x0  35 0
104 52 4305 22 0 0 0x1 0 0 0 0x0 6 6 71 0x1 20 20 88 0x0  20 0
106 215 4264 25 0 0 0x1 0 0 0 0x0 5 5 50 0x1 20 20 88 0x0  13 1
108 202 4289 31 0 0 0x1 0 0 0 0x0 5 5 38 0x0 21 21 87 0x0  42 0
110 63 4294 21 0 0 0x1 0 0 0 0x0 6 6 71 0x1 20 20 88 0x0  35 0
112 156 4266 32 0 0 0x1 0 0 0 0x0 3 3 30 0x1 20 20 88 0x0  7 0
114 51 4299 31 0 0 0x1 0 0 0 0x0 6 5 50 0x1 20 20 87 0x0  54 1
116 188 4274 34 0 0 0x1 0 0 0 0x0 7 7 63 0x0 20 20 88 0x0  41 0
118 143 4291 31 0 0 0x1 0 0 0 0x0 3 3 41 0x1 20 20 88 0x0  21 0
120 87 4296 43 0 0 0x1 0 0 0 0x0 7 7 60 0x0 21 21 86 0x0  88 0
122 201 4253 35 0 0 0x1 0 0 0 0x0 4 4 50 0x1 20 20 93 0x1  6 0
124 51 4299 29 0 0 0x1 0 0 0 0x0 5 5 51 0x1 21 21 88 0x0  23 0
126 181 4276 30 0 0 0x1 0 0 0 0x0 7 7 61 0x0 21 21 87 0x0  44 0
128 65 4282 30 0 0 0x1 0 0 0 0x0 3 3 40 0x1 19 19 82 0x0  27 0
130 180 4275 33 0 0 0x1 0 0 0 0x0 7 7 61 0x0 20 20 88 0x0  21 0
132 182 4273 28 0 0 0x1 0 0 0 0x0 6 6 69 0x1 20 20 87 0x0  45 0
134 118 4280 30 0 0 0x1 0 0 0 0x0 5 5 40 0x0 20 20 88 0x0  20 0
136 95 4287 28 0 0 0x1 0 0 0 0x0 6 6 59 0x0 20 20 88 0x0  8 0
138 152 4253 30 0 0 0x1 0 0 0 0x0 4 4 42 0x1 21 21 87 0x0  72 0
140 170 4274 24 0 0 0x1 0 0 0 0x0 7 7 60 0x0 20 20 88 0x0  32 0
142 51 4297 26 0 0 0x1 0 0 0 0x0 6 6 69 0x1 20 20 87 0x0  17 1
144 180 4268 36 0 0 0x1 0 0 0 0x0 5 5 33 0x0 20 20 93 0x1  62 0
146 52 4299 30 0 0 0x1 0 0 0 0x0 6 6 69 0x1 21 21 88 0x0  11 1
148 177 4260 43 0 0 0x1 0 0 0 0x0 6 6 50 0x1 21 20 87 0x0  23 0
150 153 4276 24 0 0 0x1 0 0 0 0x0 6 6 42 0x0 20 21 88 0x0  68 0
152 51 4296 26 0 0 0x1 0 0 0 0x0 6 6 69 0x1 20 20 88 0x0  21 0
154 90 4279 34 0 0 0x1 0 0 0 0x0 5 5 31 0x0 20 20 88 0x0  34 0
156 52 4295 33 0 0 0x1 0 0 0 0x0 6 6 68 0x1 20 20 88 0x0  42 0
158 187 4269 29 0 0 0x1 0 0 0 0x0 7 7 58 0x0 19 19 81 0x0  54 0
160 52 4294 24 0 0 0x1 0 0 0 0x0 4 4 31 0x0 20 20 87 0x0  10 0
162 212 4258 31 0 0 0x1 0 0 0 0x0 8 8 70 0x0 20 20 88 0x0  60 0
164 186 4247 31 0 0 0x1 0 0 0 0x0 4 4 48 0x1 20 20 93 0x1  34 0
166 55 4291 28 0 0 0x1 0 0 0 0x0 6 6 52 0x1 21 21 87 0x1  7 0
168 107 4293 28 0 0 0x1 0 0 0 0x0 7 7 58 0x0 21 21 88 0x0  84 0
170 52 4289 24 0 0 0x1 0 0 0 0x0 4 3 39 0x1 20 20 88 0x0  7 0
172 222 4262 36 0 0 0x1 0 0 0 0x0 7 7 59 0x0 20 20 88 0x0  16 0
174 65 4289 31 0 0 0x1 0 0 0 0x0 6 6 62 0x0 20 20 88 0x0  65 0
176 229 4256 31 0 0 0x1 0 0 0 0x0 5 4 42 0x0 20 20 88 0x0  5 0
178 52 4295 26 0 0 0x1 0 0 0 0x0 6 6 63 0x0 21 21 86 0x0  17 0
180 151 4262 16 0 0 0x1 0 0 0 0x0 4 4 52 0x1 20 20 88 0x0  44 0
182 126 4280 15 0 0 0x1 0 0 0 0x0 7 7 54 0x0 20 20 88 0x0  81 0
184 53 4291 37 0 0 0x1 0 0 0 0x0 6 6 71 0x1 20 20 88 0x0  31 0
186 179 4264 37 0 0 0x1 0 0 0 0x0 5 5 34 0x0 20 20 88 0x0  36 0
188 99 4280 30 0 0 0x1 0 0 0 0x0 6 6 59 0x0 19 19 81 0x0  25 0
190 239 4257 38 0 0 0x1 0 0 0 0x0 6 6 68 0x1 21 21 87 0x0  13 0
192 53 4275 34 0 0 0x1 0 0 0 0x0 5 5 32 0x0 20 20 88 0x0  91 0
194 51 4288 36 0 0 0x1 0 0 0 0x0 6 6 69 0x1 20 20 86 0x0  20 0
196 157 4260 30 0 0 0x1 0 0 0 0x0 4 4 38 0x1 21 21 87 0x0  13 1
198 180 4265 36 0 0 0x1 0 0 0 0x0 8 8 60 0x1 19 19 81 0x0  69 1
200 181 4264 32 0 0 0x1 0 0 0 0x0 7 7 58 0x0 20 20 88 0x0  52 0
202 51 4287 22 0 0 0x1 0 0 0 0x0 4 4 42 0x0 20 20 87 0x0  17 0
204 179 4261 25 0 0 0x1 0 0 0 0x0 7 7 59 0x0 20 20 88 0x0  48 1
206 192 4253 22 0 0 0x1 0 0 0 0x0 5 5 59 0x1 20 20 88 0x0  30 1
208 52 4286 46 0 0 0x1 0 0 0 0x0 5 5 42 0x1 19 19 73 0x0  52 0
210 52 4291 30 0 0 0x1 0 0 0 0x0 7 7 63 0x0 20 20 93 0x1  13 1
212 163 4253 57 0 0 0x1 0 0 0 0x0 4 4 46 0x1 19 19 75 0x0  97 0
214 178 4265 37 0 0 0x1 0 0 0 0x0 7 7 59 0x0 20 20 88 0x0  7 0
216 53 4288 14 0 0 0x1 0 0 0 0x0 6 6 59 0x0 20 20 88 0x0  12 1
218 163 4254 35 0 0 0x1 0 0 0 0x0 1 1 19 0x1 22 22 86 0x0  57 0
220 104 4275 23 0 0 0x1 0 0 0 0x0 6 6 50 0x0 20 20 88 0x0  9 0
222 187 4256 41 0 0 0x1 0 0 0 0x0 5 5 61 0x1 20 20 88 0x0  29 0
224 171 4268 31 0 0 0x1 0 0 0 0x0 5 5 41 0x0 21 21 87 0x0  47 1
226 101 4281 32 0 0 0x1 0 0 0 0x0 6 6 72 0x1 20 20 88 0x0  52 0
228 197 4250 33 0 0 0x1 0 0 0 0x0 4 4 32 0x0 20 20 88 0x0  32 0
230 103 4286 28 0 0 0x1 0 0 0 0x0 6 6 65 0x0 20 20 87 0x0  14 1
232 278 4249 38 0 0 0x1 0 0 0 0x0 7 7 76 0x0 20 20 88 0x0  68 1
234 52 4284 36 0 0 0x1 0 0 0 0x0 3 3 34 0x1 20 20 88 0x0  8 0
236 51 4286 31 0 0 0x1 0 0 0 0x0 5 5 52 0x1 21 21 87 0x0  45 1
238 255 4237 25 0 0 0x1 0 0 0 0x0 5 5 50 0x1 20 20 88 0x0  62 0
240 163 4235 34 0 0 0x1 0 0 0 0x0 3 3 22 0x1 20 20 93 0x1  8 0
242 183 4259 37 0 0 0x1 0 0 0 0x0 6 6 49 0x0 20 20 79 0x0  30 1
244 51 4278 29 0 0 0x1 0 0 0 0x0 4 4 32 0x0 20 20 88 0x0  77 0
246 274 4239 20 0 0 0x1 0 0 0 0x0 6 6 65 0x1 20 20 87 0x0  22 1
248 52 4285 26 0 0 0x1 0 0 0 0x0 7 7 55 0x0 20 20 81 0x0  6 0
250 211 4240 30 0 0 0x1 0 0 0 0x0 2 2 21 0x1 20 20 88 0x0  44 0
252 52 4286 37 0 0 0x1 0 0 0 0x0 7 7 56 0x0 20 20 88 0x0  30 0
254 162 4248 36 0 0 0x1 0 0 0 0x0 4 4 50 0x1 19 19 80 0x0  10 0
256 183 4253 23 0 0 0x1 0 0 0 0x0 6 6 41 0x0 20 20 93 0x1  61 1
258 52 4283 28 0 0 0x1 0 0 0 0x0 6 6 56 0x0 20 20 88 0x1  8 1
260 152 4253 36 0 0 0x1 0 0 0 0x0 3 2 27 0x0 21 21 87 0x0  20 0
262 102 4275 31 0 0 0x1 0 0 0 0x0 7 8 55 0x0 20 20 88 0x0  61 0
264 52 4280 28 0 0 0x1 0 0 0 0x0 6 6 64 0x1 20 20 88 0x0  14 0
266 124 4275 29 0 0 0x1 0 0 0 0x0 5 4 28 0x0 21 21 87 0x0  16 0
268 52 4280 25 0 0 0x1 0 0 0 0x0 6 6 66 0x1 20 20 88 0x0  84 0
270 240 4240 32 0 0 0x1 0 0 0 0x0 4 4 39 0x1 20 20 88 0x0  33 0
272 53 4282 38 0 0 0x1 0 0 0 0x0 7 7 51 0x0 20 20 88 0x0  76 0
274 197 4252 34 0 0 0x1 0 0 0 0x0 6 6 65 0x1 20 20 88 0x0  49 1
276 98 4262 36 0 0 0x1 0 0 0 0x0 5 4 28 0x0 20 20 88 0x0  49 0
278 62 4276 40 0 0 0x1 0 0 0 0x0 6 6 65 0x1 21 21 92 0x1  20 1
280 248 4248 34 0 0 0x1 0 0 0 0x0 5 5 46 0x1 21 21 88 0x0  6 0
282 103 4279 23 0 0 0x1 0 0 0 0x0 6 6 48 0x1 20 20 87 0x0  53 0
284 186 4258 30 0 0 0x1 0 0 0 0x0 7 7 59 0x0 19 19 81 0x0  9 0
286 62 4273 32 0 0 0x1 0 0 0 0x0 4 4 43 0x1 20 20 88 0x0  22 0
288 181 4253 37 0 0 0x1 0 0 0 0x0 7 7 56 0x0 20 20 87 0x0  48 0
290 227 4242 41 0 0 0x1 0 0 0 0x0 4 4 46 0x1 20 20 88 0x0  46 0
292 105 4268 26 0 0 0x1 0 0 0 0x0 4 4 37 0x1 20 20 88 0x0  26 0
294 68 4282 30 0 0 0x1 0 0 0 0x0 7 7 56 0x0 21 21 87 0x0  50 0
296 178 4237 35 0 0 0x1 0 0 0 0x0 4 4 39 0x1 18 18 80 0x1  31 0
298 180 4255 38 0 0 0x1 0 0 0 0x0 7 7 56 0x0 21 20 89 0x0  43 0
300 162 4245 32 0 0 0x1 0 0 0 0x0 4 4 49 0x1 20 21 88 0x0  56 1
302 181 4252 28 0 0 0x1 0 0 0 0x0 5 5 33 0x0 20 20 88 0x0  18 0
304 69 4268 41 0 0 0x1 0 0 0 0x0 6 6 59 0x0 20 20 88 0x0  30 0
306 233 4222 26 0 0 0x1 0 0 0 0x0 5 5 59 0x1 21 21 87 0x0  78 0
308 51 4282 21 0 0 0x1 0 0 0 0x0 6 6 42 0x0 20 20 88 0x0  6 0
310 155 4242 24 0 0 0x1 0 0 0 0x0 4 4 48 0x1 20 20 88 0x0  15 0
312 181 4247 28 0 0 0x1 0 0 0 0x0 5 5 32 0x0 20 20 88 0x0  25 0
314 51 4279 37 0 0 0x1 0 0 0 0x0 6 6 59 0x0 20 20 88 0x0  36 1
316 178 4254 38 0 0 0x1 0 0 0 0x0 8 8 71 0x0 20 20 88 0x0  19 0
318 53 4278 30 0 0 0x1 0 0 0 0x0 4 4 30 0x0 21 21 91 0x1  44 0
320 303 4223 30 0 0 0x1 0 0 0 0x0 4 4 49 0x1 20 20 82 0x0  25 0
322 191 4232 38 0 0 0x1 0 0 0 0x0 5 5 49 0x1 20 20 88 0x0  13 0
324 52 4275 41 0 0 0x1 0 0 0 0x0 6 6 51 0x1 21 21 87 0x0  74 0
326 170 4254 26 0 0 0x1 0 0 0 0x0 7 7 58 0x0 19 19 81 0x0  27 1
328 66 4268 33 0 0 0x1 0 0 0 0x0 3 3 38 0x1 20 20 88 0x0  25 0
330 165 4241 45 0 0 0x1 0 0 0 0x0 4 4 40 0x1 20 20 88 0x0  58 0
332 228 4246 28 0 0 0x1 0 0 0 0x0 7 7 62 0x1 20 20 88 0x0  21 1
334 277 4226 27 0 0 0x1 0 0 0 0x0 4 4 36 0x1 20 20 88 0x0  42 0
336 52 4256 24 0 0 0x1 0 0 0 0x0 7 7 60 0x0 22 22 92 0x0  57 1
338 156 4246 40 0 0 0x1 0 0 0 0x0 3 3 40 0x1 20 20 88 0x0  14 0
340 185 4248 27 0 0 0x1 0 0 0 0x0 5 5 51 0x1 20 20 88 0x0  25 0
342 56 4277 30 0 0 0x1 0 0 0 0x0 6 6 57 0x1 20 20 88 0x0  6 0
344 182 4247 27 0 0 0x1 0 0 0 0x0 4 4 30 0x0 20 20 88 0x0  42 0
346 52 4279 25 0 0 0x1 0 0 0 0x0 6 6 60 0x0 20 20 88 0x0  19 0
348 198 4236 41 0 0 0x1 0 0 0 0x0 5 5 65 0x1 22 22 86 0x0  34 1
350 93 4270 34 0 0 0x1 0 0 0 0x0 2 2 2 0x0 20 20 88 0x0  36 0
352 52 4275 25 0 0 0x1 0 0 0 0x0 7 7 68 0x1 22 21 92 0x0  12 0
354 210 4246 35 0 0 0x1 0 0 0 0x0 5 5 31 0x0 20 21 88 0x0  42 0
356 55 4276 32 0 0 0x1 0 0 0 0x0 6 6 68 0x1 19 19 83 0x1  20 0
358 297 4229 34 0 0 0x1 0 0 0 0x0 7 7 59 0x0 20 20 82 0x0  94 0
360 56 4274 38 0 0 0x1 0 0 0 0x0 4 4 32 0x0 20 20 88 0x0  95 0
362 227 4242 35 0 0 0x1 0 0 0 0x0 7 7 69 0x0 20 20 88 0x0  22 1
364 332 4219 30 0 0 0x1 0 0 0 0x0 4 4 52 0x1 21 21 86 0x0  25 0
366 53 4270 29 0 0 0x1 0 0 0 0x0 6 6 53 0x1 20 20 88 0x0  79 0
368 146 4260 34 0 0 0x1 0 0 0 0x0 7 7 59 0x0 20 20 88 0x0  20 1
370 53 4262 28 0 0 0x1 0 0 0 0x0 4 4 40 0x1 15 15 62 0x1  41 0
372 208 4241 33 0 0 0x1 0 0 0 0x0 7 7 58 0x0 9 9 20 0x1  45 0
# window_from=2  # samples before this mark saw a lit panel
