# t_s cur_mA v_mV APSS_sd APSS_xosd APSS_xopct APSS_cores LPASS_sd LPASS_xosd LPASS_xopct LPASS_cores MPSS_sd MPSS_xosd MPSS_xopct MPSS_cores PRONTO_sd PRONTO_xosd PRONTO_xopct PRONTO_cores edge_irq_per_s modem_irq_per_s
2 80 4279 30 0 0 0x1 0 0 0 0x0 1 1 13 0x0 20 20 88 0x0  55 0
4 54 4284 41 0 0 0x1 0 0 0 0x0 8 8 78 0x0 20 20 87 0x0  46 0
6 128 4270 40 0 0 0x1 0 0 0 0x0 6 6 80 0x0 14 14 57 0x1  48 0
8 53 4276 31 0 0 0x1 0 0 0 0x0 4 4 52 0x0 9 9 21 0x1  9 0
10 144 4272 28 0 0 0x1 0 0 0 0x0 6 6 80 0x0 12 12 37 0x1  46 0
12 156 4250 36 0 0 0x1 0 0 0 0x0 2 2 36 0x1 22 22 87 0x0  88 0
14 213 4254 35 0 0 0x1 0 0 0 0x0 6 6 66 0x0 20 20 88 0x0  10 0
16 52 4279 22 0 0 0x1 0 0 0 0x0 6 6 96 0x1 20 20 88 0x0  12 0
18 53 4269 34 0 0 0x1 0 0 0 0x0 4 4 39 0x0 19 19 81 0x0  39 0
20 157 4246 26 0 0 0x1 0 0 0 0x0 6 6 84 0x0 21 21 87 0x0  44 0
22 53 4274 41 0 0 0x1 0 0 0 0x0 4 4 63 0x1 20 20 88 0x0  11 0
24 53 4275 31 0 0 0x1 0 0 0 0x0 4 4 39 0x0 20 20 80 0x0  40 0
26 53 4274 19 0 0 0x1 0 0 0 0x0 6 6 96 0x1 20 20 88 0x0  31 0
28 162 4240 26 0 0 0x1 0 0 0 0x0 4 4 54 0x1 20 20 88 0x0  7 0
30 140 4258 19 0 0 0x1 0 0 0 0x0 6 6 68 0x0 21 21 86 0x0  61 0
32 53 4269 37 0 0 0x1 0 0 0 0x0 5 5 66 0x0 20 20 88 0x0  17 0
34 53 4270 24 0 0 0x1 0 0 0 0x0 3 3 41 0x0 20 20 91 0x1  7 0
36 167 4258 21 0 0 0x1 0 0 0 0x0 7 7 97 0x0 21 21 87 0x0  87 0
38 53 4272 31 0 0 0x1 0 0 0 0x0 5 5 82 0x1 20 20 88 0x0  8 0
40 231 4224 26 0 0 0x1 0 0 0 0x0 3 3 40 0x1 11 11 38 0x1  29 0
42 101 4253 37 0 0 0x1 0 0 0 0x0 5 5 53 0x0 9 9 20 0x1  88 0
44 239 4227 31 0 0 0x1 0 0 0 0x0 4 4 46 0x1 15 15 53 0x0  21 0
46 156 4249 32 0 0 0x1 0 0 0 0x0 7 7 79 0x0 20 20 92 0x1  26 0
48 88 4259 32 0 0 0x1 0 0 0 0x0 6 6 79 0x0 21 21 88 0x0  41 0
50 99 4260 23 0 0 0x1 0 0 0 0x0 4 4 51 0x0 20 20 88 0x0  26 0
52 103 4264 39 0 0 0x1 0 0 0 0x0 4 4 49 0x0 20 20 88 0x0  10 0
54 297 4207 27 0 0 0x1 0 0 0 0x0 5 5 83 0x1 22 22 87 0x0  41 0
56 106 4258 28 0 0 0x1 0 0 0 0x0 5 5 54 0x0 20 20 88 0x0  21 0
58 57 4257 34 0 0 0x1 0 0 0 0x0 6 6 98 0x1 19 19 80 0x0  12 0
60 112 4228 34 0 0 0x1 0 0 0 0x0 4 4 41 0x0 21 21 85 0x0  83 0
62 149 4237 29 0 0 0x1 0 0 0 0x0 3 3 51 0x1 20 20 88 0x0  5 0
64 183 4240 27 0 0 0x1 0 0 0 0x0 6 6 66 0x0 20 20 88 0x0  7 0
66 167 4226 33 0 0 0x1 0 0 0 0x0 0 0 13 0x1 20 20 87 0x0  86 0
68 56 4248 32 0 0 0x1 0 0 0 0x0 4 4 32 0x0 19 19 86 0x1  19 2
70 170 4228 38 0 0 0x1 0 0 0 0x0 4 4 66 0x1 21 21 87 0x1  32 0
72 103 4252 41 0 0 0x1 0 0 0 0x0 5 5 65 0x1 17 17 64 0x1  55 1
74 206 4216 56 0 0 0x1 0 0 0 0x0 3 3 40 0x1 9 9 20 0x1  47 0
76 205 4218 25 0 0 0x1 0 0 0 0x0 4 4 34 0x0 9 9 21 0x1  20 0
78 146 4245 41 0 0 0x1 0 0 0 0x0 7 7 84 0x0 18 18 71 0x0  67 1
80 53 4262 36 0 0 0x1 0 0 0 0x0 6 6 79 0x0 20 20 88 0x0  26 1
82 171 4231 37 0 0 0x1 0 0 0 0x0 4 4 53 0x0 21 21 87 0x0  9 0
84 189 4237 25 0 0 0x1 0 0 0 0x0 6 6 79 0x0 20 20 88 0x0  53 1
86 171 4227 30 0 0 0x1 0 0 0 0x0 4 4 66 0x1 21 21 87 0x0  11 0
88 62 4259 15 0 0 0x1 0 0 0 0x0 6 6 65 0x0 21 21 87 0x0  32 1
90 53 4260 30 0 0 0x1 0 0 0 0x0 7 7 73 0x0 20 20 92 0x1  75 0
92 54 4258 31 0 0 0x1 0 0 0 0x0 4 4 52 0x0 21 21 85 0x0  21 0
94 62 4255 16 0 0 0x1 0 0 0 0x0 6 6 80 0x0 20 20 87 0x0  26 0
96 215 4210 30 0 0 0x1 0 0 0 0x0 4 4 66 0x1 20 20 88 0x0  78 1
98 52 4259 31 0 0 0x1 0 0 0 0x0 5 5 47 0x0 20 20 88 0x0  17 0
100 201 4218 21 0 0 0x1 0 0 0 0x0 7 7 92 0x0 21 21 87 0x0  28 0
102 155 4228 40 0 0 0x1 0 0 0 0x0 2 2 39 0x1 20 20 88 0x0  51 1
104 57 4255 25 0 0 0x1 0 0 0 0x0 6 6 58 0x0 20 20 88 0x0  21 1
106 402 4186 33 0 0 0x1 0 0 0 0x0 5 5 59 0x1 16 16 66 0x0  18 1
108 116 4233 45 0 0 0x1 0 0 0 0x0 1 1 0 0x0 9 9 20 0x1  96 1
110 95 4247 31 0 0 0x1 0 0 0 0x0 7 7 90 0x0 10 10 27 0x1  25 0
112 149 4229 32 0 0 0x1 0 0 0 0x0 3 3 56 0x1 22 21 87 0x0  10 0
114 209 4239 19 0 0 0x1 0 0 0 0x0 6 6 75 0x1 20 21 88 0x0  49 0
116 53 4258 29 0 0 0x1 0 0 0 0x0 7 7 79 0x0 20 20 88 0x0  8 0
118 65 4252 33 0 0 0x1 0 0 0 0x0 3 3 38 0x0 21 21 87 0x0  27 1
120 53 4258 32 0 0 0x1 0 0 0 0x0 7 7 92 0x0 20 20 87 0x0  53 0
122 231 4230 24 0 0 0x1 0 0 0 0x0 5 5 80 0x1 20 20 88 0x0  47 0
124 53 4257 23 0 0 0x1 0 0 0 0x0 5 5 52 0x0 20 20 87 0x0  17 1
126 55 4257 28 0 0 0x1 0 0 0 0x0 6 6 80 0x0 20 20 88 0x0  77 0
128 53 4252 31 0 0 0x1 0 0 0 0x0 4 4 49 0x1 20 20 88 0x0  17 0
130 53 4242 28 0 0 0x1 0 0 0 0x0 7 7 79 0x0 21 21 87 0x0  20 0
132 145 4241 32 0 0 0x1 0 0 0 0x0 6 6 80 0x0 21 21 92 0x0  27 0
134 53 4256 20 0 0 0x1 0 0 0 0x0 4 4 52 0x0 20 20 88 0x0  44 0
136 65 4241 40 0 0 0x1 0 0 0 0x0 6 6 79 0x0 20 20 87 0x0  20 1
138 171 4222 32 0 0 0x1 0 0 0 0x0 4 4 66 0x1 20 20 88 0x0  48 1
140 110 4241 36 0 0 0x1 0 0 0 0x0 6 6 65 0x0 14 14 48 0x1  33 0
142 114 4243 41 0 0 0x1 0 0 0 0x0 6 6 96 0x1 9 9 20 0x1  17 0
144 154 4225 34 0 0 0x1 0 0 0 0x0 2 2 28 0x1 14 14 42 0x0  60 0
146 102 4251 33 0 0 0x1 0 0 0 0x0 7 7 75 0x0 20 20 87 0x0  49 0
148 160 4246 25 0 0 0x1 0 0 0 0x0 6 6 98 0x1 20 20 88 0x0  29 0
150 54 4254 34 0 0 0x1 0 0 0 0x0 4 4 40 0x0 21 21 90 0x0  44 1
152 53 4256 27 0 0 0x1 0 0 0 0x0 7 7 94 0x0 20 20 86 0x0  56 0
154 192 4221 29 0 0 0x1 0 0 0 0x0 3 3 55 0x1 20 20 87 0x0  30 0
156 54 4255 30 0 0 0x1 0 0 0 0x0 7 7 81 0x0 20 20 88 0x0  11 1
158 58 4249 27 0 0 0x1 0 0 0 0x0 6 6 82 0x0 21 21 87 0x0  56 1
160 101 4248 30 0 0 0x1 0 0 0 0x0 3 3 56 0x1 20 20 88 0x0  10 0
162 53 4254 32 0 0 0x1 0 0 0 0x0 7 7 82 0x0 20 20 88 0x0  52 0
164 270 4207 22 0 0 0x1 0 0 0 0x0 5 5 81 0x1 21 21 92 0x0  31 1
166 53 4255 28 0 0 0x1 0 0 0 0x0 5 5 56 0x0 20 20 87 0x0  26 0
168 218 4224 18 0 0 0x1 0 0 0 0x0 6 6 84 0x0 20 20 88 0x0  26 0
170 152 4224 27 0 0 0x1 0 0 0 0x0 4 4 55 0x0 21 21 87 0x0  56 0
172 57 4255 44 0 0 0x1 0 0 0 0x0 6 6 84 0x0 20 20 88 0x0  21 0
174 60 4247 32 0 0 0x1 0 0 0 0x0 7 7 94 0x0 9 9 29 0x1  21 0
176 52 4249 34 0 0 0x1 0 0 0 0x0 3 3 38 0x0 8 8 19 0x1  37 0
178 54 4254 22 0 0 0x1 0 0 0 0x0 6 6 93 0x1 15 15 58 0x0  32 0
180 225 4206 33 0 0 0x1 0 0 0 0x0 5 5 66 0x1 20 20 92 0x1  35 0
182 169 4232 32 0 0 0x1 0 0 0 0x0 5 5 52 0x0 21 21 86 0x0  63 1
184 53 4254 26 0 0 0x1 0 0 0 0x0 7 7 92 0x0 20 20 88 0x0  26 0
186 54 4244 32 0 0 0x1 0 0 0 0x0 3 3 39 0x0 20 20 88 0x0  15 0
188 52 4254 25 0 0 0x1 0 0 0 0x0 7 7 93 0x0 22 22 87 0x0  65 0
190 53 4254 41 0 0 0x1 0 0 0 0x0 6 6 80 0x0 19 19 74 0x0  13 1
192 52 4254 28 0 0 0x1 0 0 0 0x0 3 3 50 0x1 19 19 73 0x0  16 1
194 105 4240 43 0 0 0x1 0 0 0 0x0 7 7 79 0x0 13 13 41 0x0  93 0
196 227 4213 23 0 0 0x1 0 0 0 0x0 4 4 66 0x1 16 16 70 0x0  11 1
198 99 4239 37 0 0 0x1 0 0 0 0x0 6 6 64 0x0 21 21 92 0x0  29 0
200 53 4254 39 0 0 0x1 0 0 0 0x0 7 7 82 0x0 21 21 87 0x0  76 0
202 103 4236 28 0 0 0x1 0 0 0 0x0 4 4 44 0x0 19 19 81 0x0  25 0
204 157 4232 37 0 0 0x1 0 0 0 0x0 6 6 80 0x0 20 20 87 0x0  24 0
206 149 4231 29 0 0 0x1 0 0 0 0x0 6 6 92 0x1 18 18 75 0x0  44 0
208 106 4235 41 0 0 0x1 0 0 0 0x0 3 3 23 0x0 7 7 19 0x0  27 0
210 144 4229 30 0 0 0x1 0 0 0 0x0 4 4 63 0x1 8 8 21 0x1  28 1
212 162 4217 26 0 0 0x1 0 0 0 0x0 5 5 47 0x1 20 20 82 0x0  71 0
214 100 4253 26 0 0 0x1 0 0 0 0x0 6 6 80 0x1 20 20 92 0x1  3 0
216 52 4253 21 0 0 0x1 0 0 0 0x0 7 7 79 0x0 21 21 87 0x1  18 1
218 107 4236 30 0 0 0x1 0 0 0 0x0 3 3 40 0x0 21 21 88 0x0  66 0
220 172 4214 21 0 0 0x1 0 0 0 0x0 4 4 66 0x1 21 21 87 0x0  10 0
222 168 4221 21 0 0 0x1 0 0 0 0x0 6 6 77 0x1 20 20 87 0x0  19 0
224 57 4251 27 0 0 0x1 0 0 0 0x0 4 4 54 0x1 20 20 87 0x0  41 0
226 167 4222 23 0 0 0x1 0 0 0 0x0 2 2 27 0x1 20 20 87 0x0  12 0
228 151 4222 39 0 0 0x1 0 0 0 0x0 4 4 48 0x1 21 21 87 0x0  33 0
230 101 4232 26 0 0 0x1 0 0 0 0x0 7 7 78 0x0 20 20 91 0x1  74 0
232 227 4224 18 0 0 0x1 0 0 0 0x0 6 6 79 0x0 21 21 88 0x0  74 1
234 53 4249 35 0 0 0x1 0 0 0 0x0 4 4 52 0x0 20 20 88 0x0  19 1
236 53 4247 29 0 0 0x1 0 0 0 0x0 4 4 49 0x0 20 20 88 0x0  39 0
238 235 4202 20 0 0 0x1 0 0 0 0x0 5 5 80 0x1 20 20 86 0x0  13 0
240 104 4231 29 0 0 0x1 0 0 0 0x0 3 2 12 0x0 14 14 55 0x1  46 0
242 105 4233 36 0 0 0x1 0 0 0 0x0 6 6 90 0x1 8 8 19 0x1  60 0
244 54 4239 38 0 0 0x1 0 0 0 0x0 4 4 42 0x0 11 11 33 0x0  28 0
246 53 4237 34 0 0 0x1 0 0 0 0x0 6 6 78 0x0 21 21 86 0x0  10 0
248 52 4249 24 0 0 0x1 0 0 0 0x0 7 7 92 0x0 20 20 88 0x0  56 0
250 149 4236 22 0 0 0x1 0 0 0 0x0 3 3 39 0x0 21 21 93 0x0  12 0
252 54 4246 35 0 0 0x1 0 0 0 0x0 7 7 92 0x0 20 20 86 0x0  25 0
254 155 4218 32 0 0 0x1 0 0 0 0x0 1 1 27 0x1 21 21 87 0x0  44 0
256 53 4250 27 0 0 0x1 0 0 0 0x0 6 6 66 0x1 20 20 88 0x0  8 0
258 74 4241 21 0 0 0x1 0 0 0 0x0 7 7 84 0x0 21 21 87 0x0  28 0
260 53 4247 38 0 0 0x1 0 0 0 0x0 3 3 39 0x0 20 20 88 0x0  71 0
262 73 4247 24 0 0 0x1 0 0 0 0x0 7 7 92 0x0 20 20 87 0x0  72 0
264 53 4250 32 0 0 0x1 0 0 0 0x0 5 5 79 0x1 20 20 88 0x0  21 0
266 53 4248 44 0 0 0x1 0 0 0 0x0 5 5 50 0x0 20 20 87 0x0  45 0
268 58 4241 26 0 0 0x1 0 0 0 0x0 6 6 80 0x0 21 21 89 0x0  29 0
270 95 4231 24 0 0 0x1 0 0 0 0x0 3 3 55 0x1 20 20 85 0x0  23 0
272 95 4241 25 0 0 0x1 0 0 0 0x0 7 7 82 0x0 20 20 88 0x0  67 0
274 99 4237 31 0 0 0x1 0 0 0 0x0 6 6 84 0x0 12 12 41 0x1  16 0
276 131 4213 35 0 0 0x1 0 0 0 0x0 4 4 54 0x0 8 8 19 0x1  27 0
278 101 4238 35 0 0 0x1 0 0 0 0x0 6 6 84 0x0 15 15 53 0x0  57 0
280 165 4224 28 0 0 0x1 0 0 0 0x0 5 5 80 0x1 20 20 87 0x0  13 0
282 147 4241 29 0 0 0x1 0 0 0 0x0 5 5 51 0x0 20 20 87 0x0  23 0
284 54 4250 31 0 0 0x1 0 0 0 0x0 6 6 98 0x1 20 20 88 0x0  54 0
286 218 4212 26 0 0 0x1 0 0 0 0x0 4 4 42 0x0 21 21 92 0x1  27 1
288 54 4250 33 0 0 0x1 0 0 0 0x0 6 6 81 0x0 21 21 88 0x1  6 0
290 52 4246 27 0 0 0x1 0 0 0 0x0 7 7 97 0x0 21 21 87 0x0  44 1
292 53 4248 25 0 0 0x1 0 0 0 0x0 3 3 37 0x0 20 20 86 0x0  56 0
294 104 4239 30 0 0 0x1 0 0 0 0x0 7 7 92 0x0 19 19 87 0x1  30 0
296 185 4202 27 0 0 0x1 0 0 0 0x0 4 4 68 0x1 20 20 82 0x0  53 0
298 54 4242 25 0 0 0x1 0 0 0 0x0 6 6 68 0x0 21 21 87 0x0  4 0
300 246 4222 34 0 0 0x1 0 0 0 0x0 6 6 83 0x0 15 15 63 0x0  50 0
302 201 4208 20 0 0 0x1 0 0 0 0x0 2 2 42 0x1 20 20 88 0x0  57 0
304 53 4247 36 0 0 0x1 0 0 0 0x0 8 8 84 0x0 21 21 87 0x0  27 0
306 54 4247 24 0 0 0x1 0 0 0 0x0 6 6 94 0x1 20 20 90 0x1  23 0
308 54 4242 31 0 0 0x1 0 0 0 0x0 4 4 37 0x0 10 10 22 0x1  41 0
310 128 4230 30 0 0 0x1 0 0 0 0x0 6 6 81 0x0 9 9 18 0x0  15 0
312 235 4200 32 0 0 0x1 0 0 0 0x0 5 5 61 0x1 18 18 73 0x0  22 0
314 89 4237 43 0 0 0x1 0 0 0 0x0 6 6 66 0x0 20 20 88 0x0  53 0
316 54 4247 31 0 0 0x1 0 0 0 0x0 7 7 92 0x0 21 21 87 0x0  24 0
318 216 4218 25 0 0 0x1 0 0 0 0x0 3 3 40 0x0 20 20 88 0x0  9 0
320 68 4244 29 0 0 0x1 0 0 0 0x0 6 6 93 0x1 21 21 88 0x0  47 0
322 178 4212 39 0 0 0x1 0 0 0 0x0 6 6 84 0x1 20 20 87 0x0  22 0
324 54 4247 28 0 0 0x1 0 0 0 0x0 4 4 40 0x0 20 20 91 0x1  44 0
326 150 4229 37 0 0 0x1 0 0 0 0x0 7 7 97 0x0 21 21 86 0x0  101 0
328 165 4214 35 0 0 0x1 0 0 0 0x0 3 3 56 0x1 21 21 87 0x0  18 0
330 96 4240 34 0 0 0x1 0 0 0 0x0 7 7 80 0x0 20 20 88 0x0  46 0
332 58 4249 26 0 0 0x1 0 0 0 0x0 6 6 81 0x0 20 20 88 0x0  40 0
334 82 4243 28 0 0 0x1 0 0 0 0x0 3 3 51 0x1 20 20 87 0x0  21 0
336 180 4222 25 0 0 0x1 0 0 0 0x0 7 7 80 0x0 19 19 88 0x1  27 0
338 189 4211 27 0 0 0x1 0 0 0 0x0 5 5 79 0x1 21 21 81 0x0  44 0
340 104 4226 32 0 0 0x1 0 0 0 0x0 5 5 51 0x0 17 16 67 0x0  21 0
342 102 4233 31 0 0 0x1 0 0 0 0x0 6 6 80 0x0 9 10 18 0x0  7 0
344 55 4235 40 0 0 0x1 0 0 0 0x0 4 4 56 0x0 10 10 27 0x0  54 0
346 52 4247 26 0 0 0x1 0 0 0 0x0 6 6 79 0x0 20 20 88 0x0  19 0
348 53 4245 26 0 0 0x1 0 0 0 0x0 7 7 92 0x0 20 20 88 0x0  11 0
350 177 4218 29 0 0 0x1 0 0 0 0x0 3 3 37 0x0 19 19 81 0x0  56 0
352 53 4246 30 0 0 0x1 0 0 0 0x0 7 7 92 0x0 20 20 88 0x0  8 0
354 152 4213 41 0 0 0x1 0 0 0 0x0 4 4 68 0x1 15 15 63 0x1  19 1
356 54 4245 38 0 0 0x1 0 0 0 0x0 5 5 65 0x1 20 20 76 0x0  92 0
358 52 4245 31 0 0 0x1 0 0 0 0x0 7 7 79 0x0 15 15 64 0x0  5 0
360 103 4229 19 0 0 0x1 0 0 0 0x0 3 3 39 0x0 20 20 87 0x0  145 0
362 123 4227 43 0 0 0x1 0 0 0 0x0 7 7 92 0x0 20 20 87 0x0  13 0
364 58 4246 27 0 0 0x1 0 0 0 0x0 6 6 79 0x0 20 20 88 0x0  13 0
366 53 4245 43 0 0 0x1 0 0 0 0x0 3 3 52 0x1 19 19 82 0x0  62 0
368 197 4217 11 0 0 0x1 0 0 0 0x0 7 7 81 0x0 21 21 87 0x0  11 0
# window_from=2  # samples before this mark saw a lit panel
