# t_s cur_mA v_mV APSS_sd APSS_xosd APSS_xopct APSS_cores LPASS_sd LPASS_xosd LPASS_xopct LPASS_cores MPSS_sd MPSS_xosd MPSS_xopct MPSS_cores PRONTO_sd PRONTO_xosd PRONTO_xopct PRONTO_cores edge_irq_per_s modem_irq_per_s
2 56 4279 20 0 0 0x1 0 0 0 0x0 6 6 66 0x0 20 20 86 0x0  154 0
4 180 4250 25 0 0 0x1 0 0 0 0x0 6 6 79 0x0 20 20 80 0x0  10 0
6 53 4270 33 0 0 0x1 0 0 0 0x0 3 3 54 0x1 21 21 86 0x0  26 0
8 70 4261 32 0 0 0x1 0 0 0 0x0 5 5 47 0x0 21 21 84 0x0  58 0
10 53 4272 18 0 0 0x1 0 0 0 0x0 6 6 93 0x1 20 20 85 0x0  21 0
12 67 4258 26 0 0 0x1 0 0 0 0x0 4 4 40 0x0 20 20 90 0x1  42 0
14 52 4272 34 0 0 0x1 0 0 0 0x0 6 6 79 0x0 20 20 86 0x1  43 0
16 213 4215 20 0 0 0x1 0 0 0 0x0 4 4 66 0x1 20 20 86 0x1  7 0
18 66 4266 24 0 0 0x1 0 0 0 0x0 5 5 48 0x0 21 21 86 0x0  45 0
20 155 4248 20 0 0 0x1 0 0 0 0x0 7 7 86 0x1 20 20 82 0x0  59 0
22 188 4236 24 0 0 0x1 0 0 0 0x0 4 4 38 0x0 20 20 85 0x0  14 0
24 129 4236 30 0 0 0x1 0 0 0 0x0 6 6 92 0x1 20 20 87 0x1  122 0
26 264 4220 10 0 0 0x1 0 0 0 0x0 6 6 79 0x1 8 8 15 0x0  27 0
28 104 4251 22 0 0 0x1 0 0 0 0x0 4 4 39 0x0 7 7 20 0x1  7 0
30 54 4263 31 0 0 0x1 0 0 0 0x0 7 7 93 0x0 17 17 63 0x0  72 0
32 160 4221 24 0 0 0x1 0 0 0 0x0 3 3 53 0x1 20 20 85 0x0  19 0
34 53 4264 29 0 0 0x1 0 0 0 0x0 6 6 61 0x0 21 21 90 0x0  44 0
36 52 4267 21 0 0 0x1 0 0 0 0x0 6 6 82 0x0 20 20 86 0x0  57 0
38 75 4263 34 0 0 0x1 0 0 0 0x0 3 3 47 0x1 22 22 85 0x0  5 0
40 115 4247 29 0 0 0x1 0 0 0 0x0 7 7 84 0x0 20 20 84 0x0  23 0
42 154 4238 16 0 0 0x1 0 0 0 0x0 4 4 71 0x1 19 19 85 0x1  34 0
44 102 4256 12 0 0 0x1 0 0 0 0x0 6 6 67 0x0 20 20 79 0x0  32 0
46 57 4265 29 0 0 0x1 0 0 0 0x0 6 6 81 0x0 20 20 86 0x0  19 0
48 153 4219 34 0 0 0x1 0 0 0 0x0 0 0 14 0x1 21 21 77 0x0  82 0
50 158 4247 18 0 0 0x1 0 0 0 0x0 6 6 61 0x0 20 20 90 0x1  30 0
52 211 4228 28 0 0 0x1 0 0 0 0x0 6 6 75 0x1 20 20 87 0x1  6 0
54 177 4239 25 0 0 0x1 0 0 0 0x0 5 5 52 0x0 22 22 87 0x0  49 0
56 58 4263 24 0 0 0x1 0 0 0 0x0 6 6 93 0x1 20 20 85 0x0  24 0
58 230 4214 20 0 0 0x1 0 0 0 0x0 4 4 39 0x0 15 15 65 0x1  22 0
60 210 4220 19 0 0 0x1 0 0 0 0x0 5 5 78 0x1 10 10 21 0x1  78 0
62 113 4253 21 0 0 0x1 0 0 0 0x0 5 5 50 0x0 11 11 22 0x0  18 0
64 62 4254 13 0 0 0x1 0 0 0 0x0 3 3 37 0x0 20 20 86 0x0  56 0
66 53 4261 28 0 0 0x1 0 0 0 0x0 7 7 93 0x0 21 21 85 0x0  55 0
68 283 4216 30 0 0 0x1 0 0 0 0x0 4 4 70 0x1 20 20 86 0x0  12 0
70 52 4261 28 0 0 0x1 0 0 0 0x0 5 5 53 0x0 20 20 87 0x0  16 0
72 117 4259 27 0 0 0x1 0 0 0 0x0 7 7 92 0x0 20 20 83 0x0  46 0
74 163 4228 14 0 0 0x1 0 0 0 0x0 2 2 40 0x1 20 20 86 0x0  21 0
76 168 4238 26 0 0 0x1 0 0 0 0x0 6 6 66 0x0 20 20 91 0x1  19 0
78 148 4242 13 0 0 0x1 0 0 0 0x0 6 6 81 0x0 21 21 84 0x0  57 0
80 52 4260 14 0 0 0x1 0 0 0 0x0 3 3 40 0x0 20 20 86 0x0  22 0
82 52 4261 23 0 0 0x1 0 0 0 0x0 8 8 87 0x0 20 20 87 0x0  12 0
84 176 4224 7 0 0 0x1 0 0 0 0x0 4 4 66 0x1 21 21 85 0x0  103 0
86 155 4245 20 0 0 0x1 0 0 0 0x0 6 6 62 0x0 20 20 83 0x0  7 0
88 70 4256 40 0 0 0x1 0 0 0 0x0 6 6 79 0x0 20 20 83 0x0  53 0
90 135 4228 19 0 0 0x1 0 0 0 0x0 4 4 51 0x0 20 20 84 0x0  72 0
92 158 4236 22 0 0 0x1 0 0 0 0x0 6 6 80 0x0 14 14 52 0x1  12 0
94 239 4223 23 0 0 0x1 0 0 0 0x0 6 6 96 0x1 9 9 20 0x1  40 0
96 52 4256 32 0 0 0x1 0 0 0 0x0 4 4 32 0x0 11 11 32 0x0  64 0
98 53 4259 29 0 0 0x1 0 0 0 0x0 6 6 84 0x0 20 20 84 0x0  15 0
100 158 4228 13 0 0 0x1 0 0 0 0x0 4 4 69 0x1 20 20 83 0x0  24 0
102 66 4248 37 0 0 0x1 0 0 0 0x0 6 6 64 0x0 20 20 83 0x0  39 0
104 146 4243 31 0 0 0x1 0 0 0 0x0 7 7 92 0x0 20 20 85 0x0  19 0
106 91 4256 19 0 0 0x1 0 0 0 0x0 3 3 39 0x0 20 20 91 0x1  7 0
108 63 4254 21 0 0 0x1 0 0 0 0x0 6 6 93 0x1 21 21 81 0x1  47 0
110 130 4251 15 0 0 0x1 0 0 0 0x0 7 7 73 0x1 20 20 87 0x1  26 0
112 53 4258 24 0 0 0x1 0 0 0 0x0 4 4 38 0x0 21 20 87 0x0  7 0
114 65 4257 18 0 0 0x1 0 0 0 0x0 7 7 92 0x0 21 22 85 0x0  71 0
116 161 4226 19 0 0 0x1 0 0 0 0x0 3 3 53 0x1 20 20 85 0x0  27 0
118 119 4244 12 0 0 0x1 0 0 0 0x0 6 6 78 0x1 20 20 84 0x0  44 0
120 63 4255 17 0 0 0x1 0 0 0 0x0 7 7 80 0x0 20 20 84 0x0  102 0
122 87 4242 14 0 0 0x1 0 0 0 0x0 3 3 37 0x0 20 20 86 0x0  20 0
124 103 4250 24 0 0 0x1 0 0 0 0x0 7 7 93 0x0 21 21 86 0x0  52 0
126 247 4211 25 0 0 0x1 0 0 0 0x0 5 5 80 0x1 9 9 35 0x1  54 0
128 101 4244 15 0 0 0x1 0 0 0 0x0 5 5 52 0x0 7 7 19 0x1  18 0
130 53 4257 27 0 0 0x1 0 0 0 0x0 6 6 80 0x0 15 15 56 0x1  19 0
132 173 4223 36 0 0 0x1 0 0 0 0x0 3 3 56 0x1 21 20 85 0x0  54 0
134 63 4255 12 0 0 0x1 0 0 0 0x0 7 7 82 0x0 20 21 87 0x0  28 0
136 140 4235 26 0 0 0x1 0 0 0 0x0 6 6 83 0x0 20 20 84 0x1  5 0
138 53 4256 26 0 0 0x1 0 0 0 0x0 4 4 54 0x0 21 21 87 0x0  41 0
140 237 4234 27 0 0 0x1 0 0 0 0x0 6 6 83 0x0 20 20 86 0x0  15 0
142 261 4201 19 0 0 0x1 0 0 0 0x0 5 5 79 0x1 21 21 85 0x0  15 0
144 58 4251 18 0 0 0x1 0 0 0 0x0 5 5 52 0x0 20 20 84 0x0  91 0
146 54 4258 35 0 0 0x1 0 0 0 0x0 6 6 81 0x0 20 20 85 0x0  12 0
148 58 4235 11 0 0 0x1 0 0 0 0x0 4 4 55 0x0 18 18 73 0x0  41 0
150 98 4246 38 0 0 0x1 0 0 0 0x0 6 6 77 0x0 20 20 86 0x0  46 0
152 62 4251 17 0 0 0x1 0 0 0 0x0 4 4 54 0x0 20 20 90 0x1  23 0
154 156 4235 5 0 0 0x1 0 0 0 0x0 3 3 38 0x0 22 22 85 0x0  41 0
156 163 4225 36 0 0 0x1 0 0 0 0x0 4 4 66 0x1 20 20 87 0x0  60 0
158 170 4210 21 0 0 0x1 0 0 0 0x0 3 3 31 0x1 18 18 80 0x1  27 0
160 107 4243 30 0 0 0x1 0 0 0 0x0 6 6 65 0x0 8 8 19 0x1  10 0
162 52 4249 29 0 0 0x1 0 0 0 0x0 7 7 73 0x0 8 8 20 0x1  44 0
164 80 4248 25 0 0 0x1 0 0 0 0x0 3 3 52 0x1 18 18 72 0x0  25 0
166 153 4226 37 0 0 0x1 0 0 0 0x0 5 5 66 0x1 21 21 83 0x0  13 0
168 57 4253 28 0 0 0x1 0 0 0 0x0 6 6 63 0x0 20 20 92 0x1  71 0
170 56 4254 26 0 0 0x1 0 0 0 0x0 4 4 51 0x0 20 20 86 0x1  6 0
172 187 4226 24 0 0 0x1 0 0 0 0x0 6 6 83 0x0 21 21 83 0x1  12 0
174 147 4227 28 0 0 0x1 0 0 0 0x0 4 4 71 0x1 20 20 83 0x1  51 0
176 220 4213 28 0 0 0x1 0 0 0 0x0 4 4 52 0x1 21 21 85 0x0  28 0
178 82 4248 15 0 0 0x1 0 0 0 0x0 7 7 57 0x0 20 20 86 0x0  25 0
180 160 4224 35 0 0 0x1 0 0 0 0x0 2 2 39 0x1 20 20 84 0x0  78 0
182 119 4246 31 0 0 0x1 0 0 0 0x0 6 6 51 0x0 20 20 86 0x0  46 0
184 102 4251 23 0 0 0x1 0 0 0 0x0 7 7 88 0x1 21 21 84 0x0  62 0
186 146 4237 21 0 0 0x1 0 0 0 0x0 4 4 38 0x0 20 20 85 0x0  55 0
188 53 4256 31 0 0 0x1 0 0 0 0x0 7 7 92 0x0 20 20 89 0x1  30 0
190 150 4225 33 0 0 0x1 0 0 0 0x0 3 3 53 0x1 20 20 83 0x1  14 0
192 225 4212 31 0 0 0x1 0 0 0 0x0 5 5 63 0x1 16 16 61 0x1  43 0
194 135 4231 25 0 0 0x1 0 0 0 0x0 6 6 65 0x0 11 11 17 0x0  26 0
196 53 4250 21 0 0 0x1 0 0 0 0x0 3 3 40 0x0 10 10 28 0x0  21 0
198 114 4234 16 0 0 0x1 0 0 0 0x0 7 7 93 0x0 20 20 86 0x0  70 0
200 169 4224 25 0 0 0x1 0 0 0 0x0 4 4 68 0x1 20 20 85 0x0  7 0
202 61 4251 20 0 0 0x1 0 0 0 0x0 6 6 63 0x0 20 20 85 0x0  25 0
204 229 4227 25 0 0 0x1 0 0 0 0x0 6 6 84 0x0 20 20 84 0x0  47 0
206 54 4245 17 0 0 0x1 0 0 0 0x0 3 3 51 0x1 21 21 84 0x0  70 0
208 53 4253 21 0 0 0x1 0 0 0 0x0 7 7 80 0x0 20 20 86 0x0  15 0
210 57 4255 34 0 0 0x1 0 0 0 0x0 6 6 83 0x0 20 20 82 0x0  13 0
212 106 4235 24 0 0 0x1 0 0 0 0x0 4 4 55 0x0 21 21 85 0x0  50 0
214 52 4254 42 0 0 0x1 0 0 0 0x0 6 6 83 0x0 20 20 84 0x0  67 0
216 247 4207 30 0 0 0x1 0 0 0 0x0 4 4 70 0x1 20 20 84 0x0  66 0
218 53 4253 26 0 0 0x1 0 0 0 0x0 6 6 68 0x0 20 20 82 0x0  66 0
220 53 4251 23 0 0 0x1 0 0 0 0x0 6 6 93 0x1 20 20 89 0x1  22 0
222 177 4227 24 0 0 0x1 0 0 0 0x0 4 4 38 0x0 20 20 86 0x1  26 0
224 53 4251 36 0 0 0x1 0 0 0 0x0 6 6 80 0x0 21 21 82 0x1  39 0
226 285 4202 34 0 0 0x1 0 0 0 0x0 6 6 98 0x1 14 14 46 0x1  12 0
228 134 4231 18 0 0 0x1 0 0 0 0x0 4 4 39 0x0 10 10 20 0x1  31 0
230 59 4249 28 0 0 0x1 0 0 0 0x0 6 6 93 0x1 12 12 40 0x0  53 0
232 151 4222 25 0 0 0x1 0 0 0 0x0 4 4 53 0x1 20 20 83 0x0  11 0
234 87 4243 38 0 0 0x1 0 0 0 0x0 6 6 67 0x0 20 20 85 0x0  9 0
236 90 4249 19 0 0 0x1 0 0 0 0x0 7 7 93 0x0 20 20 84 0x0  65 0
238 96 4244 28 0 0 0x1 0 0 0 0x0 3 3 40 0x0 20 20 83 0x0  29 0
240 239 4211 21 0 0 0x1 0 0 0 0x0 6 6 94 0x1 20 20 86 0x0  15 0
242 132 4237 14 0 0 0x1 0 0 0 0x0 6 6 84 0x1 21 21 85 0x0  61 0
244 62 4248 25 0 0 0x1 0 0 0 0x0 4 4 38 0x0 20 20 87 0x0  41 0
246 105 4251 24 0 0 0x1 0 0 0 0x0 7 7 92 0x0 20 20 85 0x0  17 0
248 155 4222 41 0 0 0x1 0 0 0 0x0 3 3 53 0x1 20 20 82 0x0  93 0
250 84 4247 25 0 0 0x1 0 0 0 0x0 7 7 75 0x0 20 20 87 0x0  23 0
252 63 4250 14 0 0 0x1 0 0 0 0x0 6 6 80 0x0 21 21 93 0x0  28 0
254 79 4237 24 0 0 0x1 0 0 0 0x0 1 1 26 0x1 20 20 85 0x1  14 0
256 171 4230 30 0 0 0x1 0 0 0 0x0 7 7 80 0x0 21 21 87 0x0  47 0
258 211 4225 25 0 0 0x1 0 0 0 0x0 5 5 71 0x1 20 20 87 0x0  21 0
260 133 4232 31 0 0 0x1 0 0 0 0x0 6 6 59 0x0 10 10 28 0x0  17 0
262 145 4227 23 0 0 0x1 0 0 0 0x0 6 6 80 0x0 8 8 20 0x0  55 0
264 127 4235 32 0 0 0x1 0 0 0 0x0 4 4 53 0x0 15 15 53 0x1  25 0
266 53 4251 24 0 0 0x1 0 0 0 0x0 6 6 80 0x0 20 20 78 0x0  14 0
268 54 4249 39 0 0 0x1 0 0 0 0x0 6 6 92 0x1 17 17 57 0x0  50 0
270 130 4233 37 0 0 0x1 0 0 0 0x0 4 4 39 0x0 10 10 37 0x1  21 0
272 56 4245 25 0 0 0x1 0 0 0 0x0 6 6 82 0x0 17 17 68 0x0  23 0
274 166 4214 34 0 0 0x1 0 0 0 0x0 5 5 61 0x1 20 20 91 0x1  49 0
276 149 4228 27 0 0 0x1 0 0 0 0x0 6 6 65 0x0 20 20 85 0x1  49 0
278 54 4253 34 0 0 0x1 0 0 0 0x0 7 7 93 0x0 21 21 84 0x0  10 0
280 83 4242 33 0 0 0x1 0 0 0 0x0 3 3 39 0x0 20 20 87 0x0  84 0
282 62 4249 17 0 0 0x1 0 0 0 0x0 6 6 94 0x1 21 21 82 0x0  44 0
284 238 4206 18 0 0 0x1 0 0 0 0x0 6 6 82 0x1 20 20 87 0x0  34 0
286 187 4223 31 0 0 0x1 0 0 0 0x0 4 4 35 0x0 20 20 86 0x0  77 0
288 53 4252 25 0 0 0x1 0 0 0 0x0 7 7 93 0x0 20 20 84 0x0  13 0
290 179 4217 27 0 0 0x1 0 0 0 0x0 3 3 53 0x1 20 20 85 0x0  12 0
292 104 4241 29 0 0 0x1 0 0 0 0x0 7 7 80 0x0 18 18 77 0x1  40 0
294 107 4235 22 0 0 0x1 0 0 0 0x0 6 6 79 0x0 7 7 15 0x1  49 0
296 106 4235 26 0 0 0x1 0 0 0 0x0 3 3 52 0x1 8 8 18 0x1  22 0
298 53 4250 34 0 0 0x1 0 0 0 0x0 7 7 80 0x0 18 18 73 0x0  41 0
300 209 4208 33 0 0 0x1 0 0 0 0x0 5 5 79 0x1 19 19 82 0x1  11 0
302 54 4249 23 0 0 0x1 0 0 0 0x0 5 5 51 0x0 20 20 87 0x1  29 0
304 256 4210 30 0 0 0x1 0 0 0 0x0 6 6 80 0x0 21 21 86 0x0  79 0
306 153 4220 34 0 0 0x1 0 0 0 0x0 3 3 54 0x1 20 20 85 0x0  24 0
308 67 4239 32 0 0 0x1 0 0 0 0x0 7 7 78 0x0 20 20 86 0x0  9 0
310 154 4225 34 0 0 0x1 0 0 0 0x0 5 5 80 0x1 20 20 86 0x0  44 0
312 209 4211 11 0 0 0x1 0 0 0 0x0 1 1 0 0x0 22 22 84 0x0  56 0
314 53 4252 28 0 0 0x1 0 0 0 0x0 6 6 72 0x0 20 20 86 0x0  7 0
316 202 4200 27 0 0 0x1 0 0 0 0x0 3 3 56 0x1 20 20 87 0x0  97 0
318 192 4229 27 0 0 0x1 0 0 0 0x0 6 6 60 0x0 20 20 90 0x1  16 0
320 66 4250 28 0 0 0x1 0 0 0 0x0 8 8 87 0x0 20 20 82 0x1  12 0
322 98 4229 11 0 0 0x1 0 0 0 0x0 3 3 38 0x0 13 13 51 0x0  31 0
324 53 4250 21 0 0 0x1 0 0 0 0x0 7 7 92 0x0 21 21 82 0x0  62 0
326 167 4210 29 0 0 0x1 0 0 0 0x0 3 3 53 0x1 15 15 62 0x1  27 0
328 52 4245 21 0 0 0x1 0 0 0 0x0 5 5 59 0x1 10 10 21 0x1  15 0
330 128 4221 17 0 0 0x1 0 0 0 0x0 7 7 83 0x0 8 8 21 0x0  64 0
332 149 4221 27 0 0 0x1 0 0 0 0x0 3 3 42 0x0 20 20 86 0x0  9 0
334 53 4250 29 0 0 0x1 0 0 0 0x0 8 8 75 0x0 20 20 83 0x0  25 0
336 152 4218 27 0 0 0x1 0 0 0 0x0 4 4 53 0x0 20 20 86 0x0  75 0
338 53 4247 30 0 0 0x1 0 0 0 0x0 3 3 47 0x1 14 14 58 0x0  12 0
340 96 4240 11 0 0 0x1 0 0 0 0x0 7 7 79 0x0 22 22 85 0x1  33 0
342 184 4217 34 0 0 0x1 0 0 0 0x0 4 4 66 0x1 20 20 81 0x1  42 0
344 53 4248 19 0 0 0x1 0 0 0 0x0 6 6 64 0x0 21 21 85 0x0  9 0
346 178 4225 35 0 0 0x1 0 0 0 0x0 4 4 53 0x0 20 20 84 0x0  54 0
348 53 4240 29 0 0 0x1 0 0 0 0x0 4 4 46 0x0 20 20 85 0x0  77 0
350 146 4229 18 0 0 0x1 0 0 0 0x0 6 6 80 0x0 20 20 87 0x0  39 0
352 108 4235 26 0 0 0x1 0 0 0 0x0 6 6 93 0x1 16 16 60 0x0  19 0
354 122 4224 27 0 0 0x1 0 0 0 0x0 4 4 40 0x0 20 20 86 0x0  57 0
356 180 4203 27 0 0 0x1 0 0 0 0x0 3 3 53 0x1 19 19 76 0x0  18 0
358 159 4213 24 0 0 0x1 0 0 0 0x0 4 4 49 0x1 20 20 83 0x0  12 0
360 114 4230 23 0 0 0x1 0 0 0 0x0 6 6 64 0x0 14 14 46 0x1  59 0
362 190 4216 21 0 0 0x1 0 0 0 0x0 7 7 96 0x0 8 8 20 0x1  15 0
364 53 4241 25 0 0 0x1 0 0 0 0x0 3 3 36 0x0 14 14 47 0x1  43 0
366 186 4217 24 0 0 0x1 0 0 0 0x0 4 4 66 0x1 21 21 86 0x0  53 0
368 227 4211 20 0 0 0x1 0 0 0 0x0 6 6 75 0x1 20 20 87 0x0  15 0
370 76 4235 23 0 0 0x1 0 0 0 0x0 4 4 53 0x1 21 21 86 0x0  26 0
372 61 4233 24 0 0 0x1 0 0 0 0x0 7 7 80 0x0 20 20 87 0x0  53 0
374 148 4218 23 0 0 0x1 0 0 0 0x0 3 3 53 0x1 21 21 87 0x0  17 0
# window_from=2  # samples before this mark saw a lit panel
