# t_s cur_mA v_mV APSS_sd APSS_xosd APSS_xopct APSS_cores LPASS_sd LPASS_xosd LPASS_xopct LPASS_cores MPSS_sd MPSS_xosd MPSS_xopct MPSS_cores PRONTO_sd PRONTO_xosd PRONTO_xopct PRONTO_cores edge_irq_per_s modem_irq_per_s
2 224 4283 52 0 0 0x1 0 0 0 0x0 4 4 30 0x0 15 15 56 0x1  105 0
4 105 4299 29 0 0 0x1 0 0 0 0x0 5 4 43 0x1 10 10 21 0x1  4 0
6 154 4277 27 0 0 0x1 0 0 0 0x0 5 5 50 0x1 12 12 33 0x0  48 0
8 68 4310 31 0 0 0x1 0 0 0 0x0 5 5 49 0x1 21 21 87 0x0  10 0
10 53 4307 27 0 0 0x1 0 0 0 0x0 7 7 61 0x0 20 20 87 0x0  11 0
12 151 4263 34 0 0 0x1 0 0 0 0x0 2 2 29 0x1 20 20 85 0x0  51 0
14 99 4294 32 0 0 0x1 0 0 0 0x0 6 6 48 0x0 20 20 84 0x0  11 0
16 54 4305 30 0 0 0x1 0 0 0 0x0 6 6 63 0x1 21 21 88 0x0  70 1
18 54 4298 38 0 0 0x1 0 0 0 0x0 3 3 21 0x1 20 20 87 0x0  65 1
20 221 4262 12 0 0 0x1 0 0 0 0x0 7 7 58 0x0 20 20 77 0x0  82 0
22 153 4272 32 0 0 0x1 0 0 0 0x0 4 4 40 0x1 20 20 88 0x0  19 0
24 188 4271 29 0 0 0x1 0 0 0 0x0 7 7 59 0x0 20 20 87 0x0  57 0
26 53 4294 33 0 0 0x1 0 0 0 0x0 5 5 50 0x1 20 20 87 0x0  62 0
28 124 4269 26 0 0 0x1 0 0 0 0x0 5 5 32 0x0 20 20 92 0x1  11 0
30 267 4255 37 0 0 0x1 0 0 0 0x0 5 5 59 0x1 22 22 87 0x0  90 0
32 175 4247 29 0 0 0x1 0 0 0 0x0 5 5 43 0x1 20 20 88 0x0  4 0
34 135 4286 36 0 0 0x1 0 0 0 0x0 6 6 45 0x0 20 20 87 0x0  19 0
36 53 4284 36 0 0 0x1 0 0 0 0x0 6 6 73 0x1 11 11 36 0x1  59 0
38 178 4257 26 0 0 0x1 0 0 0 0x0 5 5 35 0x0 9 9 20 0x1  5 0
40 54 4285 42 0 0 0x1 0 0 0 0x0 6 6 69 0x1 15 15 52 0x0  33 0
42 201 4262 41 0 0 0x1 0 0 0 0x0 7 7 63 0x0 20 20 91 0x1  43 0
44 54 4286 28 0 0 0x1 0 0 0 0x0 4 4 45 0x1 20 20 88 0x1  8 0
46 172 4260 25 0 0 0x1 0 0 0 0x0 7 7 62 0x0 21 21 88 0x0  21 0
48 177 4252 24 0 0 0x1 0 0 0 0x0 4 4 52 0x1 21 21 87 0x0  87 0
50 276 4244 43 0 0 0x1 0 0 0 0x0 6 6 55 0x1 21 21 88 0x0  27 0
52 106 4274 28 0 0 0x1 0 0 0 0x0 7 7 63 0x0 19 19 82 0x0  12 0
54 53 4279 35 0 0 0x1 0 0 0 0x0 4 4 45 0x1 20 20 88 0x0  43 0
56 184 4260 38 0 0 0x1 0 0 0 0x0 7 7 63 0x0 20 20 88 0x0  47 0
58 54 4280 26 0 0 0x1 0 0 0 0x0 6 6 72 0x1 15 15 63 0x0  22 0
60 182 4253 35 0 0 0x1 0 0 0 0x0 5 5 32 0x0 21 21 87 0x0  98 0
62 54 4279 27 0 0 0x1 0 0 0 0x0 6 6 59 0x0 20 20 88 0x0  9 0
64 222 4229 29 0 0 0x1 0 0 0 0x0 4 4 53 0x1 20 20 87 0x0  7 0
66 132 4262 26 0 0 0x1 0 0 0 0x0 7 7 57 0x0 22 21 90 0x0  57 0
68 63 4268 36 0 0 0x1 0 0 0 0x0 6 6 73 0x1 19 20 84 0x1  18 0
70 105 4262 42 0 0 0x1 0 0 0 0x0 5 5 34 0x0 9 9 19 0x1  21 0
72 107 4260 26 0 0 0x1 0 0 0 0x0 6 6 69 0x1 8 8 19 0x1  45 0
74 90 4265 33 0 0 0x1 0 0 0 0x0 6 6 60 0x1 18 18 67 0x0  6 0
76 53 4273 30 0 0 0x1 0 0 0 0x0 5 5 32 0x0 20 20 84 0x0  19 0
78 192 4249 39 0 0 0x1 0 0 0 0x0 6 6 67 0x1 21 21 83 0x0  93 0
80 164 4246 35 0 0 0x1 0 0 0 0x0 4 4 39 0x1 20 20 83 0x0  25 0
82 232 4243 19 0 0 0x1 0 0 0 0x0 7 6 59 0x1 21 21 87 0x0  10 0
84 53 4273 38 0 0 0x1 0 0 0 0x0 7 7 60 0x0 19 19 85 0x1  48 0
86 54 4267 24 0 0 0x1 0 0 0 0x0 4 3 42 0x1 20 20 88 0x1  25 0
88 199 4234 36 0 0 0x1 0 0 0 0x0 5 5 42 0x0 16 16 70 0x1  56 0
90 211 4206 27 0 0 0x1 0 0 0 0x0 5 5 63 0x1 21 21 82 0x0  46 0
92 53 4271 32 0 0 0x1 0 0 0 0x0 6 6 45 0x0 20 20 87 0x0  52 0
94 108 4251 37 0 0 0x1 0 0 0 0x0 2 2 21 0x0 21 20 88 0x0  26 0
96 176 4240 24 0 0 0x1 0 0 0 0x0 4 4 41 0x1 20 20 87 0x0  13 0
98 136 4258 38 0 0 0x1 0 0 0 0x0 7 7 58 0x0 20 20 88 0x0  53 0
100 194 4239 22 0 0 0x1 0 0 0 0x0 6 6 73 0x1 20 20 87 0x0  23 0
102 99 4257 43 0 0 0x1 0 0 0 0x0 5 5 34 0x0 16 16 65 0x0  21 0
104 264 4217 42 0 0 0x1 0 0 0 0x0 4 4 41 0x0 8 8 19 0x0  58 0
106 229 4226 26 0 0 0x1 0 0 0 0x0 5 5 63 0x1 10 9 26 0x0  20 0
108 54 4263 36 0 0 0x1 0 0 0 0x0 6 6 44 0x0 20 21 88 0x0  42 0
110 54 4266 30 0 0 0x1 0 0 0 0x0 6 6 67 0x1 20 20 88 0x0  58 0
112 62 4258 13 0 0 0x1 0 0 0 0x0 5 5 32 0x0 20 20 87 0x0  17 0
114 152 4233 24 0 0 0x1 0 0 0 0x0 4 4 52 0x1 20 20 88 0x0  23 0
116 169 4237 32 0 0 0x1 0 0 0 0x0 7 7 63 0x0 21 21 85 0x0  46 0
118 180 4238 26 0 0 0x1 0 0 0 0x0 4 4 35 0x0 21 21 87 0x0  7 0
120 54 4264 27 0 0 0x1 0 0 0 0x0 7 7 73 0x0 20 20 88 0x0  44 0
122 195 4227 36 0 0 0x1 0 0 0 0x0 4 4 52 0x1 20 20 92 0x1  64 0
124 53 4262 31 0 0 0x1 0 0 0 0x0 4 4 34 0x1 19 19 80 0x1  23 0
126 68 4252 32 0 0 0x1 0 0 0 0x0 7 7 62 0x0 21 21 87 0x0  60 0
128 54 4259 46 0 0 0x1 0 0 0 0x0 4 4 43 0x1 19 19 78 0x0  17 0
130 64 4260 32 0 0 0x1 0 0 0 0x0 7 7 63 0x0 20 20 85 0x0  29 0
132 136 4245 30 0 0 0x1 0 0 0 0x0 6 6 70 0x1 20 20 87 0x0  42 0
134 57 4259 24 0 0 0x1 0 0 0 0x0 3 3 19 0x0 19 19 81 0x0  15 0
136 180 4232 41 0 0 0x1 0 0 0 0x0 6 6 58 0x0 13 13 46 0x1  26 0
138 201 4219 39 0 0 0x1 0 0 0 0x0 4 4 48 0x1 7 7 17 0x1  45 0
140 178 4224 34 0 0 0x1 0 0 0 0x0 7 6 49 0x0 11 11 37 0x0  53 0
142 54 4259 31 0 0 0x1 0 0 0 0x0 6 6 68 0x1 20 20 90 0x1  9 0
144 155 4229 30 0 0 0x1 0 0 0 0x0 2 2 19 0x1 20 20 85 0x1  57 0
146 107 4247 40 0 0 0x1 0 0 0 0x0 5 5 51 0x1 21 21 88 0x0  20 0
148 218 4225 32 0 0 0x1 0 0 0 0x0 6 6 62 0x1 21 21 87 0x0  13 0
150 181 4236 29 0 0 0x1 0 0 0 0x0 4 4 41 0x1 20 20 80 0x0  78 0
152 54 4258 30 0 0 0x1 0 0 0 0x0 7 7 65 0x0 20 20 88 0x0  24 0
154 153 4230 34 0 0 0x1 0 0 0 0x0 3 3 43 0x1 20 20 88 0x0  25 0
156 239 4212 39 0 0 0x1 0 0 0 0x0 5 5 52 0x1 20 20 88 0x0  67 0
158 56 4248 25 0 0 0x1 0 0 0 0x0 6 6 53 0x0 20 20 88 0x0  38 0
160 57 4251 30 0 0 0x1 0 0 0 0x0 3 3 37 0x1 21 21 87 0x0  24 0
162 103 4244 20 0 0 0x1 0 0 0 0x0 7 7 61 0x0 20 20 89 0x1  30 0
164 234 4207 24 0 0 0x1 0 0 0 0x0 5 5 61 0x1 21 21 86 0x1  39 0
166 107 4243 26 0 0 0x1 0 0 0 0x0 6 6 44 0x0 21 21 87 0x0  24 1
168 313 4203 30 0 0 0x1 0 0 0 0x0 6 6 58 0x0 20 20 88 0x0  56 0
170 113 4235 38 0 0 0x1 0 0 0 0x0 3 3 39 0x1 10 10 25 0x1  14 1
172 218 4215 38 0 0 0x1 0 0 0 0x0 7 7 58 0x0 8 8 20 0x1  13 0
174 54 4251 49 0 0 0x1 0 0 0 0x0 6 6 70 0x1 16 16 60 0x0  91 0
176 182 4221 30 0 0 0x1 0 0 0 0x0 4 4 30 0x0 21 21 86 0x0  10 0
178 54 4253 31 0 0 0x1 0 0 0 0x0 6 6 71 0x1 19 19 81 0x0  23 0
180 213 4211 39 0 0 0x1 0 0 0 0x0 4 4 40 0x1 20 20 88 0x0  87 1
182 116 4238 33 0 0 0x1 0 0 0 0x0 6 6 51 0x0 20 20 88 0x0  12 1
184 54 4251 26 0 0 0x1 0 0 0 0x0 7 7 70 0x0 21 21 92 0x1  22 0
186 258 4224 31 0 0 0x1 0 0 0 0x0 4 4 33 0x0 21 21 88 0x0  43 0
188 53 4251 27 0 0 0x1 0 0 0 0x0 6 6 70 0x1 21 21 87 0x0  24 0
190 179 4227 48 0 0 0x1 0 0 0 0x0 6 6 63 0x1 20 20 87 0x0  60 0
192 54 4251 33 0 0 0x1 0 0 0 0x0 5 5 44 0x1 20 20 88 0x0  52 0
194 175 4220 26 0 0 0x1 0 0 0 0x0 7 7 63 0x0 21 21 87 0x0  17 0
196 159 4223 22 0 0 0x1 0 0 0 0x0 3 3 42 0x1 20 20 88 0x0  14 0
198 265 4213 29 0 0 0x1 0 0 0 0x0 7 7 61 0x1 20 20 87 0x0  54 0
200 58 4252 45 0 0 0x1 0 0 0 0x0 7 7 63 0x0 20 20 87 0x0  17 0
202 99 4235 35 0 0 0x1 0 0 0 0x0 3 3 42 0x1 17 17 69 0x1  15 0
204 111 4235 38 0 0 0x1 0 0 0 0x0 7 7 62 0x0 8 8 19 0x1  87 0
206 227 4205 27 0 0 0x1 0 0 0 0x0 5 5 63 0x1 8 8 18 0x1  12 0
208 211 4218 21 0 0 0x1 0 0 0 0x0 6 6 44 0x0 21 21 86 0x0  32 1
210 53 4249 42 0 0 0x1 0 0 0 0x0 6 6 61 0x0 20 20 86 0x0  72 1
212 191 4219 31 0 0 0x1 0 0 0 0x0 5 5 45 0x0 20 20 87 0x0  28 0
214 53 4249 30 0 0 0x1 0 0 0 0x0 7 7 61 0x0 20 20 88 0x0  27 0
216 261 4204 31 0 0 0x1 0 0 0 0x0 6 6 68 0x1 21 21 88 0x0  42 0
218 75 4243 33 0 0 0x1 0 0 0 0x0 5 5 31 0x0 21 21 91 0x1  29 0
220 54 4245 28 0 0 0x1 0 0 0 0x0 6 6 69 0x1 21 21 88 0x0  17 0
222 271 4211 26 0 0 0x1 0 0 0 0x0 5 5 49 0x1 20 20 86 0x0  61 0
224 57 4244 39 0 0 0x1 0 0 0 0x0 6 6 54 0x1 21 21 87 0x0  22 0
226 159 4240 32 0 0 0x1 0 0 0 0x0 7 7 63 0x0 20 20 88 0x0  10 0
228 57 4244 36 0 0 0x1 0 0 0 0x0 4 3 31 0x0 20 20 91 0x1  55 0
230 174 4222 34 0 0 0x1 0 0 0 0x0 6 6 70 0x1 20 20 84 0x0  20 0
232 54 4245 29 0 0 0x1 0 0 0 0x0 7 7 57 0x0 20 20 87 0x0  20 0
234 183 4218 34 0 0 0x1 0 0 0 0x0 4 3 37 0x1 21 21 91 0x1  76 0
236 100 4236 35 0 0 0x1 0 0 0 0x0 7 7 58 0x0 15 15 52 0x0  9 0
238 296 4197 43 0 0 0x1 0 0 0 0x0 4 4 50 0x1 8 8 19 0x0  22 0
240 59 4243 42 0 0 0x1 0 0 0 0x0 7 6 50 0x0 11 11 38 0x0  82 0
242 53 4242 27 0 0 0x1 0 0 0 0x0 6 6 70 0x1 20 20 88 0x0  15 0
244 174 4215 37 0 0 0x1 0 0 0 0x0 3 3 23 0x1 19 19 79 0x0  12 0
246 63 4241 31 0 0 0x1 0 0 0 0x0 5 5 37 0x0 21 21 86 0x0  43 0
248 197 4215 40 0 0 0x1 0 0 0 0x0 4 4 49 0x1 19 19 84 0x1  25 0
250 54 4244 30 0 0 0x1 0 0 0 0x0 5 5 32 0x0 21 21 88 0x1  10 0
252 246 4203 34 0 0 0x1 0 0 0 0x0 6 6 70 0x1 22 22 87 0x0  57 0
254 198 4216 25 0 0 0x1 0 0 0 0x0 1 1 0 0x0 20 20 88 0x0  9 0
256 193 4205 33 0 0 0x1 0 0 0 0x0 6 6 60 0x0 20 20 87 0x0  28 0
258 54 4245 37 0 0 0x1 0 0 0 0x0 7 7 68 0x0 20 20 85 0x0  57 0
260 55 4237 33 0 0 0x1 0 0 0 0x0 4 4 30 0x0 20 20 88 0x0  12 0
262 59 4242 29 0 0 0x1 0 0 0 0x0 6 6 67 0x1 20 20 88 0x0  19 0
264 207 4203 47 0 0 0x1 0 0 0 0x0 3 3 30 0x1 21 21 85 0x0  84 0
266 182 4220 33 0 0 0x1 0 0 0 0x0 6 6 52 0x1 20 20 88 0x0  6 0
268 53 4226 22 0 0 0x1 0 0 0 0x0 7 7 60 0x0 20 20 87 0x0  20 0
270 193 4204 37 0 0 0x1 0 0 0 0x0 4 4 43 0x1 10 10 35 0x1  74 0
272 64 4236 23 0 0 0x1 0 0 0 0x0 7 7 57 0x0 6 6 16 0x1  24 0
274 151 4218 39 0 0 0x1 0 0 0 0x0 4 4 39 0x0 11 11 39 0x0  15 0
276 55 4240 36 0 0 0x1 0 0 0 0x0 1 1 19 0x1 21 21 84 0x0  42 1
278 63 4237 20 0 0 0x1 0 0 0 0x0 7 7 61 0x0 20 20 91 0x1  25 1
280 166 4214 31 0 0 0x1 0 0 0 0x0 4 4 52 0x1 21 21 88 0x0  13 0
282 132 4221 26 0 0 0x1 0 0 0 0x0 7 7 55 0x0 17 17 68 0x0  63 0
284 230 4203 43 0 0 0x1 0 0 0 0x0 6 6 74 0x1 7 7 34 0x1  14 0
286 54 4237 38 0 0 0x1 0 0 0 0x0 5 5 35 0x0 17 17 65 0x0  63 0
288 184 4211 46 0 0 0x1 0 0 0 0x0 6 6 60 0x0 19 19 82 0x0  51 0
290 105 4232 40 0 0 0x1 0 0 0 0x0 6 6 74 0x1 19 19 78 0x0  9 0
292 203 4212 29 0 0 0x1 0 0 0 0x0 4 4 32 0x0 20 20 87 0x0  32 0
294 64 4239 32 0 0 0x1 0 0 0 0x0 6 6 75 0x1 21 21 87 0x0  45 0
296 157 4210 27 0 0 0x1 0 0 0 0x0 4 4 43 0x1 20 20 87 0x0  44 0
298 208 4209 27 0 0 0x1 0 0 0 0x0 6 6 62 0x1 20 20 92 0x1  15 0
300 188 4224 40 0 0 0x1 0 0 0 0x0 7 7 63 0x0 21 21 88 0x0  64 0
302 183 4212 39 0 0 0x1 0 0 0 0x0 3 3 32 0x0 19 19 84 0x1  45 0
304 106 4225 34 0 0 0x1 0 0 0 0x0 7 7 70 0x0 9 9 20 0x1  13 0
306 254 4194 34 0 0 0x1 0 0 0 0x0 5 5 61 0x1 9 9 21 0x1  50 0
308 54 4239 38 0 0 0x1 0 0 0 0x0 4 4 40 0x1 18 18 69 0x0  17 0
310 54 4234 33 0 0 0x1 0 0 0 0x0 7 7 60 0x0 20 20 91 0x1  11 0
312 164 4209 28 0 0 0x1 0 0 0 0x0 3 3 41 0x1 21 21 88 0x0  59 0
314 54 4237 23 0 0 0x1 0 0 0 0x0 7 7 60 0x0 20 20 87 0x0  6 0
316 104 4225 23 0 0 0x1 0 0 0 0x0 6 6 76 0x1 21 21 86 0x0  56 0
318 113 4225 37 0 0 0x1 0 0 0 0x0 2 2 11 0x0 20 20 85 0x0  59 0
320 225 4207 32 0 0 0x1 0 0 0 0x0 6 6 65 0x0 20 20 84 0x0  9 0
322 175 4209 26 0 0 0x1 0 0 0 0x0 5 5 65 0x1 21 21 87 0x0  29 0
324 227 4204 34 0 0 0x1 0 0 0 0x0 5 5 43 0x0 20 20 87 0x0  75 0
326 53 4238 25 0 0 0x1 0 0 0 0x0 6 6 73 0x1 20 20 93 0x1  34 0
328 183 4209 37 0 0 0x1 0 0 0 0x0 4 4 33 0x0 20 20 88 0x1  9 0
330 99 4229 34 0 0 0x1 0 0 0 0x0 6 6 75 0x1 21 21 88 0x0  41 0
332 65 4236 23 0 0 0x1 0 0 0 0x0 7 7 66 0x0 20 20 88 0x0  26 0
334 118 4228 31 0 0 0x1 0 0 0 0x0 3 3 30 0x0 21 21 87 0x0  7 0
336 100 4225 38 0 0 0x1 0 0 0 0x0 7 7 76 0x0 16 16 66 0x1  66 0
338 254 4173 33 0 0 0x1 0 0 0 0x0 4 4 51 0x1 9 9 16 0x0  7 0
340 57 4230 22 0 0 0x1 0 0 0 0x0 5 5 53 0x1 10 10 27 0x0  12 0
342 194 4203 31 0 0 0x1 0 0 0 0x0 7 7 65 0x0 20 20 88 0x0  51 0
344 54 4234 32 0 0 0x1 0 0 0 0x0 3 3 42 0x1 20 20 93 0x1  8 0
346 234 4203 13 0 0 0x1 0 0 0 0x0 7 7 65 0x0 21 21 86 0x0  35 0
348 53 4237 34 0 0 0x1 0 0 0 0x0 6 6 73 0x1 20 20 87 0x0  71 0
350 61 4228 23 0 0 0x1 0 0 0 0x0 4 4 29 0x0 21 21 87 0x0  29 0
352 147 4220 30 0 0 0x1 0 0 0 0x0 6 6 63 0x0 21 21 87 0x0  15 0
354 176 4201 40 0 0 0x1 0 0 0 0x0 4 4 54 0x1 20 20 88 0x0  52 0
356 53 4237 20 0 0 0x1 0 0 0 0x0 6 6 52 0x0 20 20 88 0x0  28 0
358 55 4235 40 0 0 0x1 0 0 0 0x0 6 6 76 0x1 20 20 87 0x0  11 0
360 253 4203 37 0 0 0x1 0 0 0 0x0 4 4 25 0x0 20 20 88 0x0  98 0
362 59 4231 27 0 0 0x1 0 0 0 0x0 6 6 72 0x1 20 20 88 0x0  6 0
364 172 4210 29 0 0 0x1 0 0 0 0x0 6 6 61 0x1 21 21 91 0x1  8 0
366 104 4226 23 0 0 0x1 0 0 0 0x0 4 4 32 0x0 21 21 88 0x0  55 0
368 289 4189 23 0 0 0x1 0 0 0 0x0 6 6 75 0x1 20 20 88 0x0  17 0
370 181 4188 34 0 0 0x1 0 0 0 0x0 4 4 43 0x1 12 12 43 0x1  49 0
372 56 4226 37 0 0 0x1 0 0 0 0x0 6 6 63 0x1 8 8 19 0x1  40 0
# window_from=2  # samples before this mark saw a lit panel
