# t_s cur_mA v_mV APSS_sd APSS_xosd APSS_xopct APSS_cores LPASS_sd LPASS_xosd LPASS_xopct LPASS_cores MPSS_sd MPSS_xosd MPSS_xopct MPSS_cores PRONTO_sd PRONTO_xosd PRONTO_xopct PRONTO_cores edge_irq_per_s modem_irq_per_s
2 146 4251 36 0 0 0x1 0 0 0 0x0 5 5 31 0x0 21 21 87 0x0  58 0
4 101 4270 29 0 0 0x1 0 0 0 0x0 6 6 58 0x0 20 20 88 0x0  10 0
6 164 4228 31 0 0 0x1 0 0 0 0x0 5 5 57 0x1 20 20 88 0x0  42 0
8 178 4249 28 0 0 0x1 0 0 0 0x0 6 6 49 0x0 20 20 81 0x0  11 0
10 52 4275 32 0 0 0x1 0 0 0 0x0 6 6 68 0x1 20 20 86 0x0  10 0
12 179 4245 48 0 0 0x1 0 0 0 0x0 5 5 31 0x0 20 20 88 0x0  13 0
14 52 4275 31 0 0 0x1 0 0 0 0x0 6 6 68 0x1 19 19 80 0x0  47 0
16 263 4245 30 0 0 0x1 0 0 0 0x0 6 6 59 0x1 20 20 88 0x0  77 0
18 108 4265 25 0 0 0x1 0 0 0 0x0 5 5 31 0x0 20 20 88 0x0  34 0
20 182 4243 31 0 0 0x1 0 0 0 0x0 5 5 62 0x1 21 21 92 0x1  90 1
22 158 4242 37 0 0 0x1 0 0 0 0x0 3 3 31 0x1 20 20 88 0x1  53 1
24 51 4275 30 0 0 0x1 0 0 0 0x0 7 7 65 0x1 21 21 88 0x0  3 0
26 178 4236 16 0 0 0x1 0 0 0 0x0 3 3 31 0x1 20 19 87 0x0  49 0
28 98 4258 36 0 0 0x1 0 0 0 0x0 4 4 30 0x1 17 18 76 0x1  16 1
30 207 4244 37 0 0 0x1 0 0 0 0x0 7 7 58 0x0 21 21 88 0x0  28 0
32 269 4210 33 0 0 0x1 0 0 0 0x0 5 5 62 0x1 21 21 87 0x0  78 1
34 57 4272 30 0 0 0x1 0 0 0 0x0 5 5 42 0x1 20 20 88 0x0  7 0
36 177 4245 21 0 0 0x1 0 0 0 0x0 5 5 39 0x0 20 20 88 0x0  16 0
38 161 4240 37 0 0 0x1 0 0 0 0x0 4 3 39 0x1 21 21 86 0x0  50 0
40 180 4245 29 0 0 0x1 0 0 0 0x0 7 7 58 0x0 20 20 88 0x0  26 0
42 52 4274 26 0 0 0x1 0 0 0 0x0 6 6 68 0x1 20 20 88 0x0  7 0
44 174 4244 34 0 0 0x1 0 0 0 0x0 5 5 33 0x0 20 20 87 0x0  43 0
46 63 4272 20 0 0 0x1 0 0 0 0x0 4 4 39 0x0 21 21 92 0x0  24 0
48 177 4243 48 0 0 0x1 0 0 0 0x0 5 5 58 0x1 20 20 88 0x0  48 0
50 272 4229 22 0 0 0x1 0 0 0 0x0 7 7 42 0x0 21 21 87 0x0  82 0
52 53 4272 31 0 0 0x1 0 0 0 0x0 6 6 68 0x1 20 20 88 0x0  41 1
54 207 4220 31 0 0 0x1 0 0 0 0x0 4 4 29 0x0 20 20 88 0x0  13 0
56 178 4234 30 0 0 0x1 0 0 0 0x0 2 2 30 0x1 20 20 88 0x0  54 1
58 293 4225 36 0 0 0x1 0 0 0 0x0 7 7 61 0x0 19 19 84 0x1  17 0
60 113 4252 26 0 0 0x1 0 0 0 0x0 3 3 27 0x0 21 21 83 0x0  18 0
62 91 4262 37 0 0 0x1 0 0 0 0x0 7 7 74 0x0 20 20 88 0x0  71 0
64 233 4224 26 0 0 0x1 0 0 0 0x0 4 4 54 0x1 20 20 88 0x0  12 1
66 152 4239 32 0 0 0x1 0 0 0 0x0 4 3 25 0x1 21 20 87 0x0  23 0
68 195 4238 53 0 0 0x1 0 0 0 0x0 7 7 61 0x0 20 20 91 0x1  50 0
70 109 4256 27 0 0 0x1 0 0 0 0x0 3 3 40 0x1 20 20 88 0x1  25 1
72 141 4252 38 0 0 0x1 0 0 0 0x0 7 7 61 0x0 21 21 87 0x0  25 0
74 169 4258 27 0 0 0x1 0 0 0 0x0 6 6 61 0x0 20 20 88 0x0  87 0
76 173 4236 31 0 0 0x1 0 0 0 0x0 2 2 24 0x1 20 20 88 0x0  19 0
78 173 4250 28 0 0 0x1 0 0 0 0x0 6 5 39 0x0 21 21 87 0x0  7 0
80 194 4228 28 0 0 0x1 0 0 0 0x0 4 4 48 0x1 20 20 88 0x0  80 0
82 181 4243 33 0 0 0x1 0 0 0 0x0 7 7 52 0x0 20 20 88 0x0  60 0
84 57 4269 25 0 0 0x1 0 0 0 0x0 6 6 58 0x0 20 20 87 0x0  24 0
86 197 4233 30 0 0 0x1 0 0 0 0x0 2 2 29 0x1 20 20 88 0x0  18 0
88 130 4250 15 0 0 0x1 0 0 0 0x0 7 7 56 0x0 19 19 81 0x0  45 0
90 53 4267 26 0 0 0x1 0 0 0 0x0 7 6 69 0x1 21 21 87 0x0  19 0
92 171 4245 31 0 0 0x1 0 0 0 0x0 4 4 29 0x0 20 20 88 0x0  25 0
94 57 4266 22 0 0 0x1 0 0 0 0x0 6 6 71 0x1 20 20 92 0x1  81 0
96 161 4236 31 0 0 0x1 0 0 0 0x0 4 4 41 0x1 20 20 87 0x1  10 0
98 52 4270 28 0 0 0x1 0 0 0 0x0 6 6 61 0x1 21 21 88 0x0  13 0
100 194 4236 27 0 0 0x1 0 0 0 0x0 7 7 60 0x0 20 20 88 0x0  105 0
102 137 4256 19 0 0 0x1 0 0 0 0x0 4 3 30 0x0 20 20 87 0x0  19 0
104 53 4268 31 0 0 0x1 0 0 0 0x0 6 6 72 0x1 16 16 69 0x0  21 0
106 186 4228 34 0 0 0x1 0 0 0 0x0 5 5 38 0x1 20 20 81 0x0  40 0
108 52 4263 25 0 0 0x1 0 0 0 0x0 2 2 17 0x1 21 21 87 0x0  12 0
110 180 4241 30 0 0 0x1 0 0 0 0x0 7 7 61 0x0 20 20 88 0x0  27 1
112 52 4262 44 0 0 0x1 0 0 0 0x0 3 3 42 0x1 19 19 81 0x0  84 0
114 51 4262 21 0 0 0x1 0 0 0 0x0 7 7 66 0x0 20 20 87 0x0  38 1
116 155 4251 43 0 0 0x1 0 0 0 0x0 7 6 57 0x0 21 21 93 0x0  51 0
118 52 4265 37 0 0 0x1 0 0 0 0x0 4 4 41 0x0 20 20 88 0x0  37 0
120 222 4242 30 0 0 0x1 0 0 0 0x0 6 6 61 0x0 21 21 87 0x0  32 0
122 172 4228 38 0 0 0x1 0 0 0 0x0 4 4 50 0x1 20 20 88 0x0  45 0
124 228 4231 27 0 0 0x1 0 0 0 0x0 6 6 50 0x0 20 20 88 0x0  54 0
126 104 4251 49 0 0 0x1 0 0 0 0x0 6 6 71 0x1 7 7 14 0x0  18 0
128 107 4242 34 0 0 0x1 0 0 0 0x0 4 4 32 0x0 8 8 17 0x0  5 0
130 84 4266 37 0 0 0x1 0 0 0 0x0 6 6 61 0x0 15 15 56 0x0  52 0
132 105 4257 29 0 0 0x1 0 0 0 0x0 6 6 72 0x1 20 20 88 0x0  10 0
134 171 4240 29 0 0 0x1 0 0 0 0x0 4 4 30 0x0 20 20 88 0x0  26 1
136 65 4259 40 0 0 0x1 0 0 0 0x0 6 6 71 0x1 20 20 81 0x0  53 1
138 174 4230 34 0 0 0x1 0 0 0 0x0 4 4 40 0x1 20 20 88 0x0  8 0
140 68 4260 23 0 0 0x1 0 0 0 0x0 6 6 61 0x1 21 21 88 0x0  22 0
142 125 4241 53 0 0 0x1 0 0 0 0x0 7 7 64 0x0 20 20 91 0x1  45 0
144 52 4253 29 0 0 0x1 0 0 0 0x0 3 3 32 0x0 21 21 88 0x0  59 0
146 53 4266 25 0 0 0x1 0 0 0 0x0 7 7 70 0x0 20 20 88 0x0  19 0
148 217 4232 26 0 0 0x1 0 0 0 0x0 5 5 61 0x1 21 21 87 0x0  87 0
150 129 4249 35 0 0 0x1 0 0 0 0x0 4 4 41 0x1 20 20 88 0x0  30 0
152 180 4241 30 0 0 0x1 0 0 0 0x0 7 7 61 0x0 20 20 88 0x0  26 0
154 155 4233 28 0 0 0x1 0 0 0 0x0 3 3 40 0x1 20 20 88 0x0  72 0
156 130 4241 13 0 0 0x1 0 0 0 0x0 7 7 61 0x0 20 20 88 0x0  8 0
158 162 4241 33 0 0 0x1 0 0 0 0x0 6 6 65 0x0 18 18 81 0x1  27 1
160 229 4219 43 0 0 0x1 0 0 0 0x0 4 4 44 0x0 10 10 22 0x1  56 0
162 183 4235 35 0 0 0x1 0 0 0 0x0 6 6 65 0x0 9 9 21 0x1  100 1
164 176 4227 23 0 0 0x1 0 0 0 0x0 5 5 59 0x1 20 20 80 0x0  26 0
166 180 4237 31 0 0 0x1 0 0 0 0x0 6 6 45 0x0 21 21 87 0x0  40 0
168 76 4252 28 0 0 0x1 0 0 0 0x0 6 6 70 0x1 20 20 88 0x0  27 0
170 243 4223 42 0 0 0x1 0 0 0 0x0 4 4 29 0x0 20 20 88 0x0  14 0
172 52 4267 40 0 0 0x1 0 0 0 0x0 6 6 60 0x0 21 21 87 0x0  46 0
174 57 4224 30 0 0 0x1 0 0 0 0x0 6 6 71 0x1 20 20 88 0x0  50 0
176 174 4247 28 0 0 0x1 0 0 0 0x0 4 4 28 0x0 20 20 88 0x0  21 0
178 76 4258 28 0 0 0x1 0 0 0 0x0 6 6 71 0x1 21 21 87 0x0  97 1
180 176 4226 38 0 0 0x1 0 0 0 0x0 5 4 35 0x1 20 20 88 0x0  48 1
182 95 4256 27 0 0 0x1 0 0 0 0x0 6 6 61 0x1 20 20 88 0x0  51 0
184 203 4236 32 0 0 0x1 0 0 0 0x0 7 7 60 0x0 20 20 92 0x1  66 1
186 54 4261 30 0 0 0x1 0 0 0 0x0 2 2 12 0x0 20 20 88 0x1  14 1
188 53 4261 31 0 0 0x1 0 0 0 0x0 7 7 71 0x0 20 20 88 0x1  21 0
190 257 4202 37 0 0 0x1 0 0 0 0x0 4 4 51 0x1 22 22 87 0x0  48 0
192 136 4243 38 0 0 0x1 0 0 0 0x0 5 5 51 0x1 15 15 62 0x1  12 0
194 208 4232 37 0 0 0x1 0 0 0 0x0 8 7 58 0x0 9 9 19 0x1  30 0
196 58 4253 34 0 0 0x1 0 0 0 0x0 3 3 34 0x1 10 10 25 0x0  45 0
198 173 4236 30 0 0 0x1 0 0 0 0x0 7 7 60 0x0 20 20 88 0x0  18 0
200 212 4217 23 0 0 0x1 0 0 0 0x0 5 5 61 0x1 20 20 87 0x0  12 0
202 235 4210 39 0 0 0x1 0 0 0 0x0 2 2 20 0x1 19 19 81 0x0  49 0
204 52 4264 39 0 0 0x1 0 0 0 0x0 7 7 61 0x0 20 20 92 0x1  21 0
206 148 4242 27 0 0 0x1 0 0 0 0x0 2 2 29 0x1 23 23 87 0x0  13 0
208 196 4236 37 0 0 0x1 0 0 0 0x0 7 7 62 0x0 20 20 88 0x0  58 0
210 105 4251 28 0 0 0x1 0 0 0 0x0 6 6 74 0x1 20 20 88 0x0  13 0
212 261 4228 29 0 0 0x1 0 0 0 0x0 4 4 31 0x0 20 20 87 0x0  74 0
214 88 4254 39 0 0 0x1 0 0 0 0x0 6 6 65 0x0 20 20 88 0x0  124 1
216 155 4203 44 0 0 0x1 0 0 0 0x0 2 2 33 0x1 18 18 83 0x1  14 0
218 147 4245 24 0 0 0x1 0 0 0 0x0 7 7 56 0x0 22 22 86 0x0  21 0
220 52 4262 31 0 0 0x1 0 0 0 0x0 7 6 66 0x1 20 20 88 0x0  47 0
222 179 4235 42 0 0 0x1 0 0 0 0x0 4 4 30 0x0 19 19 82 0x0  19 1
224 52 4264 36 0 0 0x1 0 0 0 0x0 6 6 71 0x1 21 21 87 0x0  9 0
226 239 4200 26 0 0 0x1 0 0 0 0x0 2 2 20 0x1 14 14 43 0x0  25 0
228 101 4245 25 0 0 0x1 0 0 0 0x0 6 6 43 0x0 8 8 20 0x1  40 0
230 54 4237 31 0 0 0x1 0 0 0 0x0 7 7 71 0x0 14 14 48 0x0  10 0
232 52 4259 33 0 0 0x1 0 0 0 0x0 3 3 32 0x0 20 20 88 0x0  62 0
234 52 4262 34 0 0 0x1 0 0 0 0x0 7 6 67 0x1 20 20 88 0x0  13 0
236 187 4232 29 0 0 0x1 0 0 0 0x0 4 4 37 0x1 21 21 87 0x0  12 0
238 52 4255 31 0 0 0x1 0 0 0 0x0 2 1 10 0x1 20 20 87 0x0  51 0
240 242 4214 24 0 0 0x1 0 0 0 0x0 7 7 61 0x0 20 20 87 0x0  18 0
242 188 4215 29 0 0 0x1 0 0 0 0x0 3 3 41 0x1 20 20 87 0x0  60 0
244 127 4242 42 0 0 0x1 0 0 0 0x0 7 7 61 0x0 20 20 88 0x0  77 0
246 57 4263 29 0 0 0x1 0 0 0 0x0 6 6 60 0x0 20 20 88 0x0  14 0
248 52 4257 40 0 0 0x1 0 0 0 0x0 3 3 41 0x1 21 21 91 0x1  26 0
250 184 4229 35 0 0 0x1 0 0 0 0x0 7 7 61 0x0 21 21 87 0x0  87 0
252 159 4233 31 0 0 0x1 0 0 0 0x0 5 5 61 0x1 20 20 88 0x0  23 0
254 186 4234 31 0 0 0x1 0 0 0 0x0 5 5 40 0x0 20 20 87 0x0  3 0
256 52 4262 32 0 0 0x1 0 0 0 0x0 6 6 62 0x0 20 20 88 0x0  49 0
258 222 4224 38 0 0 0x1 0 0 0 0x0 4 4 43 0x0 20 20 88 0x0  35 0
260 111 4240 31 0 0 0x1 0 0 0 0x0 6 6 61 0x0 8 8 26 0x1  20 0
262 107 4241 26 0 0 0x1 0 0 0 0x0 6 6 71 0x1 10 10 20 0x1  35 0
264 181 4233 40 0 0 0x1 0 0 0 0x0 4 4 29 0x0 17 17 63 0x0  24 0
266 98 4257 44 0 0 0x1 0 0 0 0x0 6 6 71 0x1 20 20 86 0x0  17 0
268 192 4203 34 0 0 0x1 0 0 0 0x0 5 5 53 0x1 20 20 88 0x0  53 0
270 52 4260 29 0 0 0x1 0 0 0 0x0 6 6 42 0x0 20 20 88 0x0  24 0
272 257 4217 28 0 0 0x1 0 0 0 0x0 6 6 69 0x1 20 20 92 0x1  70 0
274 53 4249 40 0 0 0x1 0 0 0 0x0 5 5 31 0x0 20 20 88 0x1  57 0
276 106 4249 30 0 0 0x1 0 0 0 0x0 6 6 70 0x1 22 22 87 0x0  30 0
278 182 4238 29 0 0 0x1 0 0 0 0x0 7 7 59 0x0 20 20 88 0x0  16 0
280 104 4250 24 0 0 0x1 0 0 0 0x0 4 4 43 0x1 20 20 88 0x0  43 0
282 181 4234 33 0 0 0x1 0 0 0 0x0 7 7 62 0x0 20 20 88 0x0  46 0
284 165 4221 32 0 0 0x1 0 0 0 0x0 4 4 53 0x1 20 20 88 0x0  13 0
286 238 4219 49 0 0 0x1 0 0 0 0x0 6 6 57 0x1 19 19 81 0x0  49 0
288 53 4262 31 0 0 0x1 0 0 0 0x0 7 7 63 0x0 20 20 86 0x0  22 0
290 53 4251 23 0 0 0x1 0 0 0 0x0 4 4 44 0x1 20 20 88 0x0  17 0
292 228 4223 32 0 0 0x1 0 0 0 0x0 7 7 59 0x0 17 17 71 0x1  56 0
294 106 4241 31 0 0 0x1 0 0 0 0x0 6 6 60 0x0 8 8 17 0x0  8 0
296 291 4199 41 0 0 0x1 0 0 0 0x0 3 3 40 0x1 7 7 20 0x1  30 0
298 98 4250 21 0 0 0x1 0 0 0 0x0 7 7 62 0x0 20 20 87 0x1  46 1
300 214 4210 30 0 0 0x1 0 0 0 0x0 4 4 52 0x1 20 20 87 0x1  7 0
302 52 4259 24 0 0 0x1 0 0 0 0x0 7 7 56 0x0 21 21 88 0x0  57 0
304 61 4256 32 0 0 0x1 0 0 0 0x0 6 6 74 0x1 20 20 88 0x0  87 0
306 184 4224 39 0 0 0x1 0 0 0 0x0 5 5 34 0x0 21 21 87 0x0  66 0
308 52 4259 25 0 0 0x1 0 0 0 0x0 6 6 61 0x0 20 20 88 0x0  14 0
310 180 4232 46 0 0 0x1 0 0 0 0x0 6 6 74 0x1 20 20 88 0x0  63 0
312 76 4259 24 0 0 0x1 0 0 0 0x0 5 5 35 0x0 20 20 88 0x0  24 0
314 241 4221 27 0 0 0x1 0 0 0 0x0 6 6 75 0x1 20 20 88 0x0  9 0
316 161 4225 34 0 0 0x1 0 0 0 0x0 4 4 42 0x1 20 20 92 0x1  49 0
318 53 4257 17 0 0 0x1 0 0 0 0x0 7 7 63 0x1 22 22 87 0x0  17 1
320 155 4253 37 0 0 0x1 0 0 0 0x0 7 7 63 0x0 20 20 88 0x0  17 0
322 53 4255 26 0 0 0x1 0 0 0 0x0 4 4 46 0x1 20 20 88 0x0  57 0
324 191 4231 36 0 0 0x1 0 0 0 0x0 7 7 64 0x0 21 21 87 0x0  15 0
326 267 4205 46 0 0 0x1 0 0 0 0x0 5 5 64 0x1 12 12 51 0x0  24 1
328 247 4209 33 0 0 0x1 0 0 0 0x0 4 4 30 0x0 8 8 20 0x1  23 0
330 100 4244 33 0 0 0x1 0 0 0 0x0 6 6 62 0x0 11 11 32 0x0  33 1
332 170 4222 28 0 0 0x1 0 0 0 0x0 4 4 45 0x1 19 19 81 0x0  50 1
334 202 4235 24 0 0 0x1 0 0 0 0x0 7 7 59 0x0 21 21 89 0x0  70 0
336 52 4256 21 0 0 0x1 0 0 0 0x0 6 6 68 0x1 20 20 86 0x0  39 0
338 245 4223 12 0 0 0x1 0 0 0 0x0 5 4 30 0x0 20 20 88 0x0  53 1
340 52 4255 35 0 0 0x1 0 0 0 0x0 4 4 39 0x0 20 20 91 0x1  75 0
342 229 4207 26 0 0 0x1 0 0 0 0x0 4 4 49 0x1 21 21 88 0x0  23 1
344 52 4258 40 0 0 0x1 0 0 0 0x0 6 6 50 0x1 20 20 88 0x0  23 0
346 55 4247 22 0 0 0x1 0 0 0 0x0 3 3 30 0x1 21 21 87 0x0  57 0
348 151 4234 35 0 0 0x1 0 0 0 0x0 5 5 36 0x0 20 20 88 0x0  17 0
350 52 4252 23 0 0 0x1 0 0 0 0x0 6 6 60 0x0 20 20 88 0x0  10 1
352 273 4221 30 0 0 0x1 0 0 0 0x0 5 5 59 0x1 20 20 87 0x0  59 0
354 52 4253 42 0 0 0x1 0 0 0 0x0 5 5 39 0x0 20 20 88 0x0  17 0
356 150 4226 29 0 0 0x1 0 0 0 0x0 4 4 49 0x1 20 20 88 0x0  26 1
358 53 4250 34 0 0 0x1 0 0 0 0x0 5 5 36 0x0 20 20 87 0x0  45 0
360 124 4235 36 0 0 0x1 0 0 0 0x0 6 6 69 0x1 12 12 41 0x1  14 1
362 199 4222 39 0 0 0x1 0 0 0 0x0 6 6 59 0x1 9 9 21 0x1  7 0
364 57 4250 42 0 0 0x1 0 0 0 0x0 5 4 29 0x0 15 15 49 0x0  114 0
366 181 4227 25 0 0 0x1 0 0 0 0x0 4 4 50 0x1 20 20 88 0x0  28 1
368 227 4215 28 0 0 0x1 0 0 0 0x0 4 4 40 0x1 21 21 87 0x0  8 0
370 178 4226 26 0 0 0x1 0 0 0 0x0 4 4 37 0x1 20 20 88 0x0  108 0
# window_from=2  # samples before this mark saw a lit panel
