# t_s cur_mA v_mV busy_pct pc_res_pct wfi_per_s pc_per_s f0_kHz f4_kHz wlan_pps
2 377 4367 2 94 145 543 614400 1228800 2
4 399 4374 1 100 47 334 1420800 633600 10
6 256 4335 2 99 98 618 844800 1228800 5
8 402 4374 1 100 62 458 1228800 1228800 3
10 294 4362 3 100 131 826 1420800 1228800 5
12 352 4373 2 95 145 709 1420800 1228800 3
14 406 4384 1 102 67 347 1420800 844800 1
16 279 4347 1 98 78 617 614400 1228800 1
18 397 4380 1 103 70 496 844800 1228800 8
20 392 4384 1 96 67 471 844800 1228800 6
22 312 4370 1 102 92 465 614400 633600 3
24 323 4373 1 101 82 501 844800 1228800 5
26 262 4338 1 102 54 383 1420800 1228800 1
28 409 4391 2 90 87 364 1228800 1228800 2
30 52 4251 2 107 86 582 844800 1228800 1
32 105 4238 1 103 70 371 1420800 633600 5
34 53 4242 1 104 55 298 1420800 1228800 5
36 126 4226 1 96 95 404 1420800 1228800 5
38 162 4217 1 89 83 402 1420800 1228800 3
40 141 4221 1 109 74 301 614400 1228800 3
42 53 4228 2 99 101 549 1420800 1228800 1
44 82 4229 1 96 80 444 614400 1228800 1
46 61 4228 1 97 78 447 1228800 633600 7
48 382 4181 5 97 236 1105 1420800 1228800 5
50 108 4219 1 98 69 307 844800 844800 7
52 167 4193 1 100 52 273 1420800 633600 2
54 53 4226 1 103 85 488 844800 1228800 5
56 98 4223 1 102 57 495 1420800 1804800 3
58 92 4217 2 103 80 494 1420800 1228800 1
60 62 4223 1 97 86 444 614400 1228800 5
62 261 4180 1 97 62 332 614400 1228800 5
64 53 4224 1 107 75 509 1420800 1228800 6
66 155 4207 1 103 66 417 614400 1228800 1
68 144 4213 1 97 70 429 1420800 1228800 7
70 179 4200 1 100 70 301 1228800 1228800 1
72 160 4187 2 100 92 646 1420800 633600 1
74 132 4204 1 105 59 376 1420800 633600 25
76 162 4183 1 102 62 368 844800 633600 5
78 68 4206 2 96 122 660 1420800 633600 6
80 53 4219 1 96 41 250 1420800 1228800 1
82 54 4219 2 106 73 479 1420800 844800 5
84 59 4218 1 96 56 350 844800 1228800 1
86 63 4215 1 102 57 347 1420800 633600 1
88 176 4174 1 94 85 363 1420800 1228800 3
90 127 4203 1 103 76 425 1420800 1228800 7
92 101 4207 2 99 86 507 614400 1228800 5
94 160 4183 1 98 58 364 614400 1228800 1
96 195 4185 2 100 106 690 844800 633600 5
98 179 4172 1 97 59 313 1420800 633600 1
100 54 4213 1 104 59 370 844800 1228800 1
102 82 4208 1 97 95 534 1420800 633600 4
104 74 4193 1 102 86 394 1420800 1228800 8
106 146 4206 1 103 84 539 614400 1228800 6
108 181 4182 1 102 42 354 1420800 1228800 1
110 207 4180 2 101 79 543 614400 1228800 5
112 53 4213 1 99 85 337 1420800 1228800 20
114 191 4177 1 103 50 431 1420800 1228800 1
116 73 4212 1 103 73 455 1228800 1228800 3
118 194 4173 1 103 61 368 614400 1228800 10
120 63 4208 2 97 106 554 844800 1228800 5
122 102 4209 1 96 67 327 844800 1228800 2
124 54 4204 1 101 75 428 1420800 1228800 5
126 101 4200 2 102 78 594 844800 1228800 2
128 92 4203 1 104 46 290 1420800 633600 1
130 83 4199 2 97 100 554 1420800 633600 21
132 179 4183 1 102 55 337 1420800 844800 9
134 84 4190 2 101 103 663 1420800 633600 5
136 64 4204 1 98 79 349 614400 633600 1
138 220 4162 1 102 62 431 1420800 1228800 5
140 135 4195 1 103 83 477 1228800 1228800 1
142 57 4206 1 103 48 398 1420800 1228800 1
144 68 4188 2 96 111 683 1420800 1228800 1
146 60 4206 1 102 67 370 1420800 1228800 9
148 53 4208 1 104 65 286 1420800 1228800 5
150 103 4195 2 97 73 551 614400 1228800 19
152 284 4161 1 109 40 289 1420800 633600 2
154 158 4164 2 95 91 527 1228800 1228800 2
156 228 4165 1 99 74 470 1420800 1228800 1
158 97 4201 1 101 51 384 1228800 633600 1
160 66 4202 1 99 51 339 1420800 633600 11
162 194 4164 1 105 57 376 1228800 1228800 7
164 213 4158 2 98 107 548 1420800 1228800 2
166 77 4204 0 104 51 283 844800 633600 24
168 53 4205 1 103 75 480 1228800 1228800 1
170 53 4202 1 102 58 334 1420800 1228800 3
172 173 4182 1 97 86 434 1420800 1228800 3
174 221 4162 1 100 74 459 1228800 1228800 12
176 191 4173 1 100 81 440 1420800 1228800 6
178 54 4202 1 100 88 498 614400 1228800 8
180 229 4157 1 94 78 509 614400 1228800 11
182 98 4188 1 102 84 405 614400 1228800 3
184 106 4187 1 104 51 463 844800 633600 0
186 136 4180 1 93 83 432 1420800 1228800 3
188 197 4173 2 106 85 513 614400 1228800 30
190 155 4158 1 105 43 292 844800 1036800 5
192 58 4199 1 103 79 491 614400 1228800 1
194 157 4183 1 97 80 383 1420800 1228800 5
196 77 4196 1 97 88 452 1420800 1228800 1
198 180 4175 1 103 62 418 614400 1420800 1
200 156 4169 1 99 82 418 614400 1228800 1
202 54 4199 1 93 84 462 1420800 1228800 7
204 53 4202 1 108 62 439 844800 1228800 5
206 53 4198 1 103 88 489 844800 1228800 3
208 53 4202 1 97 46 357 1420800 844800 5
210 180 4169 1 100 87 512 1420800 633600 1
212 100 4190 1 93 67 463 844800 1228800 1
214 53 4201 1 107 60 368 1420800 1228800 1
216 127 4180 2 96 83 586 614400 1228800 2
218 153 4176 1 106 57 342 1228800 1228800 2
220 260 4140 1 98 82 470 614400 1228800 1
222 54 4196 2 97 119 535 614400 633600 5
224 64 4196 1 99 63 304 614400 1228800 2
226 53 4194 2 103 90 524 1420800 633600 3
228 63 4194 1 89 75 385 1420800 1228800 21
230 54 4199 1 107 90 514 1420800 1228800 7
232 53 4197 1 106 75 376 614400 1228800 6
234 153 4184 1 103 49 341 1036800 1228800 5
236 155 4170 1 102 63 378 1420800 633600 3
238 177 4166 1 96 79 416 1420800 1228800 24
240 122 4177 1 98 77 497 1420800 1036800 1
242 63 4194 1 99 84 429 1420800 1228800 1
244 121 4173 1 95 110 481 1420800 1228800 7
246 153 4167 1 103 81 513 1420800 633600 5
248 105 4186 1 101 47 270 844800 633600 4
250 109 4180 2 102 107 531 614400 1228800 0
252 84 4189 1 101 69 403 844800 633600 2
254 97 4189 1 96 78 403 844800 1228800 1
256 216 4158 1 107 53 352 1420800 1228800 1
258 73 4197 1 102 64 420 614400 633600 24
260 54 4193 1 102 54 358 1420800 633600 5
262 54 4192 1 97 76 298 1420800 1228800 5
264 96 4178 2 96 117 683 844800 844800 1
266 152 4171 1 97 74 344 614400 1228800 5
268 53 4194 1 94 92 447 1420800 633600 1
270 72 4190 2 103 87 539 1420800 844800 20
272 53 4190 1 94 68 393 1420800 633600 4
274 130 4182 2 107 90 555 1228800 1228800 8
276 180 4167 1 97 46 371 614400 1036800 7
278 172 4163 1 105 79 438 1804800 1420800 2
280 108 4179 1 99 75 332 1420800 1228800 6
282 257 4140 1 98 73 444 1420800 1228800 2
284 54 4194 1 104 54 383 1228800 844800 0
286 53 4195 1 103 53 379 614400 1228800 1
288 202 4158 1 100 76 469 614400 1228800 9
290 63 4192 1 98 81 358 1420800 633600 5
292 207 4157 2 101 84 552 1420800 633600 1
294 54 4195 1 97 48 306 614400 1228800 6
296 65 4197 1 110 52 290 1420800 1228800 2
298 54 4188 1 96 67 427 614400 633600 1
300 163 4169 1 103 68 384 614400 1228800 2
302 158 4164 1 102 75 437 614400 633600 9
304 54 4192 1 95 79 499 844800 633600 5
306 53 4193 1 99 107 648 844800 844800 2
308 66 4180 1 101 70 330 614400 633600 0
310 54 4194 1 93 68 311 1420800 1228800 1
312 188 4158 2 108 85 637 1420800 1228800 0
314 100 4180 1 103 37 293 1420800 1228800 0
316 99 4179 2 101 96 558 1420800 633600 1
318 165 4172 1 92 78 394 614400 633600 2
320 54 4191 1 109 64 379 1804800 1228800 1
322 177 4158 1 103 55 274 1420800 844800 1
324 54 4194 1 97 51 347 614400 633600 0
326 306 4145 1 106 78 511 1420800 633600 0
328 148 4180 1 99 80 318 1228800 1228800 0
330 67 4190 2 100 82 582 614400 1228800 5
332 278 4143 1 99 67 383 1420800 1228800 1
334 54 4193 1 97 61 377 614400 633600 0
336 207 4154 2 103 108 658 1612800 1228800 4
338 65 4182 1 96 70 305 1420800 1228800 0
340 202 4160 2 102 104 565 1228800 1228800 19
342 54 4193 1 104 40 359 844800 1228800 2
344 97 4177 2 101 88 441 614400 1228800 2
346 235 4136 1 99 65 315 614400 1228800 3
348 248 4141 1 98 78 477 1420800 1228800 1
350 123 4177 2 104 92 510 1420800 1228800 2
352 153 4160 3 91 193 586 844800 1228800 1
354 53 4191 1 99 95 517 1420800 1036800 2
356 95 4177 1 106 43 282 1420800 1228800 1
358 196 4149 1 103 88 317 614400 1228800 3
360 101 4187 1 103 96 477 1420800 1228800 25
362 237 4150 1 95 73 298 844800 1228800 0
364 111 4182 2 103 78 603 844800 1228800 4
366 53 4186 1 103 66 457 844800 1228800 0
368 279 4140 2 101 79 547 1420800 1228800 0
370 110 4175 1 94 80 480 1420800 844800 5
372 53 4192 1 104 59 336 1420800 1228800 9
374 153 4158 4 99 167 775 1420800 633600 1
376 161 4169 1 98 101 357 614400 1228800 0
378 303 4144 2 90 76 394 844800 1228800 2
380 156 4172 3 102 142 564 844800 1228800 0
382 54 4188 1 102 74 490 844800 844800 0
384 163 4150 1 102 81 388 1420800 1228800 0
386 97 4178 2 102 109 501 1420800 1228800 2
388 66 4186 2 90 120 545 1420800 844800 3
390 114 4174 1 105 74 326 1420800 633600 2
# window_from=32  # samples before this mark saw a lit panel
