# t_s cur_mA v_mV busy_pct pc_res_pct wfi_per_s pc_per_s f0_kHz f4_kHz wlan_pps
2 102 4192 2 100 99 584 1420800 1228800 5
4 82 4195 1 87 79 348 1228800 1228800 3
6 201 4176 0 103 67 297 1420800 633600 1
8 191 4155 1 99 68 443 1612800 633600 1
10 53 4195 1 100 52 454 614400 1228800 8
12 52 4195 2 106 94 578 1420800 633600 4
14 116 4170 1 92 72 398 844800 1228800 0
16 107 4181 1 102 48 276 1420800 1228800 2
18 53 4194 1 101 55 371 614400 844800 1
20 53 4193 3 103 141 721 614400 1228800 1
22 107 4175 1 93 76 396 1420800 1228800 8
24 223 4146 1 101 54 305 1420800 1228800 6
26 53 4191 1 106 51 348 844800 1228800 6
28 54 4189 1 103 53 311 1420800 1228800 6
30 54 4190 1 104 84 493 1420800 1228800 3
32 99 4178 1 95 85 486 614400 1228800 3
34 189 4160 1 102 68 456 1420800 633600 1
36 57 4188 1 100 64 360 1420800 1228800 2
38 53 4190 1 105 46 347 614400 1228800 6
40 62 4184 1 100 88 436 1420800 1228800 6
42 63 4187 2 96 115 547 844800 1228800 7
44 236 4160 1 102 114 507 614400 1228800 20
46 189 4155 2 96 107 575 1036800 633600 4
48 54 4182 2 101 82 476 1420800 1036800 1
50 202 4147 1 97 67 397 1420800 633600 2
52 55 4185 1 100 69 317 1420800 1228800 5
54 53 4185 1 100 57 517 614400 1228800 5
56 109 4165 1 96 73 397 1420800 1228800 4
58 145 4167 1 106 74 430 614400 633600 1
60 160 4159 1 97 56 343 1420800 1228800 7
62 54 4184 1 108 89 450 1420800 1228800 4
64 107 4175 1 101 68 447 1420800 1228800 1
66 63 4181 1 94 57 374 614400 844800 6
68 218 4155 1 103 63 525 614400 1228800 5
70 198 4141 1 93 90 439 614400 1228800 8
72 124 4164 1 103 82 418 1228800 1228800 3
74 183 4144 2 95 86 617 614400 1228800 6
76 54 4179 1 106 61 330 614400 1228800 2
78 99 4171 1 99 66 454 844800 1228800 2
80 222 4129 1 108 79 431 1228800 633600 2
82 97 4164 1 99 85 415 1228800 1228800 2
84 141 4170 1 100 78 354 1420800 1228800 5
86 157 4161 1 97 69 413 1228800 1228800 1
88 53 4181 1 99 72 402 1420800 633600 5
90 187 4142 1 101 62 370 1420800 1228800 1
92 54 4175 2 97 103 600 1420800 844800 5
94 56 4171 1 97 60 346 614400 633600 26
96 53 4173 1 101 75 460 844800 1228800 9
98 288 4143 1 105 53 370 614400 1228800 6
100 53 4180 1 102 67 391 1420800 1228800 3
102 100 4172 1 93 98 502 614400 1228800 5
104 68 4176 4 95 181 759 844800 1228800 2
106 155 4148 1 101 74 444 614400 1228800 2
108 158 4130 1 102 48 270 1228800 1228800 3
110 100 4164 1 104 84 430 1420800 633600 10
112 236 4116 1 96 77 318 1420800 1228800 2
114 53 4176 1 87 49 338 1228800 1228800 1
116 196 4131 1 107 80 500 1228800 633600 7
118 54 4178 1 109 64 289 1420800 1228800 2
120 53 4175 1 99 80 500 1420800 633600 20
122 53 4176 1 100 65 343 614400 844800 2
124 53 4177 1 100 51 360 1420800 633600 10
126 200 4138 1 105 79 456 614400 1228800 5
128 54 4175 2 100 89 559 614400 1228800 1
130 54 4177 1 94 69 414 844800 633600 7
132 54 4172 1 109 45 262 614400 1228800 2
134 54 4176 2 101 86 703 614400 1228800 1
136 137 4161 1 87 83 390 1228800 1228800 2
138 54 4175 1 109 60 329 1420800 1228800 9
140 94 4175 1 104 85 512 844800 1228800 5
142 100 4148 1 102 57 323 1228800 1228800 2
144 138 4157 1 102 83 469 1228800 1228800 1
146 105 4162 1 90 68 361 1420800 1228800 0
148 210 4151 1 108 60 406 1420800 1228800 1
150 54 4177 1 98 67 445 844800 1228800 1
152 159 4143 1 108 57 432 1420800 1228800 11
154 82 4169 1 98 106 564 1420800 1228800 7
156 54 4174 1 99 63 346 614400 844800 2
158 98 4156 1 102 65 467 1420800 1228800 4
160 54 4175 1 98 36 261 1420800 633600 0
162 156 4144 1 106 68 347 614400 1228800 3
164 82 4168 2 102 109 671 614400 1228800 1
166 182 4153 1 96 60 328 1420800 633600 7
168 54 4173 1 105 69 417 1420800 1228800 5
170 150 4155 1 93 49 332 1612800 1612800 1
172 275 4135 1 114 44 292 1420800 1228800 5
174 95 4171 2 89 127 567 614400 633600 2
176 106 4163 1 107 54 293 1420800 1228800 1
178 108 4156 2 101 88 571 1420800 1228800 0
180 55 4171 1 101 60 432 844800 1228800 8
182 170 4145 1 102 73 483 844800 1228800 5
184 62 4175 1 93 47 337 1420800 633600 3
186 91 4168 1 112 42 374 614400 1228800 5
188 165 4142 1 97 76 436 1420800 1228800 1
190 54 4175 1 103 52 299 844800 633600 9
192 53 4170 2 102 100 708 1420800 633600 2
194 63 4172 1 100 64 301 1420800 1228800 3
196 64 4163 1 102 112 515 1228800 844800 1
198 233 4131 1 95 73 320 614400 1228800 4
200 96 4168 1 94 64 250 1420800 633600 3
202 97 4167 2 98 140 597 1420800 1228800 2
204 82 4164 1 109 59 331 1420800 1228800 1
206 153 4160 2 100 98 521 1228800 1228800 1
208 218 4124 1 100 60 390 614400 1228800 3
210 236 4133 1 102 43 343 1228800 1228800 2
212 98 4165 1 102 75 471 614400 1228800 2
214 152 4142 1 104 61 462 1420800 633600 3
216 95 4167 1 93 90 451 1420800 1228800 3
218 260 4135 1 104 60 350 1420800 1228800 1
220 53 4174 1 99 105 469 614400 1228800 3
222 66 4166 1 93 79 307 1420800 1228800 6
224 122 4158 2 91 80 485 1420800 1228800 4
226 97 4166 2 101 79 577 844800 844800 5
228 55 4174 1 105 46 345 1420800 1228800 1
230 63 4168 2 99 110 637 1228800 633600 7
232 65 4163 1 97 63 365 1420800 1228800 2
234 159 4139 1 103 52 291 1228800 1036800 1
236 54 4171 2 97 72 498 1420800 633600 6
238 68 4170 1 106 53 383 1228800 1228800 5
240 207 4138 1 96 112 481 1420800 633600 6
242 102 4158 1 97 60 423 1228800 633600 1
244 331 4107 2 106 72 570 1420800 1228800 0
246 217 4142 1 102 55 344 844800 1228800 1
248 63 4170 1 100 39 314 614400 1228800 1
250 245 4130 2 91 108 579 614400 1228800 3
252 53 4150 1 107 53 305 1420800 633600 5
254 232 4132 3 101 108 664 614400 1228800 24
256 54 4172 1 99 57 511 1420800 1228800 1
258 64 4166 1 99 72 388 1420800 1228800 5
260 55 4171 1 97 89 373 1420800 1228800 1
262 63 4168 1 101 68 497 1420800 633600 1
264 240 4130 2 90 95 511 614400 633600 24
266 170 4146 1 103 58 297 1228800 633600 3
268 148 4149 2 101 94 581 1420800 1228800 12
270 53 4166 1 102 68 322 1228800 633600 1
272 236 4131 3 95 164 651 1420800 1228800 6
274 106 4154 2 94 77 598 614400 1228800 1
276 107 4117 1 114 53 273 1420800 1228800 0
278 103 4152 2 102 99 552 1420800 1228800 2
280 130 4152 1 100 66 350 844800 1228800 6
282 54 4169 2 98 103 480 844800 1228800 5
284 102 4167 1 102 58 366 614400 1228800 1
286 55 4169 1 99 82 459 1420800 1228800 5
288 69 4169 1 103 68 383 1420800 1228800 1
290 192 4126 1 97 67 369 1228800 1228800 0
292 54 4168 2 103 108 688 1420800 1228800 2
294 53 4166 1 102 49 246 1228800 1228800 4
296 84 4161 1 96 75 477 1420800 1228800 4
298 54 4168 1 100 91 458 614400 1228800 0
300 160 4144 1 108 48 288 1420800 633600 1
302 54 4168 2 96 91 659 1420800 633600 0
304 57 4159 1 110 51 361 1804800 1804800 1
306 127 4147 2 94 108 471 1420800 1228800 1
308 107 4154 1 89 78 391 1420800 1228800 3
310 176 4127 1 111 60 389 614400 1228800 5
312 148 4151 1 102 59 489 844800 1228800 1
314 83 4161 1 102 66 444 1420800 1228800 5
316 154 4139 2 97 114 601 1420800 1228800 1
318 97 4162 1 101 50 327 614400 633600 0
320 54 4169 1 96 51 428 1420800 1228800 1
322 92 4165 1 110 69 390 614400 1228800 8
324 64 4166 1 93 54 326 614400 844800 6
326 205 4128 2 108 98 660 1420800 1228800 1
328 108 4151 1 102 67 402 1420800 1228800 4
330 63 4163 1 92 86 425 1420800 1228800 0
332 63 4164 1 102 67 451 1228800 1228800 1
334 194 4142 1 96 59 410 844800 633600 20
336 155 4139 1 98 83 497 1420800 1228800 6
338 134 4138 1 103 58 398 1420800 1228800 5
340 109 4153 2 102 72 502 1420800 633600 1
342 54 4163 1 97 47 279 1420800 633600 2
344 53 4168 1 110 75 457 1420800 633600 2
346 186 4136 1 100 54 405 614400 1228800 2
348 95 4166 1 97 73 340 1420800 1228800 1
350 108 4156 2 100 99 672 1228800 1228800 7
352 102 4156 1 96 68 338 844800 1228800 5
354 53 4168 1 97 84 516 1420800 1228800 1
356 265 4124 1 105 57 457 844800 1420800 5
358 171 4149 1 96 88 462 614400 1228800 0
# window_from=2  # samples before this mark saw a lit panel
