# t_s cur_mA v_mV APSS_sd APSS_xosd APSS_xopct APSS_cores LPASS_sd LPASS_xosd LPASS_xopct LPASS_cores MPSS_sd MPSS_xosd MPSS_xopct MPSS_cores PRONTO_sd PRONTO_xosd PRONTO_xopct PRONTO_cores edge_irq_per_s modem_irq_per_s
2 55 4329 31 0 0 0x1 0 0 0 0x0 6 6 51 0x0 21 21 91 0x1  149 0
4 56 4315 44 0 0 0x1 0 0 0 0x0 6 6 71 0x1 21 21 88 0x0  60 0
6 213 4275 31 0 0 0x1 0 0 0 0x0 1 1 10 0x1 9 9 28 0x1  27 0
8 104 4301 35 0 0 0x1 0 0 0 0x0 6 6 51 0x0 9 9 18 0x0  110 0
10 197 4282 37 0 0 0x1 0 0 0 0x0 5 5 64 0x1 15 15 62 0x0  25 0
12 52 4317 33 0 0 0x1 0 0 0 0x0 5 5 39 0x0 20 20 88 0x0  39 0
14 280 4268 26 0 0 0x1 0 0 0 0x0 6 6 71 0x1 21 21 87 0x0  12 0
16 88 4293 33 0 0 0x1 0 0 0 0x0 5 4 30 0x0 20 20 88 0x0  6 0
18 59 4311 36 0 0 0x1 0 0 0 0x0 6 6 69 0x1 20 20 88 0x0  51 0
20 139 4299 28 0 0 0x1 0 0 0 0x0 7 7 59 0x0 20 20 87 0x0  66 0
22 62 4307 34 0 0 0x1 0 0 0 0x0 4 4 34 0x0 20 20 88 0x0  50 0
24 179 4286 33 0 0 0x1 0 0 0 0x0 6 6 69 0x1 20 20 88 0x0  52 0
26 277 4267 29 0 0 0x1 0 0 0 0x0 5 5 48 0x1 20 20 87 0x0  24 0
28 177 4283 30 0 0 0x1 0 0 0 0x0 6 5 48 0x1 20 20 88 0x0  10 0
30 52 4310 39 0 0 0x1 0 0 0 0x0 7 7 59 0x0 20 20 88 0x0  78 0
32 51 4298 44 0 0 0x1 0 0 0 0x0 4 4 32 0x0 21 21 87 0x0  27 0
34 51 4309 31 0 0 0x1 0 0 0 0x0 6 6 70 0x1 20 20 88 0x0  18 0
36 65 4301 26 0 0 0x1 0 0 0 0x0 7 7 63 0x0 20 20 88 0x0  63 0
38 213 4266 44 0 0 0x1 0 0 0 0x0 4 4 46 0x1 18 18 83 0x1  63 0
40 168 4269 27 0 0 0x1 0 0 0 0x0 7 7 63 0x0 8 8 20 0x1  26 0
42 263 4243 43 0 0 0x1 0 0 0 0x0 4 4 52 0x1 9 9 21 0x1  70 0
44 52 4303 30 0 0 0x1 0 0 0 0x0 7 7 52 0x0 18 18 73 0x0  13 0
46 57 4291 31 0 0 0x1 0 0 0 0x0 5 5 44 0x0 20 20 88 0x0  23 0
48 51 4297 41 0 0 0x1 0 0 0 0x0 4 4 46 0x1 20 20 87 0x0  54 0
50 53 4297 24 0 0 0x1 0 0 0 0x0 7 7 63 0x0 20 20 88 0x0  8 0
52 205 4256 39 0 0 0x1 0 0 0 0x0 5 5 62 0x1 21 21 92 0x1  18 0
54 103 4287 15 0 0 0x1 0 0 0 0x0 5 5 40 0x0 22 22 87 0x0  39 0
56 182 4273 38 0 0 0x1 0 0 0 0x0 6 6 60 0x0 20 20 88 0x0  24 0
58 170 4261 36 0 0 0x1 0 0 0 0x0 3 3 42 0x1 20 20 88 0x0  19 0
60 175 4268 32 0 0 0x1 0 0 0 0x0 6 6 47 0x0 21 21 87 0x0  50 0
62 53 4297 33 0 0 0x1 0 0 0 0x0 6 6 75 0x1 19 19 82 0x0  50 0
64 88 4291 29 0 0 0x1 0 0 0 0x0 4 4 32 0x0 20 20 88 0x0  15 0
66 51 4279 28 0 0 0x1 0 0 0 0x0 6 6 64 0x0 19 19 79 0x0  57 0
68 210 4256 26 0 0 0x1 0 0 0 0x0 4 4 51 0x1 20 20 88 0x0  10 0
70 294 4253 21 0 0 0x1 0 0 0 0x0 6 6 53 0x0 20 20 87 0x0  29 0
72 96 4279 37 0 0 0x1 0 0 0 0x0 7 7 74 0x0 17 17 66 0x0  70 0
74 105 4270 36 0 0 0x1 0 0 0 0x0 4 4 35 0x0 9 9 19 0x0  5 0
76 68 4287 28 0 0 0x1 0 0 0 0x0 6 6 74 0x1 10 10 23 0x0  27 0
78 243 4254 44 0 0 0x1 0 0 0 0x0 5 5 49 0x1 20 20 88 0x0  77 0
80 176 4272 30 0 0 0x1 0 0 0 0x0 6 6 53 0x0 20 20 93 0x1  23 0
82 53 4290 35 0 0 0x1 0 0 0 0x0 7 7 58 0x0 21 21 88 0x0  19 0
84 269 4239 39 0 0 0x1 0 0 0 0x0 4 4 33 0x0 21 21 87 0x0  46 0
86 53 4290 24 0 0 0x1 0 0 0 0x0 6 6 69 0x1 21 21 88 0x0  12 0
88 217 4248 26 0 0 0x1 0 0 0 0x0 5 5 50 0x1 20 20 88 0x0  12 0
90 51 4288 22 0 0 0x1 0 0 0 0x0 4 4 41 0x1 21 21 87 0x0  62 0
92 95 4277 31 0 0 0x1 0 0 0 0x0 7 7 63 0x0 20 20 88 0x0  39 1
94 223 4245 28 0 0 0x1 0 0 0 0x0 3 3 42 0x1 19 19 81 0x0  32 1
96 53 4284 39 0 0 0x1 0 0 0 0x0 7 7 65 0x0 19 19 83 0x0  58 0
98 198 4253 30 0 0 0x1 0 0 0 0x0 4 4 53 0x1 20 20 87 0x0  9 0
100 58 4276 37 0 0 0x1 0 0 0 0x0 3 3 27 0x1 20 20 92 0x1  66 0
102 179 4260 39 0 0 0x1 0 0 0 0x0 7 7 61 0x0 22 22 87 0x0  48 0
104 289 4207 24 0 0 0x1 0 0 0 0x0 4 4 52 0x1 20 20 88 0x0  43 0
106 100 4267 48 0 0 0x1 0 0 0 0x0 4 4 29 0x0 13 13 47 0x1  17 0
108 276 4229 51 0 0 0x1 0 0 0 0x0 4 4 50 0x1 8 8 20 0x1  52 0
110 100 4262 26 0 0 0x1 0 0 0 0x0 4 4 18 0x0 14 14 43 0x0  18 0
112 180 4256 37 0 0 0x1 0 0 0 0x0 6 6 71 0x1 20 20 90 0x1  7 0
114 102 4277 29 0 0 0x1 0 0 0 0x0 6 6 60 0x1 21 21 85 0x0  64 0
116 185 4251 31 0 0 0x1 0 0 0 0x0 4 4 30 0x0 20 20 88 0x0  13 0
118 181 4247 32 0 0 0x1 0 0 0 0x0 5 5 62 0x1 20 20 81 0x0  8 0
120 154 4246 40 0 0 0x1 0 0 0 0x0 3 3 29 0x1 21 21 88 0x0  71 0
122 114 4272 52 0 0 0x1 0 0 0 0x0 6 6 61 0x1 20 20 92 0x1  45 0
124 124 4262 31 0 0 0x1 0 0 0 0x0 7 7 60 0x0 19 19 79 0x1  36 0
126 179 4247 44 0 0 0x1 0 0 0 0x0 3 3 29 0x0 21 21 88 0x0  72 0
128 185 4248 35 0 0 0x1 0 0 0 0x0 5 5 61 0x1 20 20 88 0x0  9 0
130 246 4246 24 0 0 0x1 0 0 0 0x0 5 5 47 0x1 21 21 87 0x0  16 0
132 52 4280 24 0 0 0x1 0 0 0 0x0 4 4 40 0x1 20 20 88 0x0  41 0
134 66 4271 32 0 0 0x1 0 0 0 0x0 7 7 61 0x0 20 20 88 0x0  76 0
136 167 4244 32 0 0 0x1 0 0 0 0x0 3 3 40 0x1 20 20 86 0x0  15 0
138 151 4253 30 0 0 0x1 0 0 0 0x0 5 5 37 0x0 20 20 88 0x0  81 0
140 235 4237 34 0 0 0x1 0 0 0 0x0 6 6 56 0x0 11 11 28 0x0  26 0
142 106 4258 32 0 0 0x1 0 0 0 0x0 3 3 40 0x1 8 8 20 0x0  9 0
144 300 4233 37 0 0 0x1 0 0 0 0x0 7 7 60 0x0 15 15 59 0x0  55 1
146 176 4244 37 0 0 0x1 0 0 0 0x0 5 5 61 0x1 20 20 88 0x0  22 0
148 72 4263 27 0 0 0x1 0 0 0 0x0 5 5 40 0x0 21 21 87 0x0  11 1
150 53 4277 31 0 0 0x1 0 0 0 0x0 6 6 60 0x0 20 20 93 0x1  60 0
152 245 4225 36 0 0 0x1 0 0 0 0x0 5 5 46 0x0 21 21 88 0x0  31 0
154 268 4247 29 0 0 0x1 0 0 0 0x0 6 6 56 0x0 21 21 87 0x0  73 0
156 57 4273 25 0 0 0x1 0 0 0 0x0 6 6 66 0x1 20 20 88 0x0  40 0
158 180 4248 29 0 0 0x1 0 0 0 0x0 5 4 28 0x0 20 20 88 0x0  8 1
160 52 4275 27 0 0 0x1 0 0 0 0x0 6 6 66 0x1 21 21 87 0x0  28 1
162 288 4235 20 0 0 0x1 0 0 0 0x0 5 5 47 0x1 20 20 88 0x0  52 0
164 52 4274 33 0 0 0x1 0 0 0 0x0 6 5 40 0x0 19 19 81 0x0  30 0
166 249 4233 26 0 0 0x1 0 0 0 0x0 6 6 71 0x1 20 20 87 0x0  13 0
168 54 4268 27 0 0 0x1 0 0 0 0x0 5 5 35 0x0 20 20 88 0x0  74 0
170 53 4273 40 0 0 0x1 0 0 0 0x0 6 6 71 0x1 19 19 85 0x1  20 0
172 225 4234 32 0 0 0x1 0 0 0 0x0 7 7 59 0x0 19 19 76 0x1  11 0
174 153 4247 28 0 0 0x1 0 0 0 0x0 4 4 41 0x1 8 8 18 0x1  94 0
176 244 4227 30 0 0 0x1 0 0 0 0x0 7 7 60 0x0 9 9 21 0x1  5 0
178 199 4235 38 0 0 0x1 0 0 0 0x0 4 4 51 0x1 19 19 79 0x0  27 0
180 226 4232 36 0 0 0x1 0 0 0 0x0 7 7 52 0x0 20 20 88 0x0  45 0
182 148 4261 31 0 0 0x1 0 0 0 0x0 6 6 57 0x0 20 20 88 0x0  38 0
184 52 4268 27 0 0 0x1 0 0 0 0x0 4 3 37 0x1 20 20 87 0x0  32 0
186 229 4238 32 0 0 0x1 0 0 0 0x0 7 7 56 0x0 19 19 80 0x0  44 0
188 182 4236 38 0 0 0x1 0 0 0 0x0 5 5 57 0x1 20 20 82 0x0  30 0
190 178 4245 28 0 0 0x1 0 0 0 0x0 6 5 39 0x0 20 20 88 0x0  13 0
192 68 4264 36 0 0 0x1 0 0 0 0x0 7 7 67 0x0 20 20 88 0x0  40 0
194 318 4220 26 0 0 0x1 0 0 0 0x0 3 3 33 0x1 20 20 88 0x0  40 0
196 64 4267 37 0 0 0x1 0 0 0 0x0 7 7 61 0x0 20 20 87 0x0  13 0
198 52 4268 46 0 0 0x1 0 0 0 0x0 6 6 71 0x1 19 19 82 0x0  98 0
200 182 4243 34 0 0 0x1 0 0 0 0x0 4 4 29 0x0 21 21 92 0x1  13 0
202 52 4269 34 0 0 0x1 0 0 0 0x0 4 4 50 0x1 21 21 88 0x0  24 0
204 218 4234 31 0 0 0x1 0 0 0 0x0 5 5 51 0x1 20 20 88 0x0  70 0
206 97 4263 34 0 0 0x1 0 0 0 0x0 4 3 20 0x0 15 15 64 0x1  10 0
208 176 4232 31 0 0 0x1 0 0 0 0x0 7 7 71 0x0 9 9 20 0x1  19 0
210 120 4240 44 0 0 0x1 0 0 0 0x0 4 3 30 0x0 10 10 27 0x0  79 0
212 164 4237 35 0 0 0x1 0 0 0 0x0 4 4 49 0x1 20 20 87 0x0  29 0
214 186 4242 31 0 0 0x1 0 0 0 0x0 7 7 59 0x0 20 20 88 0x0  40 0
216 51 4267 31 0 0 0x1 0 0 0 0x0 3 3 40 0x1 20 20 92 0x1  26 0
218 165 4232 27 0 0 0x1 0 0 0 0x0 2 2 19 0x1 22 22 87 0x0  40 0
220 159 4235 34 0 0 0x1 0 0 0 0x0 4 4 35 0x1 20 20 88 0x0  8 0
222 56 4260 48 0 0 0x1 0 0 0 0x0 7 7 52 0x0 20 20 88 0x0  48 0
224 83 4267 23 0 0 0x1 0 0 0 0x0 6 6 58 0x0 20 20 87 0x0  43 0
226 95 4249 19 0 0 0x1 0 0 0 0x0 3 3 37 0x1 20 20 88 0x0  11 0
228 183 4237 32 0 0 0x1 0 0 0 0x0 5 5 39 0x0 20 20 88 0x0  59 0
230 98 4261 31 0 0 0x1 0 0 0 0x0 6 6 69 0x1 21 21 86 0x0  9 0
232 193 4235 15 0 0 0x1 0 0 0 0x0 4 4 30 0x0 20 20 88 0x0  68 0
234 105 4264 23 0 0 0x1 0 0 0 0x0 6 6 62 0x0 19 19 81 0x0  49 0
236 241 4225 26 0 0 0x1 0 0 0 0x0 4 4 54 0x1 21 21 87 0x0  9 0
238 293 4198 26 0 0 0x1 0 0 0 0x0 4 4 21 0x0 18 18 73 0x0  41 1
240 97 4247 28 0 0 0x1 0 0 0 0x0 6 6 69 0x1 12 12 45 0x0  49 1
242 389 4194 20 0 0 0x1 0 0 0 0x0 5 5 32 0x0 9 9 21 0x1  102 0
244 61 4259 11 0 0 0x1 0 0 0 0x0 6 6 68 0x1 12 12 45 0x0  14 0
246 187 4227 38 0 0 0x1 0 0 0 0x0 6 6 58 0x1 20 20 87 0x0  79 0
248 63 4257 24 0 0 0x1 0 0 0 0x0 2 2 6 0x0 21 21 87 0x0  28 0
250 178 4221 20 0 0 0x1 0 0 0 0x0 6 6 71 0x1 20 20 93 0x1  18 0
252 209 4226 36 0 0 0x1 0 0 0 0x0 4 4 43 0x1 20 20 88 0x1  64 0
254 63 4257 25 0 0 0x1 0 0 0 0x0 8 8 61 0x1 20 20 87 0x1  22 1
256 149 4249 21 0 0 0x1 0 0 0 0x0 7 7 59 0x0 20 20 88 0x1  67 1
258 52 4255 32 0 0 0x1 0 0 0 0x0 2 2 20 0x0 21 21 87 0x1  17 0
260 180 4238 31 0 0 0x1 0 0 0 0x0 6 6 71 0x1 18 18 74 0x0  5 0
262 365 4206 33 0 0 0x1 0 0 0 0x0 6 6 61 0x1 19 19 84 0x1  56 0
264 192 4230 21 0 0 0x1 0 0 0 0x0 5 5 41 0x1 18 18 72 0x0  65 0
266 52 4263 24 0 0 0x1 0 0 0 0x0 7 7 63 0x0 20 20 88 0x0  20 0
268 160 4228 31 0 0 0x1 0 0 0 0x0 3 3 30 0x1 20 20 86 0x0  20 0
270 52 4264 39 0 0 0x1 0 0 0 0x0 5 5 41 0x0 20 20 87 0x0  41 0
272 52 4261 19 0 0 0x1 0 0 0 0x0 7 7 59 0x0 20 20 88 0x0  60 0
274 259 4215 26 0 0 0x1 0 0 0 0x0 3 3 42 0x1 11 11 29 0x1  67 0
276 106 4245 17 0 0 0x1 0 0 0 0x0 7 7 64 0x0 9 9 20 0x1  51 0
278 234 4216 31 0 0 0x1 0 0 0 0x0 4 4 55 0x1 17 17 66 0x0  22 0
280 61 4259 26 0 0 0x1 0 0 0 0x0 6 6 50 0x0 20 20 88 0x0  15 0
282 52 4258 26 0 0 0x1 0 0 0 0x0 6 6 72 0x1 20 20 88 0x0  57 0
284 108 4242 20 0 0 0x1 0 0 0 0x0 5 4 30 0x0 20 20 88 0x0  14 0
286 62 4257 11 0 0 0x1 0 0 0 0x0 6 6 58 0x0 20 20 88 0x0  28 0
288 197 4229 7 0 0 0x1 0 0 0 0x0 6 6 68 0x1 22 22 87 0x0  47 0
290 168 4246 31 0 0 0x1 0 0 0 0x0 4 4 28 0x0 20 20 88 0x0  28 0
292 186 4230 25 0 0 0x1 0 0 0 0x0 6 6 70 0x1 20 20 88 0x0  24 0
294 166 4225 15 0 0 0x1 0 0 0 0x0 4 4 42 0x1 20 20 88 0x0  54 0
296 86 4245 21 0 0 0x1 0 0 0 0x0 7 7 53 0x0 20 20 88 0x0  20 0
298 51 4263 32 0 0 0x1 0 0 0 0x0 6 6 70 0x1 20 20 88 0x0  17 1
300 53 4255 33 0 0 0x1 0 0 0 0x0 5 5 32 0x0 21 21 87 0x0  44 0
302 197 4232 23 0 0 0x1 0 0 0 0x0 6 6 69 0x1 20 20 88 0x0  48 1
304 224 4217 7 0 0 0x1 0 0 0 0x0 6 6 60 0x1 20 20 87 0x0  25 0
306 224 4213 33 0 0 0x1 0 0 0 0x0 5 5 42 0x1 20 20 79 0x0  57 0
308 105 4243 30 0 0 0x1 0 0 0 0x0 7 7 60 0x0 10 10 18 0x0  14 0
310 212 4212 31 0 0 0x1 0 0 0 0x0 4 4 45 0x1 7 7 20 0x1  10 0
312 52 4260 31 0 0 0x1 0 0 0 0x0 7 7 64 0x0 20 20 83 0x0  91 0
314 81 4250 7 0 0 0x1 0 0 0 0x0 6 6 64 0x0 20 20 88 0x0  12 0
316 53 4257 17 0 0 0x1 0 0 0 0x0 4 4 46 0x1 20 20 88 0x0  28 0
318 52 4258 31 0 0 0x1 0 0 0 0x0 7 7 60 0x0 21 21 87 0x0  49 0
320 208 4214 20 0 0 0x1 0 0 0 0x0 5 5 63 0x1 20 20 88 0x0  5 0
322 141 4241 22 0 0 0x1 0 0 0 0x0 6 5 42 0x0 20 20 88 0x0  37 0
324 199 4227 13 0 0 0x1 0 0 0 0x0 6 6 64 0x0 20 20 88 0x0  49 0
326 66 4237 21 0 0 0x1 0 0 0 0x0 5 5 45 0x0 20 20 93 0x1  65 0
328 52 4257 31 0 0 0x1 0 0 0 0x0 6 6 62 0x0 21 21 86 0x0  10 0
330 62 4256 31 0 0 0x1 0 0 0 0x0 6 6 71 0x1 20 20 88 0x0  44 0
332 56 4254 13 0 0 0x1 0 0 0 0x0 4 4 31 0x0 20 20 88 0x0  45 0
334 180 4232 28 0 0 0x1 0 0 0 0x0 6 6 70 0x1 21 21 87 0x0  21 0
336 231 4204 31 0 0 0x1 0 0 0 0x0 5 5 51 0x1 20 20 88 0x0  58 0
338 191 4231 28 0 0 0x1 0 0 0 0x0 6 6 52 0x1 20 20 88 0x0  7 0
340 140 4237 29 0 0 0x1 0 0 0 0x0 7 7 59 0x0 14 14 59 0x1  12 0
342 105 4229 24 0 0 0x1 0 0 0 0x0 3 3 29 0x0 9 9 19 0x1  97 0
344 119 4251 32 0 0 0x1 0 0 0 0x0 6 6 70 0x1 11 11 33 0x0  5 0
346 53 4255 26 0 0 0x1 0 0 0 0x0 7 7 62 0x0 21 21 92 0x1  26 0
348 243 4215 36 0 0 0x1 0 0 0 0x0 3 3 41 0x1 21 21 88 0x0  42 0
350 81 4249 23 0 0 0x1 0 0 0 0x0 7 7 60 0x0 20 20 88 0x0  12 0
352 230 4207 16 0 0 0x1 0 0 0 0x0 4 4 51 0x1 20 20 88 0x0  38 0
354 62 4253 9 0 0 0x1 0 0 0 0x0 6 6 51 0x0 20 20 88 0x0  49 0
356 68 4244 28 0 0 0x1 0 0 0 0x0 6 6 60 0x0 20 20 88 0x0  22 0
358 51 4255 31 0 0 0x1 0 0 0 0x0 4 4 43 0x1 21 21 87 0x0  4 0
360 167 4228 19 0 0 0x1 0 0 0 0x0 7 7 60 0x0 20 20 88 0x0  84 0
362 180 4231 17 0 0 0x1 0 0 0 0x0 6 6 63 0x0 19 19 87 0x1  39 0
364 53 4255 34 0 0 0x1 0 0 0 0x0 4 4 47 0x1 22 22 87 0x0  41 0
366 196 4227 25 0 0 0x1 0 0 0 0x0 7 7 63 0x0 19 19 82 0x0  38 0
368 174 4220 31 0 0 0x1 0 0 0 0x0 4 4 53 0x1 20 20 88 0x0  12 0
370 157 4237 19 0 0 0x1 0 0 0 0x0 7 7 54 0x0 19 19 80 0x0  67 0
372 84 4245 16 0 0 0x1 0 0 0 0x0 4 4 42 0x0 20 20 88 0x0  46 0
374 97 4232 22 0 0 0x1 0 0 0 0x0 4 4 42 0x0 12 12 41 0x0  17 0
376 234 4212 18 0 0 0x1 0 0 0 0x0 6 6 65 0x0 9 9 19 0x0  85 0
# window_from=2  # samples before this mark saw a lit panel
